time,open,high,low,close,volume,funding_rate_8h,funding_rate_24h_sum,funding_rate_3d_sum,funding_zscore,funding_extreme_long,funding_extreme_short,taker_buy_vol,taker_sell_vol,volume_delta,buy_ratio,buy_ratio_ma10,buy_ratio_zscore,cum_delta_3bar,delta_ma,n_trades,delta_price_agree,delta_price_diverge,funding_reversal_long,funding_reversal_short
2023-04-23 12:00:00+00:00,27642.89,27735.25,27311.25,27474.47,5943.17948,1.376e-05,7.234e-05,0.00056287,,0,0,33695.717,36782.805,-3087.0880000000034,0.47809908669764667,0.5001115140393506,,-2857.588000000007,-1015.297400000001,638694,1,0,0,0
2023-04-23 16:00:00+00:00,27474.47,27689.83,27330.0,27465.77,8237.43783,1.376e-05,7.234e-05,0.00056287,,0,0,37119.201,37700.966,-581.7649999999994,0.4961122447107075,0.4980948572257242,,-4994.916000000005,-1695.2000000000007,707730,1,0,0,0
2023-04-23 20:00:00+00:00,27465.78,27650.28,27402.88,27590.6,4786.23771,2.369e-05,7.513e-05,0.0005275799999999999,,0,0,19366.135,18203.256000000005,1162.8789999999935,0.5154764153616437,0.5033765624093915,,-2505.9740000000093,-455.29480000000257,398644,1,0,0,0
2023-04-24 00:00:00+00:00,27590.59,28000.0,27427.3,27790.48,8178.33983,4.679e-05,8.423999999999999e-05,0.0005114,,0,0,50973.948,48597.498,2376.449999999997,0.5119333910245715,0.503580679216457,,2957.563999999991,-291.1174000000028,861111,1,0,0,0
2023-04-24 04:00:00+00:00,27790.49,27800.0,27350.0,27451.97,6200.98667,4.679e-05,8.423999999999999e-05,0.0005114,,0,0,30971.823,34912.568,-3940.744999999999,0.4700934854205452,0.49844334419156244,,-401.41600000000835,-814.0538000000022,815570,1,0,0,0
2023-04-24 08:00:00+00:00,27451.98,27553.24,27157.14,27550.84,10313.90924,4.679e-05,8.423999999999999e-05,0.0005114,,0,0,50079.347,51658.424999999996,-1579.077999999994,0.4922394703119703,0.49637691436894504,-0.10353960763265393,-3143.372999999996,-512.4518000000004,1091509,0,1,0,0
2023-04-24 12:00:00+00:00,27550.83,27720.57,27200.0,27267.05,11420.22805,3.694e-05,0.00010742,0.00044834000000000003,,0,0,65718.442,69477.936,-3759.494000000006,0.4860961733752956,0.4922844993240642,-0.41993009504967915,-9279.317,-1147.9976000000017,1229319,1,0,0,0
2023-04-24 16:00:00+00:00,27267.06,27579.8,26942.82,27383.29,12309.41846,3.694e-05,0.00010742,0.00044834000000000003,,0,0,69773.737,71791.478,-2017.741000000009,0.49287345764988943,0.49534977857197127,-0.10413754657849854,-7356.313000000009,-1784.1216000000022,1178718,0,1,0,0
2023-04-24 20:00:00+00:00,27383.28,27560.73,27320.47,27510.93,4688.68649,2.63e-05,0.00011003,0.00037464000000000003,,0,0,19412.772,17900.293999999998,1512.4780000000028,0.5202674044529066,0.4949915539274132,1.2089244599320212,-4264.757000000012,-1956.916000000001,442193,1,0,0,0
2023-04-25 00:00:00+00:00,27510.93,27590.28,27313.74,27345.72,5310.06861,2.63e-05,0.00011003,0.00037464000000000003,,0,0,20881.788,23025.572999999997,-2143.784999999996,0.47558740776973596,0.49387785367749126,-1.013473989848326,-2649.0480000000025,-1597.5240000000006,486911,1,0,0,0
2023-04-25 04:00:00+00:00,27345.71,27459.58,27240.8,27266.54,5140.31121,5.066e-05,0.0001139,0.0003253,,0,0,22612.31,22670.257,-57.947000000000116,0.4993601621568848,0.49600396122341506,0.18220223652605344,-689.2539999999935,-1293.2978000000016,488757,1,0,0,0
2023-04-25 08:00:00+00:00,27266.54,27443.63,27192.0,27390.96,6631.97649,5.066e-05,0.0001139,0.0003253,,0,0,33962.714,32575.923000000003,1386.7909999999974,0.5104209453523972,0.497434831287584,0.683745280737973,-814.9409999999989,-264.040800000001,663731,1,0,0,0
2023-04-25 12:00:00+00:00,27390.96,27482.71,27199.17,27345.0,8847.60442,6.606e-05,0.00014302,0.00032278,,0,0,37718.71,37246.07200000001,472.63799999999173,0.5031524002831089,0.49620242977973056,0.284552340441768,1801.481999999989,234.03499999999912,763485,0,1,0,0
2023-04-25 16:00:00+00:00,27345.0,27790.19,27316.2,27611.4,10129.47641,6.606e-05,0.00014302,0.00032278,,0,0,60720.239,54665.928,6054.3110000000015,0.5262349948759456,0.49763259016486794,1.375420769085982,7913.739999999991,1142.4015999999988,1014035,1,0,0,0
2023-04-25 20:00:00+00:00,27611.39,28399.99,27611.01,28300.79,16265.70923,8.541e-05,0.00020213000000000002,0.00038729,,0,0,86537.292,75637.70899999999,10899.583000000013,0.5336043870287999,0.5039836803256934,1.6596367976655642,17426.532000000007,3751.0752000000007,1318940,1,0,0,0
2023-04-26 00:00:00+00:00,28300.8,28481.0,28244.62,28309.1,9794.44476,8.541e-05,0.00020213000000000002,0.00038729,,0,0,35820.04,35587.145,232.89500000000407,0.5016307532638348,0.5049228086208799,0.10677640373216313,17186.78900000002,3809.2436000000016,696670,1,0,0,0
2023-04-26 04:00:00+00:00,28309.09,28599.0,28301.05,28376.18,8441.48637,4.346e-05,0.00019493,0.00039307000000000003,,0,0,32747.935,30055.787,2692.148000000001,0.521433029080665,0.5084564941914168,1.0162110853378414,13824.626000000018,4070.3150000000023,590514,1,0,0,0
2023-04-26 08:00:00+00:00,28376.19,29138.83,28371.99,28952.32,21338.25434,4.346e-05,0.00019493,0.00039307000000000003,,0,0,112243.411,101285.014,10958.396999999997,0.5256602768460452,0.5117351761110325,1.1572924009167973,13883.440000000002,6167.466800000004,1597778,1,0,0,0
2023-04-26 12:00:00+00:00,28952.31,30036.0,28952.31,29820.03,29557.57382,1.686e-05,0.00014573,0.00039617,,0,0,160841.354,145477.45799999998,15363.896000000008,0.5250782769423904,0.5122162633599807,1.0746233411128685,29014.441000000006,8029.383800000005,2068769,1,0,0,0
2023-04-26 16:00:00+00:00,29820.02,29900.0,27694.06,27884.24,27955.54863,1.686e-05,0.00014573,0.00039617,,0,0,136859.579,160475.051,-23615.47200000001,0.4602880565913227,0.5106863282421394,-1.922173113694846,2706.8209999999963,1126.3728000000003,1844726,1,0,0,0
2023-04-26 20:00:00+00:00,27884.25,28739.99,27235.0,28415.29,32141.09611,0.0001,0.00016032,0.00047248,,0,0,167948.343,165583.55099999998,2364.792000000016,0.5035450762618822,0.5111048196526392,0.05281573065561226,-5886.783999999985,1552.7522000000026,2167989,1,0,0,0
2023-04-27 00:00:00+00:00,28415.29,29480.5,28378.86,28885.79,22447.76067,0.0001,0.00016032,0.00047248,,0,0,116770.934,115052.08,1718.853999999992,0.5037072548802252,0.510433450605422,0.08037072196348545,-19531.826,1358.0934000000009,1696227,1,0,0,0
2023-04-27 04:00:00+00:00,28885.78,29278.88,28632.25,28893.83,12428.75979,2.518e-05,0.00014204000000000002,0.00045087,,0,0,55127.369,57331.843,-2204.474000000002,0.4901987842489951,0.5091380890020106,-0.6288261412821519,1879.172000000006,-1274.480799999999,1036710,0,1,0,0
2023-04-27 08:00:00+00:00,28893.84,29139.85,28780.45,28934.21,11084.1798,2.518e-05,0.00014204000000000002,0.00045087,,0,0,49216.75,48984.662,232.08800000000338,0.5011816938029364,0.5066327588947097,-0.07109224735568426,-253.53200000000652,-4300.8423999999995,1014384,1,0,0,0
2023-04-27 12:00:00+00:00,28934.21,29555.0,28661.58,29149.73,17936.04093,5.769e-05,0.00018287000000000002,0.00047161999999999996,,0,0,105525.425,101174.056,4351.369000000006,0.5105258343633674,0.5043249036281665,0.41561589908319907,2378.9830000000075,1292.525800000003,1730125,1,0,0,0
2023-04-27 16:00:00+00:00,29149.74,29890.0,29013.44,29673.98,20847.10485,5.769e-05,0.00018287000000000002,0.00047161999999999996,,0,0,106818.673,98005.45599999999,8813.217000000004,0.5215141083304692,0.50631323913483,0.94267750619344,13396.674000000014,2582.2108000000007,1808004,1,0,0,0
2023-04-27 20:00:00+00:00,29673.98,29783.15,29255.53,29472.77,10686.97827,3.265e-05,0.00011552,0.00047797,,0,0,48841.663,49735.827999999994,-894.1649999999936,0.49546465937137724,0.5037164021639011,-0.30680844332104135,12270.421000000017,2059.6070000000036,1054407,1,0,0,0
2023-04-28 00:00:00+00:00,29472.77,29599.54,29330.0,29420.52,9071.8883,3.265e-05,0.00011552,0.00047797,,0,0,39310.451,39385.903000000006,-75.45200000000477,0.49952061311506246,0.5011024357908028,-0.17648571119553505,7843.600000000006,2485.411400000003,831552,1,0,0,0
2023-04-28 04:00:00+00:00,29420.52,29566.92,29396.89,29488.83,7539.59531,0.0001,0.00019034,0.00052731,,0,0,25321.637,24231.100000000002,1090.5369999999966,0.511003801868704,0.4996949882834342,0.4885680764080372,120.91999999999825,2657.101200000002,600687,1,0,0,0
2023-04-28 08:00:00+00:00,29488.83,29495.34,29137.76,29235.36,9546.8493,0.0001,0.00019034,0.00052731,,0,0,41000.878,45709.675,-4708.797000000006,0.47284761290820043,0.500950943915122,-1.5754240763417569,-3693.712000000014,845.0679999999993,887453,1,0,0,0
2023-04-28 12:00:00+00:00,29235.36,29467.36,28891.0,29146.89,16054.08157,0.0001,0.00023265,0.00056125,,0,0,83589.419,86475.87600000002,-2886.457000000024,0.49151368008387597,0.49974780429732135,-0.5996725074547767,-6504.717000000033,-1494.8668000000064,1465744,1,0,0,0
2023-04-28 16:00:00+00:00,29146.88,29437.81,29101.28,29328.53,8039.55295,0.0001,0.00023265,0.00056125,,0,0,46595.081,43398.92800000001,3196.152999999991,0.5177575876189714,0.501152837571196,0.8131409443711299,-4399.101000000039,-676.8032000000094,898026,1,0,0,0
2023-04-28 20:00:00+00:00,29328.53,29429.36,29276.75,29311.7,4046.19835,4.476e-05,0.00024476,0.0005206000000000001,,0,0,16064.38,17266.827000000005,-1202.4470000000056,0.481962144365189,0.5003291735828153,-1.0844297171718558,-892.7510000000384,-902.2022000000095,414891,1,0,0,0
2023-04-29 00:00:00+00:00,29311.69,29400.0,29195.58,29345.74,4266.76284,4.476e-05,0.00024476,0.0005206000000000001,,0,0,19558.598,20218.024,-659.4259999999995,0.49171088485090564,0.4993820926876123,-0.5175276884494314,1334.279999999986,-1252.1948000000089,428721,0,1,0,0
2023-04-29 04:00:00+00:00,29345.75,29448.88,29289.44,29345.54,3485.37764,3.7e-07,0.00014513000000000001,0.00047751,,0,0,18606.354,18323.179000000004,283.17499999999563,0.503833991077006,0.49871290835897614,0.08582178224974525,-1578.6980000000094,-253.80040000000844,389034,0,1,0,0
2023-04-29 08:00:00+00:00,29345.54,29360.0,29234.39,29332.11,3230.99493,3.7e-07,0.00014513000000000001,0.00047751,,0,0,17354.271,17710.519999999997,-356.24899999999616,0.4949201322774176,0.49605351075367093,-0.4327014284783646,-732.5,252.24119999999712,368519,1,0,0,0
2023-04-29 12:00:00+00:00,29332.11,29393.39,29210.24,29271.21,3619.27524,6.751e-05,0.00011263999999999999,0.00052816,0.43587654651045266,0,0,18531.041,20223.312,-1692.2710000000006,0.4781666978158557,0.4943237145981188,-1.3581462519257068,-1765.3450000000012,-725.4436000000012,414861,1,0,0,0
2023-04-29 16:00:00+00:00,29271.21,29309.05,29031.0,29240.67,3877.98484,6.751e-05,0.00011263999999999999,0.00052816,0.43587654651045266,0,0,22948.521,24716.801,-1768.2799999999988,0.4814510851306113,0.49251676179967374,-1.129810704450606,-3816.7999999999956,-838.6101999999998,459317,1,0,0,0
2023-04-29 20:00:00+00:00,29240.68,29265.0,29138.25,29230.45,1986.43509,7.826e-05,0.00014614,0.00050642,0.7229123743164412,0,0,9972.193,9850.43,121.76299999999901,0.5030713140233762,0.49172351301514095,0.10531229196294788,-3338.7880000000005,-682.3724000000002,265946,0,1,0,0
2023-04-30 00:00:00+00:00,29230.45,29230.49,29079.59,29178.87,2342.26797,7.826e-05,0.00014614,0.00050642,0.7229123743164412,0,0,12171.364,13273.210000000001,-1101.8460000000014,0.4783481146117832,0.4922735631854992,-1.3096680475120972,-2748.363000000001,-959.3765999999996,276293,1,0,0,0
2023-04-30 04:00:00+00:00,29178.88,29295.96,29171.22,29266.43,2111.33452,3.132e-05,0.00017709,0.00051256,-0.7651311507326147,0,0,13019.896,11428.148000000001,1591.7479999999996,0.5325536881396319,0.49637756399107485,1.6359732106983425,611.6649999999972,-569.7772000000004,268803,1,0,0,0
2023-04-30 08:00:00+00:00,29266.43,29348.31,29160.53,29197.01,2785.88414,3.501e-05,0.00014459,0.00048988,-0.6404695047847768,0,0,16554.129,16764.841999999997,-210.7129999999961,0.49683794256431274,0.4942855994856089,-0.2783965088730019,279.1890000000021,-273.46559999999954,357056,1,0,0,0
2023-04-30 12:00:00+00:00,29197.02,29969.39,29182.74,29655.18,12772.70758,3.501e-05,0.00014459,0.00048988,-0.6404695047847768,0,0,76180.336,66221.143,9959.193,0.5349687133516359,0.4995862563842536,1.6510157725470023,11340.228000000003,2072.029,1082083,1,0,0,0
2023-04-30 16:00:00+00:00,29655.18,29870.22,29211.28,29361.13,12470.01847,3.501e-05,0.00014459,0.00048988,-0.6404695047847768,0,0,55070.563,61948.685999999994,-6878.122999999992,0.47061114706008755,0.4974762826051718,-1.549914542257755,2870.357000000011,672.0518000000018,1094720,1,0,0,0
2023-04-30 20:00:00+00:00,29361.13,29486.5,29160.96,29233.21,7270.32452,6.078e-05,0.00012711,0.00051801,0.20898482193189621,0,0,36541.144,38625.384999999995,-2084.2409999999945,0.4861358437875986,0.495706467876231,-0.7111304286899909,996.8290000000125,475.5728000000032,752460,1,0,0,0
2023-05-01 00:00:00+00:00,29233.2,29337.34,28369.95,28561.06,15966.85068,6.078e-05,0.00012711,0.00051801,0.20898482193189621,0,0,65979.782,77446.848,-11467.065999999992,0.4600246272257809,0.49221691737106743,-1.8866679890162545,-20429.42999999998,-2136.189999999995,1134881,1,0,0,0
2023-05-01 04:00:00+00:00,28561.07,28713.94,28250.15,28629.09,8593.24272,2.435e-05,0.00012014,0.00044236,-0.9380671143170427,0,0,38402.058,39589.18,-1187.122000000003,0.4923893886644035,0.4936391864559222,-0.24465737200850968,-14738.42899999999,-2331.4717999999966,759689,0,1,0,0
2023-05-01 08:00:00+00:00,28629.08,28670.1,28487.42,28523.86,4839.78726,2.435e-05,0.00012014,0.00044236,-0.9380671143170427,0,0,19139.684,20322.299999999996,-1182.6159999999945,0.4850157559234731,0.4939956535352083,-0.5672557934247351,-13836.80399999999,-4559.833599999995,468197,1,0,0,0
2023-05-01 12:00:00+00:00,28523.85,28629.42,28075.36,28170.64,12056.92682,-6.37e-05,2.142999999999999e-05,0.00027865999999999996,-3.080327652259775,0,0,61522.478,68657.148,-7134.669999999998,0.47259682555855553,0.49094820468872624,-1.1467490715977275,-9504.407999999996,-4611.142999999996,1191132,1,0,0,1
2023-05-01 16:00:00+00:00,28170.64,28410.95,27799.99,27843.36,14168.83144,-6.37e-05,2.142999999999999e-05,0.00027865999999999996,-3.080327652259775,0,0,71914.333,76967.86700000001,-5053.534000000014,0.4830284144108563,0.4914162346686336,-0.6661712324544962,-13370.820000000007,-5205.0016000000005,1265679,1,0,0,1
2023-05-01 20:00:00+00:00,27843.35,28159.26,27666.95,28068.26,8808.02066,5.66e-06,-3.369000000000001e-05,0.00023956,-1.094023624337524,0,0,43003.182,42029.628,973.5540000000037,0.5057245785479746,0.4887333237094678,0.6040654608731573,-11214.650000000009,-2716.877600000001,931721,1,0,0,0
2023-05-02 00:00:00+00:00,28068.26,28145.6,27918.49,28043.76,5134.45129,5.66e-06,-3.369000000000001e-05,0.00023956,-1.094023624337524,0,0,21607.092,22733.997999999996,-1126.9059999999954,0.48729275712437387,0.487778805165474,-0.3994736121492556,-5206.886000000006,-2704.8343999999997,561464,1,0,0,0
2023-05-02 04:00:00+00:00,28043.75,28164.55,27872.0,28057.47,4237.79005,9.68e-06,-4.8360000000000005e-05,0.00024887,-0.923511573958881,0,0,20180.677,19687.579999999998,493.0970000000016,0.5061840802320503,0.4849003418535154,0.6277303676646538,339.7450000000099,-2369.6918000000005,467812,1,0,0,0
2023-05-02 08:00:00+00:00,28057.47,28133.33,27939.4,28084.83,5040.42695,9.68e-06,-4.8360000000000005e-05,0.00024887,-0.923511573958881,0,0,19490.245,19686.488999999998,-196.24399999999878,0.4974954012246146,0.487588767269968,0.14984685422690014,-830.0529999999926,-982.0066000000006,463321,0,1,0,0
2023-05-02 12:00:00+00:00,28084.83,28767.08,27910.0,28540.68,20134.60393,6.135e-05,7.669e-05,0.00024270999999999999,0.5834448376513517,0,0,119221.056,112349.60600000001,6871.4499999999825,0.5148366160476753,0.4904588444959758,1.1024435459282675,7168.302999999985,1402.9901999999988,1757441,1,0,0,0
2023-05-02 16:00:00+00:00,28540.69,28879.88,28431.48,28686.14,10323.68451,1.204e-05,8.307e-05,0.00017648999999999999,-0.8384126108264306,0,0,55341.002,54792.818999999996,548.1830000000045,0.5024887132536698,0.4947052530987647,0.4695156499177592,7223.388999999988,1317.9159999999988,1182233,1,0,0,0
2023-05-02 20:00:00+00:00,28686.13,28815.43,28616.08,28669.86,5953.56567,1.204e-05,8.307e-05,0.00017648999999999999,-0.8384126108264306,0,0,25406.252,23049.453,2356.798999999999,0.524319107523046,0.497898224984629,1.5925523795294299,9776.431999999986,2014.6569999999979,622012,0,1,0,0
2023-05-03 00:00:00+00:00,28669.85,28689.35,28336.3,28520.9,6054.38189,1.204e-05,8.307e-05,0.00017648999999999999,-0.8384126108264306,0,0,28262.736,29845.887,-1583.150999999998,0.4863776586135934,0.4980344152536409,-0.4633549225163833,1321.8310000000056,1599.4073999999978,614950,1,0,0,0
2023-05-03 04:00:00+00:00,28520.89,28680.0,28427.56,28653.8,5308.0261,8.568e-05,0.00015907,0.00023085,1.2130117236819373,0,0,22897.909,21279.523,1618.3859999999986,0.5183168863233155,0.5026064213301169,1.2518358313768294,2392.0339999999997,1962.3333999999973,503606,1,0,0,0
2023-05-03 08:00:00+00:00,28653.81,28767.93,28526.18,28543.74,6103.80959,8.568e-05,0.00015907,0.00023085,1.2130117236819373,0,0,25493.409,26787.796000000002,-1294.3870000000024,0.48762091462888046,0.5030656713519195,-0.4392225667388112,-1259.1520000000019,329.16600000000034,602950,1,0,0,0
2023-05-03 12:00:00+00:00,28543.73,28583.33,28113.69,28311.51,13681.91671,5.435e-05,0.00015207,0.00025019,0.29542681366931556,0,0,65789.969,69281.96800000001,-3491.9990000000107,0.4870735584401962,0.5012005693411415,-0.4599168865465117,-3168.0000000000146,-478.8704000000027,1331715,1,0,0,0
2023-05-03 16:00:00+00:00,28311.52,28800.0,28211.08,28322.98,19116.3162,5.435e-05,0.00015207,0.00025019,0.29542681366931556,0,0,116584.721,113124.472,3460.2490000000107,0.5075318034833721,0.5032244739770414,0.6968676970673686,-1326.1370000000024,-258.18040000000036,1901574,1,0,0,0
2023-05-03 20:00:00+00:00,28322.97,29266.66,28285.19,29026.16,14351.34164,5.701e-05,0.00019704,0.00024642,0.34085137850156316,0,0,83437.08,73680.76,9756.320000000007,0.5310477791700803,0.5057108438708443,1.8230893340715024,9724.570000000007,2009.7138000000007,1422637,1,0,0,0
2023-05-04 00:00:00+00:00,29026.16,29195.94,28950.98,29096.86,6023.39211,0.0001,0.00021136,0.00032207000000000004,1.4597476767006066,0,0,25527.189,23300.493000000002,2226.6959999999963,0.5228015739104714,0.50824146113943,1.291403807891427,15443.265000000014,2131.3758000000003,635406,1,0,0,0
2023-05-04 04:00:00+00:00,29096.85,29237.73,29038.31,29058.19,5854.55975,0.0001,0.00021136,0.00032207000000000004,1.4597476767006066,0,0,25350.877,24990.593999999997,360.2830000000031,0.5035783916604265,0.5071156387007052,0.30018815569438845,12343.299000000006,2462.3098000000014,633475,0,1,0,0
2023-05-04 08:00:00+00:00,29058.2,29379.83,28982.58,29154.66,6802.18312,9.992e-05,0.00025693000000000005,0.00048569,1.3550584913480317,0,0,40117.236,37972.487,2144.748999999996,0.5137325944926197,0.5082400268246001,0.7833344623854572,4731.7279999999955,3589.6594000000027,833320,1,0,0,0
2023-05-04 12:00:00+00:00,29154.65,29232.87,28663.64,28866.19,13921.52127,9.992e-05,0.00025693000000000005,0.00048569,1.3550584913480317,0,0,68765.091,77169.659,-8404.568,0.4712043635940035,0.5029285524316959,-1.3559181188945848,-5899.536,1216.6960000000006,1396474,1,0,0,0
2023-05-04 16:00:00+00:00,28866.2,28972.92,28673.59,28895.12,6804.94862,9.992e-05,0.00025693000000000005,0.00048569,1.3550584913480317,0,0,36441.984,37348.985,-907.0010000000038,0.493854254712389,0.5036762120415755,-0.23998811244876642,-7166.820000000007,-915.9682000000015,865374,0,1,0,0
2023-05-04 20:00:00+00:00,28895.31,28920.0,28748.0,28838.16,3168.87014,4.314e-05,0.00024306000000000002,0.00052317,-0.17052320883493327,0,0,14424.26,15016.729000000001,-592.469000000001,0.48993802484013016,0.5008383258932569,-0.4161558457266948,-9904.038000000004,-1479.801200000001,378870,1,0,0,0
2023-05-05 00:00:00+00:00,28838.16,29531.0,28819.77,29198.23,11947.31875,4.314e-05,0.00024306000000000002,0.00052317,-0.17052320883493327,0,0,60323.395,54703.64400000001,5619.750999999989,0.5244279564563945,0.5045190300760083,1.2450763980428985,4120.2809999999845,-427.90760000000375,1023888,1,0,0,0
2023-05-05 04:00:00+00:00,29198.22,29275.0,29029.87,29062.29,7022.92515,3.731e-05,0.00018037,0.0005508,-0.31400919891806867,0,0,25739.251,26982.698,-1243.4470000000001,0.4882075015853454,0.5046324243905232,-0.5257154908244036,3783.834999999988,-1105.546800000003,606973,1,0,0,0
2023-05-05 08:00:00+00:00,29062.29,29195.97,29022.27,29149.36,5306.30763,9.909e-05,0.00017954,0.00058854,1.2725546149941485,0,0,22561.44,21544.117000000002,1017.3229999999967,0.5115328211363479,0.5050325261558208,0.6716257606803623,5393.626999999986,778.8313999999962,533709,1,0,0,0
2023-05-05 12:00:00+00:00,29149.36,29439.99,28800.0,29356.45,16673.08266,9.909e-05,0.00017954,0.00058854,1.2725546149941485,0,0,97000.79,95645.129,1355.6609999999928,0.5035185302835301,0.5022796012671659,0.32887765027390314,1129.5369999999893,1231.3637999999955,1587088,1,0,0,0
2023-05-05 16:00:00+00:00,29356.44,29677.0,29315.78,29561.66,13062.47594,8.548e-05,0.00022188,0.0006619800000000001,0.9183947984717699,0,0,69366.399,63836.87599999999,5529.523000000016,0.5207559573891859,0.5020750396150373,1.2166825651343165,7902.507000000005,2455.7621999999988,1229299,1,0,0,0
2023-05-05 20:00:00+00:00,29561.66,29650.0,29450.69,29505.61,4403.72035,8.548e-05,0.00022188,0.0006619800000000001,0.9183947984717699,0,0,20395.392,20386.046000000002,9.34599999999773,0.5001145864449409,0.5017286590934887,0.019869793564660572,6894.530000000006,1333.6812000000004,489437,0,1,0,0
2023-05-06 00:00:00+00:00,29505.6,29820.0,29337.83,29353.61,8317.65484,8.548e-05,0.00022188,0.0006619800000000001,0.9183947984717699,0,0,39239.019,37749.613,1489.4060000000027,0.5096728956036003,0.5013226892045868,0.5209163056818018,7028.275000000016,1880.2518000000011,753579,0,1,0,0
2023-05-06 04:00:00+00:00,29353.62,29437.01,29250.65,29363.35,4244.22179,0.0001,0.00028457,0.0006763,1.2144780086300548,0,0,20681.226,22046.888000000003,-1365.662000000004,0.48401916358863856,0.5026041692040504,-1.0653188100992754,133.0899999999965,1403.654800000001,452975,0,1,0,0
2023-05-06 08:00:00+00:00,29363.34,29367.2,29132.14,29266.15,7223.00274,0.0001,0.00028548,0.0007219500000000001,1.1339191194328446,0,0,28171.908,29883.554,-1711.6460000000006,0.4852585274405361,0.501744596476865,-0.9892343482451487,-1587.9020000000019,790.1934000000023,592635,1,0,0,0
2023-05-06 12:00:00+00:00,29266.16,29267.24,28300.0,28576.61,17920.04251,0.0001,0.00028548,0.0007219500000000001,1.1339191194328446,0,0,83614.73,98057.634,-14442.90400000001,0.4602501346875191,0.4987758074616039,-2.387899018090197,-17520.212000000014,-3204.2920000000026,1483301,1,0,0,0
2023-05-06 16:00:00+00:00,28576.62,28964.68,28535.26,28842.82,7823.22553,0.0001,0.00030000000000000003,0.0007649400000000001,1.1339191194328446,0,0,39549.441,37661.090000000004,1888.350999999995,0.5122285844660232,0.49755587026256676,0.6280907327376114,-14266.199000000015,-2828.491000000003,757130,1,0,0,0
2023-05-06 20:00:00+00:00,28842.82,28880.49,28642.0,28848.2,3721.13718,0.0001,0.00030000000000000003,0.0007649400000000001,1.1339191194328446,0,0,19108.004,19865.794,-757.7900000000009,0.49027821204389677,0.49776294130842186,-0.6480637393896038,-13312.343000000015,-3277.930200000004,494390,0,1,0,0
2023-05-07 00:00:00+00:00,28848.19,29138.29,28744.08,28798.56,6222.87665,4.321e-05,0.00024321000000000002,0.0007081500000000001,-0.3093252787129135,0,0,31650.664,31692.897,-42.233000000000175,0.49966663541381895,0.4965763227361689,-0.11679229061811339,1088.327999999994,-3013.244400000003,669511,1,0,0,0
2023-05-07 04:00:00+00:00,28798.57,28952.56,28787.02,28910.41,3568.17865,4.321e-05,0.00024321000000000002,0.0007081500000000001,-0.3093252787129135,0,0,14293.474,13468.215999999999,825.2580000000016,0.5148632522011448,0.4977107949279304,0.7713289571517371,25.235000000000582,-2505.863600000003,364457,1,0,0,0
2023-05-07 08:00:00+00:00,28910.42,28960.03,28705.12,28840.06,4273.23723,4.047e-05,0.00018368,0.0006487,-0.36331318838945914,0,0,21628.768,22910.780000000002,-1282.0120000000024,0.4856081610886576,0.49419601529787754,-0.9322282343428865,-498.987000000001,126.31479999999866,524979,1,0,0,0
2023-05-07 12:00:00+00:00,28840.07,29095.88,28840.0,28942.67,5289.32095,4.047e-05,0.00018368,0.0006487,-0.36331318838945914,0,0,29993.733,29002.457000000002,991.275999999998,0.5084011865850998,0.49502467531189354,0.42035089466523734,534.5219999999972,-53.10020000000077,680068,1,0,0,0
2023-05-07 16:00:00+00:00,28942.66,29029.11,28770.69,28907.73,4257.69952,4.047e-05,0.00018368,0.0006487,-0.36331318838945914,0,0,22582.275,24230.699999999997,-1648.4249999999956,0.48239350308327983,0.49229673605986146,-1.0557862986756703,-1939.161,-231.22719999999973,528344,1,0,0,0
2023-05-07 20:00:00+00:00,28907.73,28952.87,28395.23,28430.1,6392.09728,6.046e-05,0.00014414,0.00066602,0.11873180014175626,0,0,30732.895,36223.784,-5490.888999999999,0.4589967044213767,0.48979449014313525,-2.1600259261013273,-6148.037999999997,-1320.9583999999995,677902,1,0,0,0
2023-05-08 00:00:00+00:00,28430.09,28631.01,28004.23,28199.71,14859.1196,7.2e-06,0.00010813,0.00063591,-1.1534818693763103,0,0,67793.81,75043.54200000002,-7249.732000000018,0.47462242229189455,0.48873087962827116,-1.256103856664416,-14389.046000000013,-2935.9564000000037,1151771,1,0,0,0
2023-05-08 04:00:00+00:00,28199.72,28262.19,27830.85,27975.48,8390.05014,7.2e-06,0.00010813,0.00063591,-1.1534818693763103,0,0,37347.869,45006.282,-7658.4130000000005,0.4535031755715629,0.4880561837166755,-2.1264965659927273,-20399.034000000018,-4211.236600000003,764478,1,0,0,0
2023-05-08 08:00:00+00:00,27975.47,27989.11,27577.01,27934.09,12536.98963,7.2e-06,0.00010813,0.00063591,-1.1534818693763103,0,0,52961.667,56018.61,-3056.9429999999993,0.4859747878967127,0.4854308040597444,-0.49404625372772737,-17965.088000000018,-5020.880400000003,1047285,1,0,0,0
2023-05-08 12:00:00+00:00,27934.09,28082.14,27669.5,27887.58,11265.19598,4.07e-06,7.173e-05,0.0005408899999999999,-1.1540843012280098,0,0,55092.029,55029.483,62.546000000002095,0.5002839862932503,0.4864313814846798,0.2013845038454281,-10652.809999999998,-4678.686200000003,1081715,0,1,0,0
2023-05-08 16:00:00+00:00,27887.58,27930.21,27289.39,27340.72,15387.57351,4.07e-06,7.173e-05,0.0005408899999999999,-1.1540843012280098,0,0,70277.802,78359.718,-8081.915999999997,0.4728133381127457,0.48374605175457247,-1.1023625534287202,-11076.312999999995,-5196.891600000003,1411742,1,0,0,0
2023-05-08 20:00:00+00:00,27340.72,27699.8,27262.0,27668.79,5805.43293,3.902e-05,5.029e-05,0.00049443,-0.2609745563034068,0,0,34006.293,31251.672,2754.620999999999,0.5211056305540634,0.4843702895898644,1.3360191761225848,-5264.748999999996,-3196.0209999999993,751736,1,0,0,0
2023-05-09 00:00:00+00:00,27668.8,27749.34,27534.55,27629.34,6065.10248,3.902e-05,5.029e-05,0.00049443,-0.2609745563034068,0,0,23075.053,22981.025999999998,94.02700000000186,0.501020788156977,0.4859115522966963,0.3659077962170727,-5233.267999999996,-1645.5329999999988,583578,0,1,0,0
2023-05-09 04:00:00+00:00,27629.35,27673.72,27437.32,27666.64,6284.15386,5.11e-05,9.419e-05,0.00044552999999999997,0.002811388590343534,0,0,23864.885,23695.217,169.66799999999785,0.5017837219945407,0.4852498058376404,0.409769767181753,3018.315999999999,-1000.2107999999993,617808,1,0,0,0
2023-05-09 08:00:00+00:00,27666.63,27728.99,27517.7,27678.31,6095.98208,6.841e-05,0.00015853,0.00041394,0.4538634179272382,0,0,21611.166,20700.990999999998,910.1750000000029,0.5107554786204825,0.48808600339136066,0.8920274316549747,1173.8700000000026,-830.6849999999991,569629,1,0,0,0
2023-05-09 12:00:00+00:00,27678.31,27818.0,27370.01,27400.39,10521.56892,6.841e-05,0.00015853,0.00041394,0.4538634179272382,0,0,57339.016,61949.91,-4610.894,0.48067341976069095,0.49025367492529204,-0.7290409407992876,-3531.0509999999995,-136.4805999999997,1229360,1,0,0,0
2023-05-09 16:00:00+00:00,27400.39,27750.0,27353.0,27716.32,7606.46136,3.78e-06,0.00012329000000000002,0.00031772,-1.150833984225837,0,0,41960.465,36783.65400000001,5176.810999999987,0.5328710960624246,0.49607854230234505,1.8796672340589067,1476.0919999999896,347.95739999999785,849190,1,0,0,0
2023-05-09 20:00:00+00:00,27716.32,27775.18,27521.49,27628.27,3540.04199,3.78e-06,0.00012329000000000002,0.00031772,-1.150833984225837,0,0,16538.816,17164.487,-625.6710000000021,0.490717957228109,0.49980002046799976,-0.24294048655061384,-59.75400000001537,204.01779999999707,428251,1,0,0,0
2023-05-10 00:00:00+00:00,27628.28,27849.94,27620.19,27685.29,5494.08267,3.78e-06,0.00012329000000000002,0.00031772,-1.150833984225837,0,0,24333.913,22984.243000000002,1349.6699999999983,0.5142616504328698,0.5026287067216154,0.980398311912174,5900.809999999983,440.01819999999714,534745,1,0,0,0
2023-05-10 04:00:00+00:00,27685.29,27720.97,27529.88,27542.26,4166.55679,3.752e-05,0.00010971,0.00031203000000000003,-0.28922680693050407,0,0,15003.402,17307.012000000002,-2303.6100000000024,0.4643518959552793,0.49903549768781835,-1.4875483183097056,-1579.6110000000062,-202.7388000000039,396120,1,0,0,0
2023-05-10 08:00:00+00:00,27542.26,27679.1,27474.91,27677.09,4341.29032,3.752e-05,0.00010971,0.00031203000000000003,-0.28922680693050407,0,0,20945.282,18934.379999999997,2010.9020000000019,0.5252121244156984,0.5042753763181136,1.4622495159795166,1056.9619999999977,1121.6203999999966,496001,1,0,0,0
2023-05-10 12:00:00+00:00,27677.08,28331.42,27635.81,28153.2,20173.02813,4.785e-05,8.915e-05,0.00031941,-0.034194885338589,0,0,110492.479,103457.60099999998,7034.878000000026,0.5164404659255094,0.5038088598552581,1.0034774743104082,6742.1700000000255,1493.2338000000043,1903314,1,0,0,0
2023-05-10 16:00:00+00:00,28153.21,28299.15,26777.0,27692.26,27681.52219,3.792e-05,0.00012329000000000002,0.00029687,-0.2709960816774516,0,0,137910.131,151703.789,-13793.657999999996,0.4761861273795127,0.5013253937775117,-0.8480479227120218,-4747.877999999968,-1140.3635999999944,2331353,1,0,0,0
2023-05-10 20:00:00+00:00,27692.27,27982.23,27219.0,27598.75,9298.63345,3.792e-05,0.00012329000000000002,0.00029687,-0.2709960816774516,0,0,49154.804,50275.64000000001,-1120.8360000000102,0.494363718218939,0.5005833933999515,0.035877359265123275,-7879.61599999998,-1634.464799999996,1005888,1,0,0,0
2023-05-11 00:00:00+00:00,27598.74,27622.68,27367.76,27446.9,5751.34688,3.792e-05,0.00012329000000000002,0.00029687,-0.2709960816774516,0,0,27204.925,29674.532000000003,-2469.6070000000036,0.4782908704631269,0.49733693258421596,-0.6898699293974513,-17384.10100000001,-1667.6641999999963,657256,1,0,0,0
2023-05-11 04:00:00+00:00,27446.9,27553.21,27395.88,27450.07,4068.24392,1.596e-05,0.00010173,0.00030563,-0.8264830832640436,0,0,19757.605,19434.668999999998,322.9360000000015,0.5041198936300558,0.49968157997115253,0.5243826735708288,-3267.5070000000123,-2005.2573999999963,507051,1,0,0,0
2023-05-11 08:00:00+00:00,27450.07,27490.29,27257.98,27405.61,5364.94429,6.926e-05,0.00012314,0.00037082,0.5082259377283941,0,0,27016.693,28258.321000000004,-1241.6280000000042,0.488768632424046,0.4952713336073146,-0.22176291752774946,-3388.2990000000063,-3660.5586000000026,640054,1,0,0,0
2023-05-11 12:00:00+00:00,27405.62,27630.14,26952.0,27179.42,14153.77268,6.926e-05,0.00012314,0.00037082,0.5082259377283941,0,0,91361.104,95905.45099999999,-4544.34699999998,0.48786663480833514,0.4949862013653372,-0.3243527701607004,-5463.0389999999825,-1810.6963999999994,1740964,1,0,0,0
2023-05-11 16:00:00+00:00,27179.43,27219.52,26702.05,26843.05,13568.21685,6.926e-05,0.00012314,0.00037082,0.5082259377283941,0,0,70334.441,76374.30199999998,-6039.860999999975,0.4794154701468611,0.4915015833367364,-0.7006487832522522,-11825.83599999996,-2794.5013999999924,1463913,1,0,0,0
2023-05-11 20:00:00+00:00,26843.06,27060.47,26807.22,26968.62,4728.78903,5.207e-05,0.00013729,0.00038387,-0.06453717754974186,0,0,27390.346,26109.974,1280.372000000003,0.5119660218854766,0.49626299592975603,0.9054505842057999,-9303.835999999952,-2044.5055999999909,652333,1,0,0,0
2023-05-12 00:00:00+00:00,26968.61,27091.12,26528.01,26584.32,9615.45856,5.207e-05,0.00013729,0.00038387,-0.06453717754974186,0,0,42437.631,48374.684,-5937.053,0.4673114103522193,0.4904729245234082,-1.2456742679125326,-10696.541999999972,-3296.5033999999914,905511,1,0,0,0
2023-05-12 04:00:00+00:00,26584.33,26710.0,26120.74,26311.52,15964.27071,3.633e-05,0.00015766,0.0003691,-0.6080377902072667,0,0,61228.159,70466.526,-9238.366999999998,0.4649250575298464,0.4853213836838419,-1.2699827728860082,-13895.047999999995,-4895.85119999999,1203311,1,0,0,0
2023-05-12 08:00:00+00:00,26311.51,26437.0,26234.79,26348.01,6428.01795,3.633e-05,0.00015766,0.0003691,-0.6080377902072667,0,0,27416.264,27562.427,-146.16300000000047,0.49867073044718363,0.48756984399060893,0.3418094577968454,-15321.582999999999,-4016.2143999999944,698087,0,1,0,0
2023-05-12 12:00:00+00:00,26348.02,26614.67,26271.65,26320.84,10467.89536,3.964e-05,0.00012804,0.00034033,-0.47511034622413256,0,0,49921.536,48941.227000000006,980.3089999999938,0.5049579283961545,0.48862926500833054,0.6541438630531626,-8404.221000000005,-2612.1804,1131084,0,1,0,0
2023-05-12 16:00:00+00:00,26320.83,26500.0,25811.46,26459.62,13923.67108,3.964e-05,0.00012804,0.00034033,-0.47511034622413256,0,0,64055.485,68168.672,-4113.187000000005,0.48444615910842975,0.48924479387286085,-0.34572753581690174,-3279.041000000012,-3690.892200000002,1194858,0,1,0,0
2023-05-12 20:00:00+00:00,26459.63,26894.9,26360.85,26795.01,10808.62128,2.762e-05,0.00010358999999999999,0.00036417000000000003,-0.9000097721767714,0,0,55489.334,51583.562999999995,3905.771000000008,0.5182388405910041,0.4906566885689556,1.2249431904715895,772.8929999999964,-1722.3274000000006,1098367,1,0,0,0
2023-05-13 00:00:00+00:00,26795.01,26983.98,26692.03,26808.27,5326.73837,-1e-07,6.716e-05,0.00032655000000000005,-1.6670985680325079,0,0,29622.92,27030.147000000004,2592.7729999999938,0.5228829005850645,0.49406811538505746,1.3512274578809054,2385.3569999999963,643.9005999999979,601006,1,0,0,0
2023-05-13 04:00:00+00:00,26808.27,26870.19,26695.41,26771.88,3324.74278,-1e-07,6.716e-05,0.00032655000000000005,-1.6670985680325079,0,0,15359.269,16711.027,-1351.757999999998,0.4789250775858134,0.4931739596628053,-0.8868579684857231,5146.786000000004,402.78159999999843,388111,1,0,0,0
2023-05-13 08:00:00+00:00,26771.87,26877.0,26746.53,26823.94,2880.66763,5.385e-05,8.137e-05,0.00033255,0.0618448577600808,0,0,14300.528,13556.519999999999,744.0080000000016,0.5133540352157917,0.49656781616969836,0.8483643620710156,1985.0229999999974,355.52139999999997,376205,1,0,0,0
2023-05-13 12:00:00+00:00,26823.93,26904.98,26736.0,26816.25,3969.69792,5.385e-05,8.137e-05,0.00033255,0.0618448577600808,0,0,21011.198,19706.103,1305.0950000000012,0.5160262955543149,0.4969738435365823,0.9442239296158487,697.3450000000048,1439.1778000000013,483340,0,1,0,0
2023-05-13 16:00:00+00:00,26816.25,27045.45,26757.32,26837.94,4607.2156,5.385e-05,8.137e-05,0.00033255,0.0618448577600808,0,0,28339.795,25944.722,2395.0729999999967,0.5220603694419902,0.5024487394455593,1.1713306057457114,4444.1759999999995,1137.038199999999,583364,1,0,0,0
2023-05-13 20:00:00+00:00,26837.93,26939.4,26750.0,26775.28,2705.84191,4.494e-05,9.869e-05,0.00033957,-0.21066055870719924,0,0,14245.032,16867.668,-2622.6360000000022,0.4578526453827536,0.50174149823085,-1.9022157738438124,1077.5319999999956,93.95639999999985,420689,1,0,0,0
2023-05-14 00:00:00+00:00,26775.27,26874.42,26560.53,26865.03,4054.69409,4.494e-05,9.869e-05,0.00033957,-0.21066055870719924,0,0,24888.263,22663.434,2224.828999999998,0.5233937918135708,0.5042138043674889,1.2170921061447946,1997.2659999999923,809.273799999999,530905,1,0,0,0
2023-05-14 04:00:00+00:00,26865.04,26898.87,26793.53,26855.21,1996.19316,1.715e-05,0.00011594,0.00034076,-1.038277005329661,0,0,9713.179,10602.394,-889.2150000000001,0.47811494167553137,0.5015295056954264,-0.8788335783685195,-1287.0220000000045,482.62919999999866,285684,1,0,0,0
2023-05-14 08:00:00+00:00,26855.22,26886.73,26790.02,26805.98,2360.00891,1.715e-05,0.00011594,0.00034076,-1.038277005329661,0,0,8478.215,9704.762999999999,-1226.5479999999989,0.4662720815039209,0.49971209793497556,-1.3294477848786825,109.0659999999989,-23.699400000001333,238939,1,0,0,0
2023-05-14 12:00:00+00:00,26805.97,27200.0,26744.7,27082.02,6476.4122,3.039e-05,9.248e-05,0.00030188999999999997,-0.5529097481613497,0,0,45834.57,40464.365,5370.205000000002,0.5311139702940715,0.5009996109052823,1.498946424895627,3254.4420000000027,571.3269999999997,838114,1,0,0,0
2023-05-14 16:00:00+00:00,27082.01,27135.04,26827.23,26878.97,4269.87056,3.039e-05,9.248e-05,0.00030188999999999997,-0.5529097481613497,0,0,26171.592,27607.524999999998,-1435.9329999999973,0.4866497157251578,0.49737629241929165,-0.4107783311915917,2707.7240000000056,808.6676000000007,631321,1,0,0,0
2023-05-14 20:00:00+00:00,26878.96,26961.55,26842.57,26917.62,2437.62468,3.537e-05,8.291e-05,0.00028519,-0.3715752300261635,0,0,11287.818,10163.309000000001,1124.5089999999982,0.5262109538580421,0.5021048800465145,1.3148420941699992,5058.781000000003,588.6036000000007,321856,1,0,0,0
2023-05-15 00:00:00+00:00,26917.61,27290.93,26726.0,27232.8,8804.15424,3.537e-05,8.291e-05,0.00028519,-0.3715752300261635,0,0,51541.392,48593.218,2948.173999999999,0.5147210539892251,0.5022415819238578,0.8008291176455208,2636.75,1356.0814000000005,1016829,1,0,0,0
2023-05-15 04:00:00+00:00,27232.8,27550.03,27180.01,27407.48,9336.327,4.407e-05,0.00010983000000000001,0.00029293,-0.08037024639478425,0,0,48669.899,45258.791000000005,3411.107999999993,0.5181579664317686,0.5024547490116031,0.8956083012352778,7483.79099999999,2283.612599999999,922878,1,0,0,0
2023-05-15 08:00:00+00:00,27407.47,27485.5,27315.55,27336.12,4994.35313,4.407e-05,0.00010983000000000001,0.00029293,-0.08037024639478425,0,0,19327.167,20634.544,-1307.3770000000004,0.48364212933725487,0.4986129250011297,-0.6312249530586711,5051.904999999992,948.0961999999985,492517,1,0,0,0
2023-05-15 12:00:00+00:00,27336.12,27534.0,27221.2,27396.8,6016.97493,-1.576e-05,6.368000000000001e-05,0.00023752999999999998,-1.982367079774132,0,0,39433.945,40402.878000000004,-968.9330000000045,0.49393179134896187,0.5022208395977504,-0.11808372298304863,1134.797999999988,1041.496199999997,848524,0,1,0,0
2023-05-15 16:00:00+00:00,27396.81,27663.59,27317.9,27418.24,7697.17284,-1.576e-05,6.368000000000001e-05,0.00023752999999999998,-1.982367079774132,0,0,49316.393,48152.777,1163.6159999999945,0.5059691490139907,0.5004783753177924,0.409948921452416,-1112.6940000000104,1049.3175999999962,975992,1,0,0,0
2023-05-15 20:00:00+00:00,27418.24,27418.24,27126.73,27162.14,3581.10119,-1.9e-06,2.6410000000000003e-05,0.00020801,-1.4157061357826664,0,0,17551.756,21380.316,-3828.5599999999977,0.4508302563500859,0.4977499067852479,-2.0043545265241316,-3633.8770000000077,-306.029200000003,458378,1,0,0,0
2023-05-16 00:00:00+00:00,27162.15,27296.89,26852.11,27130.0,7412.18425,-1.9e-06,2.6410000000000003e-05,0.00020801,-1.4157061357826664,0,0,43983.54,46201.558,-2218.0179999999964,0.4877029683995021,0.49989299547480603,-0.3842407715071005,-4882.9619999999995,-1431.8544000000009,855550,1,0,0,0
2023-05-16 04:00:00+00:00,27130.02,27252.59,26993.71,27252.58,4084.89688,8.66e-05,6.894e-05,0.00029471,1.6626644484212574,0,0,25675.063,23654.219,2020.8439999999973,0.5204832091413777,0.4988299193595367,1.0409017344281761,-4025.7339999999967,-766.2102000000014,553227,1,0,0,0
2023-05-16 08:00:00+00:00,27252.58,27286.08,26987.02,27059.03,6519.02741,3.165e-05,0.00011635,0.00027251,-0.20259519233121873,0,0,29474.127,33134.57,-3660.4429999999993,0.4707672961154263,0.49724167739856345,-1.0985025381663478,-3857.6169999999984,-1304.5122000000003,640074,1,0,0,0
2023-05-16 12:00:00+00:00,27059.03,27137.69,26900.0,27038.02,7185.69731,3.165e-05,0.00011635,0.00027251,-0.20259519233121873,0,0,44351.499,44810.81799999999,-459.3189999999886,0.4974242537909822,0.4943630073918575,0.03792308378973767,-2098.9179999999906,-1629.099199999997,861624,1,0,0,0
2023-05-16 16:00:00+00:00,27038.01,27151.51,26880.0,26933.05,5291.70789,5.8e-05,0.00017625,0.00028557,0.9513024160977277,0,0,25762.717,27324.840999999997,-1562.1239999999962,0.4852872870890012,0.4914196307018351,-0.4980855040368434,-5681.885999999984,-1175.8119999999967,592088,1,0,0,0
2023-05-16 20:00:00+00:00,26933.06,27049.74,26897.34,27033.84,2776.94077,5.8e-05,0.00017625,0.00028557,0.9513024160977277,0,0,14718.714,14081.285,637.4290000000001,0.511066476078697,0.490710481666528,0.6246182839211724,-1384.0139999999847,-604.7225999999973,377648,1,0,0,0
2023-05-17 00:00:00+00:00,27033.85,27238.55,26982.93,27060.04,4465.66046,5.8e-05,0.00017625,0.00028557,0.9513024160977277,0,0,24986.061,23175.909,1810.1520000000019,0.5187923376057915,0.4942255024933816,0.899925113784828,885.4570000000058,-646.8609999999965,514661,1,0,0,0
2023-05-17 04:00:00+00:00,27060.05,27100.0,26760.0,26845.14,5043.29563,8.392e-05,0.00017357,0.00035234000000000003,1.8671683683454174,0,0,23687.096,30102.764999999996,-6415.668999999994,0.4403635845052658,0.4888686818090121,-2.3590592884552586,-3968.0879999999925,-1197.9061999999954,525336,1,0,0,0
2023-05-17 08:00:00+00:00,26845.14,26914.3,26573.62,26637.62,7683.56934,7.029e-05,0.00021221,0.00039224,1.2505550371752325,0,0,40108.714,44507.295000000006,-4398.581000000006,0.4740085767930747,0.4856726245869204,-0.9243351622668987,-9004.097999999998,-1985.7585999999988,762154,1,0,0,0
2023-05-17 12:00:00+00:00,26637.61,26836.06,26544.71,26796.93,8211.97472,7.029e-05,0.00021221,0.00039224,1.2505550371752325,0,0,54185.684,51945.324,2240.3600000000006,0.5105546910475024,0.4916450680566621,0.5491379855880212,-8573.89,-1225.2617999999995,887540,1,0,0,0
2023-05-17 16:00:00+00:00,26796.93,27447.29,26741.36,27385.09,11344.69624,7.029e-05,0.00021221,0.00039224,1.2505550371752325,0,0,68935.853,61011.20199999999,7924.651000000013,0.5304918453134625,0.4959239557480581,1.261810644794311,5766.430000000008,232.182600000003,1086434,1,0,0,0
2023-05-17 20:00:00+00:00,27385.09,27500.0,27274.45,27405.61,6209.78146,4.461e-05,0.00019882000000000002,0.00040148,0.2832462511445608,0,0,35128.124,32291.191,2836.9330000000045,0.5210394676955706,0.4959795816034774,0.8824052388211988,13001.944000000018,437.53880000000356,687797,1,0,0,0
2023-05-18 00:00:00+00:00,27405.62,27485.33,27286.58,27365.69,4794.02065,0.0001,0.00021490000000000002,0.00045741,2.1757353067957275,0,0,17771.034,18075.237,-304.20300000000134,0.49575683897496614,0.4984785358894315,-0.07764198267151756,10457.381000000016,1659.8320000000022,404507,1,0,1,0
2023-05-18 04:00:00+00:00,27365.69,27454.14,27152.29,27391.61,5687.90418,0.0001,0.00021490000000000002,0.00045741,2.1757353067957275,0,0,31809.459,30127.801000000003,1681.6579999999958,0.513575495590215,0.5000936600693546,0.5908696225641281,4214.387999999999,2875.8798000000024,575486,1,0,1,0
2023-05-18 08:00:00+00:00,27391.61,27440.01,27334.02,27398.97,4932.72046,0.0001,0.00021490000000000002,0.00045741,2.1757353067957275,0,0,21064.322,21069.225,-4.902999999998428,0.49994181595962,0.5015591129564166,0.061981917710896464,1372.551999999996,2426.8272000000024,483761,0,1,1,0
2023-05-18 12:00:00+00:00,27398.97,27472.14,27021.95,27086.77,11379.91575,0.0001,0.00024461000000000003,0.00057317,1.9737241905014111,0,0,71048.607,74195.849,-3147.2419999999984,0.4891657069513208,0.499369036043679,-0.3393682277562284,-1470.487000000001,212.44860000000045,1197699,1,0,0,0
2023-05-18 16:00:00+00:00,27086.78,27118.36,26361.2,26734.01,17649.2143,0.0001,0.00024461000000000003,0.00057317,1.9737241905014111,0,0,93469.375,107391.90100000001,-13922.526000000013,0.4653429315066185,0.49402409543376163,-1.2199644794712103,-17074.67100000001,-3139.443200000003,1491595,1,0,0,0
2023-05-18 20:00:00+00:00,26734.01,27065.27,26691.2,26821.28,4754.87609,8.342e-05,0.00028342,0.00065849,1.3006449576052113,0,0,30192.442,28756.727000000003,1435.7149999999965,0.5121775677618119,0.5012054937594163,0.6161047336573292,-15634.053000000014,-2791.4596000000033,554474,1,0,0,0
2023-05-19 00:00:00+00:00,26821.28,26929.04,26749.33,26834.73,3284.92163,2.716e-05,0.00021057999999999998,0.0005990500000000001,-0.5803122843473508,0,0,17923.659,19618.945,-1695.286,0.47742183786718684,0.5015468198668275,-0.7801354145835936,-14182.097000000016,-3466.8484000000026,383152,0,1,0,0
2023-05-19 04:00:00+00:00,26834.73,26960.24,26812.03,26851.38,3895.84769,2.716e-05,0.00021057999999999998,0.0005990500000000001,-0.5803122843473508,0,0,14264.14,14517.683,-253.54300000000148,0.4955954318807394,0.5000508939501511,-0.0378111345806639,-513.114000000005,-3516.576400000003,315594,0,1,0,0
2023-05-19 08:00:00+00:00,26851.39,26926.61,26790.72,26855.89,3835.92219,2.716e-05,0.00021057999999999998,0.0005990500000000001,-0.5803122843473508,0,0,15845.8,16515.724000000002,-669.9240000000027,0.4896493749799916,0.4959666469168041,-0.3340473734948515,-2618.7530000000042,-3021.112800000004,357411,0,1,0,0
2023-05-19 12:00:00+00:00,26855.9,27183.6,26630.0,26883.65,10729.53517,4.474e-05,0.00015531999999999997,0.0006121400000000001,0.04086329407205839,0,0,78613.055,79021.10200000001,-408.0470000000205,0.4987057151579146,0.4937332716630385,0.11541136451505793,-1331.5140000000247,-318.21700000000567,1191442,0,1,0,0
2023-05-19 16:00:00+00:00,26883.65,26973.56,26780.73,26834.46,5009.72566,3.815e-05,0.00011004999999999999,0.00059229,-0.23120091799464804,0,0,25372.978,24737.976,635.0020000000004,0.5063359599978879,0.4947911837653306,0.4342133107192221,-442.9690000000228,-478.3596000000049,554863,0,1,0,0
2023-05-19 20:00:00+00:00,26834.47,26921.21,26807.73,26880.26,1998.1831,3.815e-05,0.00011004999999999999,0.00059229,-0.23120091799464804,0,0,8963.717,8703.177,260.5400000000009,0.5073736787009646,0.4941710020764056,0.5250011658391204,487.4949999999808,-87.19440000000468,219650,1,0,0,0
2023-05-20 00:00:00+00:00,26880.26,26908.42,26825.11,26865.58,1482.13696,3.815e-05,0.00011004999999999999,0.00059229,-0.23120091799464804,0,0,6709.562,7223.317000000001,-513.755000000001,0.48156321460912704,0.49233314194135624,-0.6407843129982069,381.78700000000026,-139.2368000000046,178450,1,0,0,0
2023-05-20 04:00:00+00:00,26865.59,26873.63,26835.1,26854.98,1564.32919,5.313e-05,0.00013602,0.0005615,0.279852129072244,0,0,4425.581,5112.116,-686.5349999999999,0.46400939346259373,0.48981751059248363,-1.3683386354638132,-939.75,-142.559000000004,138957,1,0,0,0
2023-05-20 08:00:00+00:00,26854.98,26917.38,26854.97,26880.06,1835.86678,5.313e-05,0.00013602,0.0005615,0.279852129072244,0,0,7700.739,7514.742,185.9969999999994,0.506112097277766,0.4938944271695984,0.5624608206841989,-1014.2930000000015,-23.750200000000042,183839,1,0,0,0
2023-05-20 12:00:00+00:00,26880.05,26976.0,26875.51,26945.66,2592.17838,2.455e-05,0.00011582999999999998,0.00051576,-0.6966969702958209,0,0,13567.775,11976.662999999999,1591.112000000001,0.5311440008975731,0.4957910704831745,1.5941178132040017,1090.5740000000005,167.4718000000001,292542,1,0,0,0
2023-05-20 16:00:00+00:00,26945.67,27150.0,26913.25,27063.03,4920.8158,2.455e-05,0.00011582999999999998,0.00051576,-0.6966969702958209,0,0,27912.159,24121.540999999997,3790.618000000002,0.5364246440287737,0.5016913510993332,1.6965434550491165,5567.727000000003,873.4874000000003,469172,1,0,0,0
2023-05-20 20:00:00+00:00,27063.04,27129.36,26967.18,27102.43,2039.22007,-8.49e-06,6.918999999999998e-05,0.00046266000000000005,-1.7057421133709367,0,0,11268.782,9982.377,1286.4049999999988,0.5302667021596328,0.5051584781272226,1.3726309941612045,6668.135000000002,1233.5194000000004,250553,1,0,0,0
2023-05-21 00:00:00+00:00,27102.42,27277.55,27063.09,27176.22,3192.89918,-8.49e-06,6.918999999999998e-05,0.00046266000000000005,-1.7057421133709367,0,0,20329.797,17787.839,2541.9579999999987,0.5333435945503021,0.5095279000842535,1.3959041409028219,7618.981,1879.218,344348,1,0,0,0
2023-05-21 04:00:00+00:00,27176.22,27176.22,27047.88,27054.99,2189.06207,4.776e-05,6.381999999999998e-05,0.00041042,0.12838780120712953,0,0,10204.858,13750.882000000001,-3546.0240000000013,0.42598800955428634,0.5022561295238908,-2.6552774544477646,282.3389999999963,1132.8138,228425,1,0,0,0
2023-05-21 08:00:00+00:00,27055.0,27085.81,26776.23,26829.94,5097.44885,4.776e-05,6.381999999999998e-05,0.00041042,0.12838780120712953,0,0,27050.456,32859.08,-5808.624000000003,0.45152170766269994,0.4967747042903719,-1.6281420191181777,-6812.690000000006,-347.13340000000096,477297,1,0,0,0
2023-05-21 12:00:00+00:00,26829.93,26977.0,26803.58,26898.97,4298.7889,7.262e-05,0.00011188999999999999,0.00038303999999999996,0.9583667204770235,0,0,25094.987,25306.706,-211.71899999999732,0.49789968364753145,0.49582730478502857,0.043347753456018795,-9566.367000000002,-1147.6008000000008,450157,0,1,0,0
2023-05-21 16:00:00+00:00,26898.97,26933.33,26832.98,26902.12,2779.63268,7.262e-05,0.00011188999999999999,0.00038303999999999996,0.9583667204770235,0,0,12486.145,11935.399999999998,550.7450000000026,0.5112758017561952,0.49879856349973545,0.4936931317238999,-5469.597999999998,-1294.7328000000002,272636,1,0,0,0
2023-05-21 20:00:00+00:00,26902.13,26926.29,26666.03,26747.78,3790.04111,5.071e-05,0.00017109,0.00035033000000000004,0.22477475105931147,0,0,18983.096,22987.179,-4004.0829999999987,0.4522985851295947,0.4976274826664356,-1.501520661255245,-3665.0569999999934,-2603.941,393878,1,0,0,0
2023-05-22 00:00:00+00:00,26747.78,26779.54,26538.21,26644.8,5217.78929,5.071e-05,0.00017109,0.00035033000000000004,0.22477475105931147,0,0,29519.532,30814.461000000003,-1294.9290000000037,0.4892686615321482,0.49594313909187376,-0.1876213469687511,-4748.267,-2153.722,536624,1,0,0,0
2023-05-22 04:00:00+00:00,26644.8,26913.14,26643.12,26843.13,4019.96121,3.019e-05,0.00015351999999999998,0.00035336,-0.4560233267355441,0,0,24099.491,22018.975999999995,2080.5150000000067,0.5225562029197546,0.49508435929409184,0.9317076350384281,-3218.4969999999958,-575.8941999999981,452019,1,0,0,0
2023-05-22 08:00:00+00:00,26843.12,26900.0,26767.34,26826.78,2625.2567,2.1e-06,8.299999999999998e-05,0.00031072,-1.3128288335723153,0,0,14726.079,16387.222,-1661.1430000000018,0.47330493797491946,0.4887723886887064,-0.8879676375072727,-875.5569999999989,-865.778999999999,322688,1,0,0,0
2023-05-22 12:00:00+00:00,26826.79,27099.89,26702.91,26877.18,8413.07143,2.1e-06,8.299999999999998e-05,0.00031072,-1.3128288335723153,0,0,67295.209,62597.873999999996,4697.335000000006,0.5180815440341808,0.48755387287616125,0.7527530879255886,5116.707000000011,-36.460999999998236,995571,1,0,0,0
2023-05-22 16:00:00+00:00,26877.17,26930.0,26781.99,26862.43,4148.42459,2.1e-06,8.299999999999998e-05,0.00031072,-1.3128288335723153,0,0,20789.819,20248.438,541.3810000000012,0.5065960525565206,0.4848791186767832,0.36900562093473066,3577.573000000006,872.6318000000017,405148,0,1,0,0
2023-05-22 20:00:00+00:00,26862.43,26959.52,26833.21,26849.27,2034.33506,4.77e-05,7.998999999999998e-05,0.00032027,0.14569123595159586,0,0,9774.454,9758.965000000002,15.488999999997759,0.500396474370411,0.4923199651583956,0.1639569484527527,5254.205000000005,1134.715400000002,215954,0,1,0,0
2023-05-23 00:00:00+00:00,26849.28,27442.03,26798.11,27366.67,11734.74573,4.77e-05,7.998999999999998e-05,0.00032027,0.14569123595159586,0,0,59318.131,52790.863999999994,6527.267000000007,0.5291112546321551,0.5000789198553411,1.187069451646758,7084.137000000006,2024.0658000000021,879222,1,0,0,0
2023-05-23 04:00:00+00:00,27366.67,27495.83,27205.01,27304.4,9379.21247,0.0001,0.00014979999999999998,0.00036714,1.709254598352502,0,0,42762.623,41046.704999999994,1715.9180000000051,0.5102370347128902,0.5013126549618769,0.48993188210632377,8258.67400000001,2699.4780000000037,698773,0,1,0,0
2023-05-23 08:00:00+00:00,27304.4,27349.0,27250.32,27337.36,4034.79813,0.0001,0.00014979999999999998,0.00036714,1.709254598352502,0,0,16984.981,15710.396,1274.5849999999991,0.519491822957111,0.5021342570819686,0.8016770455768828,9517.770000000011,2014.9280000000022,318743,1,0,0,0
2023-05-23 12:00:00+00:00,27337.36,27386.26,27175.19,27320.05,5982.18313,0.0001,0.0002477,0.00044259,1.5854148593815227,0,0,31649.415,31853.089999999997,-203.67499999999563,0.4983963231056791,0.506744030879577,0.012315224985429033,2786.8280000000086,1865.9168000000027,571666,1,0,0,0
2023-05-23 16:00:00+00:00,27320.04,27328.48,27100.79,27181.22,4947.99802,0.0001,0.0002477,0.00044259,1.5854148593815227,0,0,26656.538,29036.456,-2379.917999999998,0.47863359617549023,0.5056805243439111,-0.7466269521336899,-1309.0079999999944,1386.8354000000036,505534,1,0,0,0
2023-05-23 20:00:00+00:00,27181.23,27249.38,27151.38,27219.61,2621.9011,0.0001,0.00030000000000000003,0.00055108,1.4695076243116783,0,0,11068.565,10298.854000000001,769.7109999999993,0.5180113236886495,0.5052260364208008,0.7221532891015422,-1813.8819999999942,235.324200000002,239112,1,0,0,0
2023-05-24 00:00:00+00:00,27219.61,27219.61,26649.88,26786.0,8310.29731,0.0001,0.00030000000000000003,0.00060332,1.3642870272677865,0,0,47112.8,58176.712,-11063.911999999997,0.44745957223165783,0.5026414998464745,-1.7887193611683276,-12674.118999999995,-2320.6417999999985,722210,1,0,0,0
2023-05-24 04:00:00+00:00,26786.01,26830.42,26613.0,26678.67,7316.11741,0.0001,0.00030000000000000003,0.00060332,1.3642870272677865,0,0,33918.397,38252.854999999996,-4334.457999999999,0.4699710211484207,0.49783044755789857,-0.9416970176499168,-14628.658999999996,-3442.450399999998,630762,1,0,0,0
2023-05-24 08:00:00+00:00,26678.67,26839.02,26670.0,26742.24,5232.44209,0.0001,0.00030000000000000003,0.00060332,1.3642870272677865,0,0,23697.97,23658.341999999997,39.62800000000425,0.5004184025141147,0.4972126825536579,0.11263814368329275,-15358.741999999991,-3393.7897999999977,419000,1,0,0,0
2023-05-24 12:00:00+00:00,26742.25,26742.25,26080.5,26314.69,19023.6564,2.067e-05,0.00022067,0.00055137,-0.9076631578150259,0,0,88553.199,101287.563,-12734.364000000001,0.46646040643262904,0.49381907575987977,-1.0210813710117626,-17029.193999999996,-5464.678999999998,1380204,1,0,0,0
2023-05-24 16:00:00+00:00,26314.69,26397.64,26159.97,26252.33,8949.56603,2.067e-05,0.00022067,0.00055137,-0.9076631578150259,0,0,35393.966,34574.53200000001,819.4339999999938,0.5058557352481684,0.49149352382148115,0.3352496180992378,-11875.302000000003,-5454.734399999999,611590,0,1,0,0
2023-05-24 20:00:00+00:00,26252.34,26486.46,26242.62,26329.01,5560.98646,4.362e-05,0.00016429,0.0005442800000000001,-0.2593094435927384,0,0,25621.451,24943.89,677.5610000000015,0.506699855934918,0.4911398059436839,0.36518710214089034,-11237.369000000006,-3106.4398,462099,1,0,0,0
2023-05-25 00:00:00+00:00,26329.0,26394.37,25871.89,26183.72,8738.553,5.82e-05,0.00012248999999999997,0.00057229,0.14593853112968122,0,0,45123.804,49820.34900000001,-4696.545000000013,0.47526680236959923,0.4867173038849327,-0.7066432106491229,-3199.5500000000175,-3178.857200000003,744271,1,0,0,0
2023-05-25 04:00:00+00:00,26183.73,26300.0,26126.76,26131.27,4175.09584,5.82e-05,0.00012248999999999997,0.00057229,0.14593853112968122,0,0,19966.842,20608.202,-641.3600000000006,0.4920966197843186,0.4860873335527966,-0.1653625781814954,-4660.344000000012,-3315.054800000004,347836,1,0,0,0
2023-05-25 08:00:00+00:00,26131.27,26335.16,26128.37,26296.62,4349.74729,5.82e-05,0.00012248999999999997,0.00057229,0.14593853112968122,0,0,20975.137,19308.916,1666.2209999999977,0.5206809007028166,0.4902920640055293,0.8103231767237649,-3671.6840000000157,-434.9378000000041,332825,1,0,0,0
2023-05-25 12:00:00+00:00,26296.61,26499.99,26168.6,26226.12,9538.70156,0.0001,0.00020182,0.00067019,1.292520800099574,0,0,56362.108,53833.998,2528.1100000000006,0.5114709588739914,0.48963802752406343,0.5242945442930241,3552.9709999999977,-93.20260000000272,782136,0,1,0,0
2023-05-25 16:00:00+00:00,26226.12,26631.98,26207.47,26468.68,7740.72317,0.0001,0.00020182,0.00067019,1.292520800099574,0,0,41924.119,38150.491,3773.627999999997,0.5235631993711864,0.49724839023801637,0.9857426350090627,7967.958999999995,526.0107999999964,585122,1,0,0,0
2023-05-25 20:00:00+00:00,26468.67,26551.02,26432.46,26473.79,2892.62809,0.0001,0.0002582,0.00072249,1.2285805854310339,0,0,14611.787,13849.471999999998,762.3150000000023,0.5133921517667227,0.5015905032998466,0.652235645744994,7064.053,1617.7827999999995,258326,1,0,0,0
2023-05-26 00:00:00+00:00,26473.8,26539.34,26350.0,26435.14,4447.14298,0.0001,0.00030000000000000003,0.0007224900000000001,1.197460640556996,0,0,18053.67,20526.299,-2472.629000000001,0.4679544973195805,0.49834411278039303,-0.9566644846979806,2063.3139999999985,1251.5289999999993,334545,1,0,0,0
2023-05-26 04:00:00+00:00,26435.14,26534.05,26327.24,26501.33,3969.78034,0.0001,0.00030000000000000003,0.0007224900000000001,1.197460640556996,0,0,18452.24,16528.677999999996,1923.5620000000054,0.5274944471154246,0.5044475168486727,1.2688453136458506,213.24800000000687,1302.997200000001,314529,1,0,0,0
2023-05-26 08:00:00+00:00,26501.34,26549.0,26423.62,26463.29,5035.26395,0.0001,0.00030000000000000003,0.0007224900000000001,1.197460640556996,0,0,15738.929,17200.69,-1461.7609999999986,0.47781150717013454,0.5016430940408693,-0.8707973602484187,-2010.827999999994,505.02300000000105,295696,1,0,0,0
2023-05-26 12:00:00+00:00,26463.29,26932.16,26355.81,26750.21,12837.29542,9.583e-05,0.00029583,0.00071832,1.0007970417622434,0,0,71790.576,65983.99299999999,5806.583000000013,0.5210727677906944,0.5030803852264469,0.9692759821474225,6268.38400000002,911.6140000000044,1046669,1,0,0,0
2023-05-26 16:00:00+00:00,26750.22,26837.34,26610.49,26767.21,6306.29004,9.583e-05,0.00029583,0.00071832,1.0007970417622434,0,0,30982.381,30528.701999999997,453.6790000000037,0.503687782574077,0.5059224832468947,0.23429931240849255,4798.501000000018,849.8868000000045,511045,1,0,0,0
2023-05-26 20:00:00+00:00,26767.22,26807.5,26686.0,26705.92,2465.4144,4.953e-05,0.00024536,0.00066785,-0.39944390480767117,0,0,9100.482,9588.905999999999,-488.42399999999907,0.48693311947935375,0.5054061332163983,-0.5773136662427815,5771.838000000018,1246.727800000005,233161,1,0,0,0
2023-05-27 00:00:00+00:00,26705.93,26782.73,26633.0,26752.0,2670.95052,4.953e-05,0.00024536,0.00066785,-0.39944390480767117,0,0,11694.036,9740.02,1954.0159999999996,0.5455820400954443,0.507896247155661,1.9174838023507235,1919.2710000000043,1252.8186000000037,242737,1,0,0,0
2023-05-27 04:00:00+00:00,26752.0,26786.51,26710.0,26722.8,2156.5994,7.146e-05,0.00021682,0.00063931,0.2810001740840249,0,0,7526.472,7571.236000000001,-44.76400000000103,0.49851752332208304,0.5066009036004702,-0.08662703336125742,1420.8279999999995,1536.2180000000033,173905,1,0,0,0
2023-05-27 08:00:00+00:00,26722.8,26732.66,26666.37,26699.02,2242.83881,7.146e-05,0.00021682,0.00063931,0.2810001740840249,0,0,10108.111,9755.068,353.0430000000015,0.5088868705256092,0.5051332707159124,0.3248085944292619,2262.295,445.51000000000096,203115,0,1,0,0
2023-05-27 12:00:00+00:00,26699.02,26777.77,26551.0,26690.05,3174.31189,8.564e-05,0.00020663000000000002,0.0007042799999999999,0.6934318747328637,0,0,22902.758,24178.199999999997,-1275.4419999999955,0.486454799836486,0.5024395355228888,-0.639513522219841,-967.162999999995,99.68580000000111,373184,1,0,0,0
2023-05-27 16:00:00+00:00,26690.06,26846.0,26620.35,26729.6,2781.7237,8.564e-05,0.00020663000000000002,0.0007042799999999999,0.6934318747328637,0,0,19449.858,18809.224000000002,640.6339999999982,0.5083723127491663,0.5064813170658473,0.3470118244689528,-281.7649999999958,325.49740000000054,327168,1,0,0,0
2023-05-27 20:00:00+00:00,26729.6,26895.0,26726.01,26854.27,2069.26238,7.362e-05,0.00023072000000000001,0.00073428,0.3006927091731754,0,0,11709.958,10236.994,1472.964,0.5335573705177831,0.5070876094060831,1.3834116810331816,838.1560000000027,229.28700000000063,222785,1,0,0,0
2023-05-28 00:00:00+00:00,26854.28,27247.1,26764.36,27187.23,8004.20461,7.362e-05,0.00023072000000000001,0.00073428,0.3006927091731754,0,0,48310.208,41474.312000000005,6835.895999999993,0.5380683440753483,0.5131132930966045,1.5385644150918747,8949.493999999992,1605.4189999999994,663758,1,0,0,0
2023-05-28 04:00:00+00:00,27187.24,27285.52,27128.41,27226.37,5618.39448,9.88e-05,0.00025806,0.00077488,1.0700005883763826,0,0,21160.81,19678.063,1482.747000000003,0.5181536228974781,0.5128213786072828,0.671810152766445,9791.606999999996,1831.3597999999997,380961,1,0,0,0
2023-05-28 08:00:00+00:00,27226.38,27344.23,27136.01,27153.76,4114.67614,9.88e-05,0.00025806,0.00077488,1.0700005883763826,0,0,21669.705,20500.547,1169.158000000003,0.5138623549131269,0.5138388358411878,0.4999318454545106,9487.801,2320.2797999999993,359469,0,1,0,0
2023-05-28 12:00:00+00:00,27153.76,27280.0,27100.02,27272.17,4058.9424,0.0001,0.00027242,0.00077488,1.1065856268719048,0,0,19880.573,17667.321,2213.2520000000004,0.5294723853220636,0.5180927624254589,1.098601175592755,4865.1570000000065,2634.8034,349552,1,0,0,0
2023-05-28 16:00:00+00:00,27272.17,27746.33,27212.91,27525.99,10140.27075,0.0001,0.00029880000000000005,0.00077488,1.0740241934366177,0,0,60580.186,52712.708,7867.478000000003,0.534721851133929,0.5170067435293074,1.229365510451588,11249.888000000006,3913.7062000000005,846881,1,0,0,0
2023-05-28 20:00:00+00:00,27525.99,28261.32,27525.99,28065.0,11979.52017,0.0001,0.00029880000000000005,0.00077488,1.0740241934366177,0,0,62625.309,53855.651999999995,8769.657000000007,0.5376441648691411,0.5209194076840131,1.2901326131805848,18850.38700000001,4300.458400000003,889999,1,0,0,0
2023-05-29 00:00:00+00:00,28065.01,28447.14,27914.28,27954.99,12178.46709,0.0001,0.00030000000000000003,0.00077488,1.0053870053146594,0,0,50873.194,52714.443,-1841.2489999999962,0.4911126025589328,0.5191419808873455,-0.7179854275428239,14795.886000000013,3635.6592000000032,773550,1,0,0,0
2023-05-29 04:00:00+00:00,27954.99,28047.01,27841.0,27907.87,6651.3647,0.0001,0.00030000000000000003,0.00077488,1.0053870053146594,0,0,30080.721,30626.558,-545.8369999999995,0.49550435294587986,0.5200469361982849,-0.5859308281799148,6382.571000000011,3292.660200000003,516647,1,0,0,0
2023-05-29 08:00:00+00:00,27907.86,27971.01,27745.78,27913.87,5028.062,0.0001,0.00030000000000000003,0.00077488,1.0053870053146594,0,0,24313.948,24662.354000000003,-348.4060000000027,0.4964431165096948,0.5188540165743377,-0.5342749674563207,-2735.4919999999984,2780.328600000002,415760,0,1,0,0
2023-05-29 12:00:00+00:00,27913.87,27949.7,27588.0,27630.51,7542.99192,0.0001,0.00030000000000000003,0.00077905,0.9420427041936943,0,0,38642.365,42584.206,-3941.8410000000003,0.4757355200923107,0.5130718315317905,-1.5555000180742218,-4836.084000000003,418.46480000000156,657917,1,0,0,0
2023-05-29 16:00:00+00:00,27630.5,27737.99,27524.6,27637.94,7602.66189,0.0001,0.00030000000000000003,0.00077905,0.9420427041936943,0,0,38279.907,36935.737,1344.1699999999983,0.5089354416748728,0.5101585412917429,0.03021222792928831,-2946.077000000005,-1066.6326000000001,606856,1,0,0,0
2023-05-29 20:00:00+00:00,27637.94,27818.0,27554.57,27736.4,3381.87185,0.0001,0.00030000000000000003,0.00082952,0.881146819770289,0,0,21309.607,20267.509000000002,1042.0979999999981,0.5125321102117809,0.5095963900231733,0.19314201582777993,-1555.573000000004,-489.9632000000012,377233,1,0,0,0
2023-05-30 00:00:00+00:00,27736.39,27940.55,27584.45,27829.23,4057.20611,0.0001,0.00030000000000000003,0.00082952,0.881146819770289,0,0,22826.137,23120.174000000003,-294.0370000000039,0.4968002110114999,0.5078901756330106,-0.6192544232325703,2092.2309999999925,-439.6032000000021,420601,0,1,0,0
2023-05-30 04:00:00+00:00,27829.23,27848.28,27672.93,27733.22,3551.68079,6.187e-05,0.00026187000000000004,0.0008199300000000001,-0.2708797854627014,0,0,17395.76,18995.376,-1599.6160000000018,0.47802190071780115,0.5027451271725842,-1.4899397955651004,-851.5550000000076,-689.8452000000019,342878,1,0,0,0
2023-05-30 08:00:00+00:00,27733.22,28038.59,27712.19,28021.4,6468.5174,9.036e-05,0.00025223,0.00082465,0.5359724395780173,0,0,33280.979,30074.006999999998,3206.9720000000016,0.5253095470654827,0.5018038967657397,0.7914065102664882,1313.3189999999959,739.9173999999985,567304,1,0,0,0
2023-05-30 12:00:00+00:00,28021.39,28027.78,27615.0,27673.08,9424.08758,9.036e-05,0.00025223,0.00082465,0.5359724395780173,0,0,47860.996,54666.369999999995,-6805.373999999996,0.4668119143917147,0.4947206717179971,-1.8372477265075748,-5198.017999999996,-889.9914000000005,886269,1,0,0,0
2023-05-30 16:00:00+00:00,27673.08,27862.84,27554.0,27850.2,5809.72829,9.036e-05,0.00025223,0.00082465,0.5359724395780173,0,0,28616.524,28309.077,307.4470000000001,0.5027004282308764,0.49587945428519137,-0.1834542416672848,-3290.9549999999945,-1036.9216000000001,542632,1,0,0,0
2023-05-30 20:00:00+00:00,27850.21,27855.13,27651.17,27694.4,3375.53354,3.861e-05,0.00019084,0.00078964,-1.236433059266518,0,0,13477.909,15756.004,-2278.095000000001,0.4610367760210547,0.49243269659270894,-1.8787172389142146,-8776.021999999997,-1433.7331999999994,295184,1,0,0,0
2023-05-31 00:00:00+00:00,27694.39,27835.51,27571.04,27657.3,4589.66625,3.861e-05,0.00019084,0.00078964,-1.236433059266518,0,0,18878.962,20160.775,-1281.813000000002,0.48358322700790735,0.49114670764253016,-0.9653531793500799,-3252.461000000003,-1370.1725999999994,347830,1,0,0,0
2023-05-31 04:00:00+00:00,27657.29,27677.67,26968.49,27167.9,14852.80264,2.344e-05,0.00015241,0.00071428,-1.6667372541218894,0,0,70511.64,86264.66300000002,-15753.023000000016,0.4497595532661591,0.48854911095991504,-2.1720282098233796,-19312.93100000002,-5162.171600000003,1097093,1,0,0,0
2023-05-31 08:00:00+00:00,27167.91,27203.73,26994.33,27097.18,7051.71041,2.864e-05,9.069000000000001e-05,0.0006429200000000001,-1.39518293152015,0,0,27611.169,29117.492999999995,-1506.3239999999932,0.486723430917514,0.4863279098841791,-0.680714901696953,-18541.16000000001,-4102.361600000002,454760,1,0,0,0
2023-05-31 12:00:00+00:00,27097.18,27231.34,26851.0,26911.54,10524.42883,2.864e-05,9.069000000000001e-05,0.0006429200000000001,-1.39518293152015,0,0,58037.557,61449.717000000004,-3412.1600000000035,0.4857216593626531,0.48364686479926633,-0.6745235559972226,-20671.507000000012,-4846.283000000003,934152,1,0,0,0
2023-05-31 16:00:00+00:00,26911.55,27123.43,26839.01,27010.57,5607.89699,9.865e-05,0.00015073000000000002,0.00064157,0.7856492248369248,0,0,30278.746,28425.207000000002,1853.538999999997,0.5157871736508102,0.48554556106319724,0.5500157241441056,-3064.9449999999997,-4019.9562000000033,558885,1,0,0,0
2023-05-31 20:00:00+00:00,27010.57,27299.99,27005.16,27210.35,3962.30061,9.865e-05,0.00015073000000000002,0.00064157,0.7856492248369248,0,0,21327.121,19318.840000000004,2008.2809999999954,0.5247045579756374,0.49021382678898096,0.8600153344336107,449.65999999998894,-3361.937400000004,382439,1,0,0,0
2023-06-01 00:00:00+00:00,27210.36,27350.0,26605.05,26779.94,11213.18795,9.865e-05,0.00015073000000000002,0.00064157,0.7856492248369248,0,0,56405.265,64656.32400000001,-8251.059000000008,0.46592206054721447,0.48427507813715415,-1.4592737235931779,-4389.239000000016,-1861.5446000000024,885759,1,0,0,0
2023-06-01 04:00:00+00:00,26779.93,26883.6,26746.0,26802.67,4613.77433,2.096e-05,0.00014825,0.00056253,-1.6516439838690962,0,0,20726.605,18581.081000000002,2145.5239999999976,0.527291405553611,0.49032302725334376,1.0318339636801936,-4097.254000000015,-1131.1750000000043,391561,1,0,0,0
2023-06-01 08:00:00+00:00,26802.66,26951.07,26790.96,26892.96,4275.56782,2.096e-05,0.00014825,0.00056253,-1.6516439838690962,0,0,18750.064,17513.358,1236.7059999999983,0.5170517001953098,0.4917581544497871,0.6001417400693453,-4868.8290000000125,-201.40180000000402,360994,1,0,0,0
2023-06-01 12:00:00+00:00,26892.95,26981.34,26782.53,26894.48,6481.67546,9.641e-05,0.00021602,0.0005589400000000001,0.6729899130244572,0,0,30029.088,28998.533,1030.5550000000003,0.5087294302441903,0.4965274198721007,0.23385662016822129,4412.784999999996,-365.99860000000336,559386,1,0,0,0
2023-06-01 16:00:00+00:00,26894.47,27175.0,26656.0,26862.68,8974.24713,0.0001,0.00021737000000000001,0.00055894,0.7424181525812243,0,0,54500.034,57299.708,-2799.673999999999,0.4874790677066142,0.49691700394197136,-0.6020217380970203,-532.4130000000005,-1327.5896000000023,853611,1,0,0,0
2023-06-01 20:00:00+00:00,26862.68,26942.98,26713.34,26817.93,3659.35611,0.0001,0.00021737000000000001,0.00055894,0.7424181525812243,0,0,17721.973,19605.539,-1883.565999999999,0.4747697355237606,0.49941802216773146,-1.0484893541614986,-3652.6849999999977,-54.09100000000035,385181,1,0,0,0
2023-06-02 00:00:00+00:00,26817.93,27017.0,26505.0,27000.0,7016.0416,4.77e-05,0.00024411000000000002,0.00054477,-0.9987028913792206,0,0,43032.671,42424.304000000004,608.3669999999984,0.5035594929495223,0.5011016283709323,0.18691466689438277,-4074.8729999999996,-361.5224000000002,661518,1,0,0,0
2023-06-02 04:00:00+00:00,27000.01,27213.0,26949.4,27049.65,6856.64454,4.77e-05,0.00024411000000000002,0.00054477,-0.9987028913792206,0,0,30406.725,31225.888,-819.1630000000005,0.4933544680313976,0.5018649092378068,-0.21720971534111,-2094.362000000001,-772.6962,549119,0,1,0,0
2023-06-02 08:00:00+00:00,27049.65,27183.07,27049.38,27130.75,3577.11,4.77e-05,0.00024411000000000002,0.00054477,-0.9987028913792206,0,0,18998.648,17194.252,1804.3960000000006,0.5249274857775973,0.5027789404504854,1.1177751261453137,1593.5999999999985,-617.9279999999999,351755,1,0,0,0
2023-06-02 12:00:00+00:00,27130.75,27240.0,26860.71,27095.92,9100.69076,9.266e-05,0.00024036,0.00054707,0.5559559875605447,0,0,58931.92,61610.119000000006,-2678.199000000008,0.4888910166850587,0.49919758632142763,-0.3732862854174094,-1692.9660000000076,-593.6330000000016,950216,1,0,0,0
2023-06-02 16:00:00+00:00,27095.93,27287.64,27006.22,27239.02,6294.35686,9.266e-05,0.00024036,0.00054707,0.5559559875605447,0,0,28405.362,28867.172,-461.8099999999977,0.4959683117914776,0.502202211445854,-0.005796728849153349,-1335.6130000000048,-309.2818000000014,537193,0,1,0,0
2023-06-02 20:00:00+00:00,27239.03,27300.0,27143.37,27242.59,3536.05893,9.946e-05,0.00023982000000000002,0.00060792,0.7917353484775718,0,0,14781.129,15231.902999999998,-450.7739999999976,0.49249036218666614,0.4987221071091595,-0.1040467196777075,-3590.783000000003,-521.1100000000006,327825,0,1,0,0
2023-06-03 00:00:00+00:00,27242.59,27242.6,27092.0,27143.2,2715.88602,7.42e-05,0.00026632,0.0006586799999999999,-0.05164456333429967,0,0,11923.78,13134.842999999999,-1211.0629999999983,0.4758354040443484,0.4946004774940633,-0.892210227775055,-2123.6469999999936,-599.4900000000001,260022,1,0,0,0
2023-06-03 04:00:00+00:00,27143.2,27212.78,27105.73,27174.42,1822.46448,7.42e-05,0.00026632,0.0006586799999999999,-0.05164456333429967,0,0,8997.626,8692.065999999999,305.5600000000013,0.5086366681794121,0.4945912012875855,0.6847689880079222,-1356.2769999999946,-899.2572,196127,1,0,0,0
2023-06-03 08:00:00+00:00,27174.42,27181.0,27112.73,27129.79,2020.98723,7.42e-05,0.00026632,0.0006586799999999999,-0.05164456333429967,0,0,7773.478,8887.062000000002,-1113.5840000000017,0.46658019487963776,0.49250131400488784,-1.268734917725122,-2019.0869999999986,-586.3341999999988,180658,1,0,0,0
2023-06-03 12:00:00+00:00,27129.78,27333.29,27126.85,27305.26,3088.32066,0.0001,0.00027366,0.00073004,0.8037238610712975,0,0,19992.42,15784.701000000001,4207.718999999997,0.5588046058820664,0.5009048010407184,2.5978966518688567,3399.694999999997,347.5716000000002,293925,1,0,0,0
2023-06-03 16:00:00+00:00,27305.27,27318.63,27025.59,27096.36,4087.75798,0.0001,0.00027366,0.00073004,0.8037238610712975,0,0,22943.956,27870.628000000004,-4926.672000000006,0.45152305094143835,0.49570115683991006,-1.6954732679128446,-1832.5370000000103,-547.6080000000014,419212,1,0,0,0
2023-06-03 20:00:00+00:00,27096.37,27124.68,26914.93,27069.22,2859.9248,5.566e-05,0.00022986,0.00068705,-0.8695387964129965,0,0,18005.089,18458.451,-453.362000000001,0.49378335180840915,0.4957440452176112,0.0012543862026140864,-1172.3150000000096,-396.06780000000197,316901,1,0,0,0
2023-06-04 00:00:00+00:00,27069.22,27100.43,26951.0,27061.38,2017.63875,4.85e-05,0.00020416000000000002,0.00071459,-1.114021594099277,0,0,13099.428,12175.662,923.7659999999996,0.5182742375991539,0.49507872039976686,0.9359473272621059,-4456.268000000007,-272.42660000000234,240905,0,1,0,0
2023-06-04 04:00:00+00:00,27061.37,27163.94,27027.0,27150.45,2458.23876,4.85e-05,0.00020416000000000002,0.00071459,-1.114021594099277,0,0,12994.784,10622.935000000001,2371.8489999999983,0.5502133377063212,0.5012109525018931,1.9623578971894635,2842.252999999997,424.6599999999977,221964,1,0,0,0
2023-06-04 08:00:00+00:00,27150.46,27249.86,27123.81,27198.55,2737.05084,0.0001,0.00020416,0.00071818,0.8047781415566684,0,0,14425.747,15241.718,-815.9710000000014,0.4862480498418048,0.5002389263069259,-0.34916905134841275,2479.6439999999966,-580.078000000002,275547,0,1,0,0
2023-06-04 12:00:00+00:00,27198.54,27298.0,27160.11,27179.0,3447.67191,0.0001,0.00020416,0.00071818,0.8047781415566684,0,0,19011.479,19234.17,-222.6909999999989,0.49708867536801377,0.5006987576250606,0.019406068897407713,1333.186999999998,360.71819999999934,351524,1,0,0,0
2023-06-04 16:00:00+00:00,27179.0,27222.0,27155.0,27213.11,1986.61888,0.0001,0.0002485,0.00071818,0.8047781415566688,0,0,9244.048,8512.425999999998,731.622000000003,0.5206015563675537,0.5051753728573811,0.8841820581751055,-307.03999999999724,597.7150000000001,174577,1,0,0,0
2023-06-04 20:00:00+00:00,27213.11,27455.02,27043.65,27115.21,6611.19135,0.0001,0.0002485,0.00071818,0.8047781415566688,0,0,42536.609,41172.538,1364.0709999999963,0.508147681877585,0.5051264742271984,0.366320066814987,1873.0020000000004,685.7759999999995,620862,0,1,0,0
2023-06-05 00:00:00+00:00,27115.2,27129.33,26791.04,26843.58,6449.76559,0.0001,0.0002485,0.00071818,0.8047781415566688,0,0,37964.721,42486.418,-4521.697,0.47189786834466074,0.5056582415737008,-1.0183746576163366,-2426.004000000001,-692.9332000000002,675205,1,0,0,0
2023-06-05 04:00:00+00:00,26843.57,26870.54,26740.38,26829.99,5422.13247,0.0001,0.00030000000000000003,0.0007704799999999999,0.8047781415566688,0,0,25024.149,27386.236999999997,-2362.087999999996,0.4774654588500837,0.4975243268705024,-0.8848872280735925,-5519.714,-1002.1565999999991,466185,1,0,0,0
2023-06-05 08:00:00+00:00,26830.0,26840.77,26668.0,26773.39,4723.46593,9.538e-05,0.00029538000000000003,0.0007732,0.6334388166174447,0,0,22742.988,25407.386000000002,-2664.398000000001,0.4723325305842899,0.49960527483478756,-1.0569152827613175,-9548.182999999997,-1490.4979999999996,414060,1,0,0,0
2023-06-05 12:00:00+00:00,26773.39,26817.61,26000.0,26007.53,14719.7066,9.538e-05,0.00029538000000000003,0.0007732,0.6334388166174447,0,0,85181.723,104971.506,-19789.782999999996,0.4479635894060994,0.4950232985945567,-1.8622659000070108,-24816.268999999993,-5594.7789999999995,1263096,1,0,0,0
2023-06-05 16:00:00+00:00,26007.53,26074.51,25388.0,25629.99,27456.05814,7.856e-05,0.00027394,0.0007523,-0.030172880386030252,0,0,127779.642,141423.10600000003,-13643.464000000022,0.474659500875526,0.4906618249221938,-0.8054319323656398,-36097.64500000002,-8596.286000000004,1788799,1,0,0,0
2023-06-05 20:00:00+00:00,25630.0,25858.42,25509.98,25728.2,7034.47432,7.856e-05,0.00027394,0.0007523,-0.030172880386030252,0,0,29110.436,31024.235999999997,-1913.7999999999956,0.4840873830657961,0.4840492294581413,-0.40899063590394097,-35347.04700000001,-8074.706600000002,552852,0,1,0,0
2023-06-06 00:00:00+00:00,25728.2,25801.09,25601.0,25730.83,5737.28976,-7.157e-05,0.00010237,0.0006065300000000001,-3.838307437888795,0,0,23111.122,22473.963,637.1589999999997,0.5069886784240942,0.4861232923163702,0.4194878259579878,-14920.105000000018,-7474.857200000003,386605,1,0,0,1
2023-06-06 04:00:00+00:00,25730.83,25821.41,25706.18,25722.33,4562.45045,-7.157e-05,0.00010237,0.0006065300000000001,-3.838307437888795,0,0,16239.173,16573.685999999994,-334.51299999999355,0.49490271481677356,0.4859046962612462,-0.008209933410395205,-1611.1539999999895,-7008.880200000001,274387,1,0,0,1
2023-06-06 08:00:00+00:00,25722.34,25797.0,25640.33,25686.64,4705.4168,-7.157e-05,0.00010237,0.0006065300000000001,-3.838307437888795,0,0,17848.374,19592.501999999997,-1744.127999999997,0.47670823727521766,0.4815153643520126,-0.6840841521148192,-1441.4819999999909,-3399.749200000001,355970,1,0,0,1
2023-06-06 12:00:00+00:00,25686.64,26143.69,25351.02,26066.11,18580.6297,-3.047e-05,-2.3480000000000002e-05,0.00047606,-2.3778265287198512,0,0,128538.434,123866.143,4672.290999999997,0.5092555591810841,0.4816261520823625,0.620387096659655,2593.650000000007,263.4018000000022,1804607,1,0,0,1
2023-06-06 16:00:00+00:00,26066.12,27216.89,26066.11,27080.13,21954.76955,-3.047e-05,-2.3480000000000002e-05,0.00047606,-2.3778265287198512,0,0,135549.029,113902.261,21646.76800000001,0.5433887674022452,0.48877524198812095,1.8019148080470546,24574.93100000001,4975.515400000004,1957595,1,0,0,1
2023-06-06 20:00:00+00:00,27080.12,27355.33,26857.92,27230.08,12852.04812,4.288e-05,-5.915999999999999e-05,0.00046328,-0.6256691354513109,0,0,58104.75,55646.212,2458.5380000000005,0.5108066690460165,0.49210936300771424,0.5301420149297084,28777.59700000001,5339.791200000004,1016504,1,0,0,0
2023-06-07 00:00:00+00:00,27230.07,27391.77,26720.47,26909.01,11374.06381,0.0001,0.00011241000000000002,0.0005147800000000001,0.7059435049476908,0,0,56134.557,58238.546,-2103.9890000000014,0.49080208132501224,0.4939563180817865,-0.21344609046971252,22001.31700000001,4985.8960000000025,932896,1,0,0,0
2023-06-07 04:00:00+00:00,26909.01,26980.04,26753.01,26795.87,5395.14109,0.0001,0.00011241000000000002,0.0005147800000000001,0.7059435049476908,0,0,22446.415,24563.602,-2117.186999999998,0.4774815333506474,0.4969081124762413,-0.693505290895605,-1762.637999999999,4911.284200000002,469065,1,0,0,0
2023-06-07 08:00:00+00:00,26795.87,26968.0,26352.0,26896.14,12299.41041,0.0001,0.00011241000000000002,0.0005147800000000001,0.7059435049476908,0,0,76094.457,75055.47200000001,1038.984999999986,0.5034369351241971,0.49978585590110836,0.31749319790898334,-3182.1910000000134,4184.623,1176183,1,0,0,0
2023-06-07 12:00:00+00:00,26896.14,26932.1,26236.0,26349.52,16129.1175,0.0001,0.00024288,0.0005147800000000001,0.7059435049476911,0,0,96723.403,105891.91299999999,-9168.50999999998,0.4773745880099213,0.499114576395521,-0.6647413665794327,-10246.711999999992,-1978.4325999999987,1588071,1,0,0,0
2023-06-07 16:00:00+00:00,26349.52,26553.78,26240.47,26482.42,7669.83392,4.005e-05,0.00024005,0.00045483000000000003,-0.646520991923295,0,0,40867.524,39852.181000000004,1015.3429999999935,0.5062893131237285,0.49904463986548436,0.4243404657009159,-7114.182000000001,-2267.0716,798606,1,0,0,0
2023-06-07 20:00:00+00:00,26482.43,26493.3,26125.01,26339.34,6751.87691,4.005e-05,0.00024005,0.00045483000000000003,-0.646520991923295,0,0,31346.943,32829.524,-1482.5809999999983,0.4884491849637033,0.4983992868801773,-0.24902858472365408,-9635.747999999985,-2142.7899999999995,633578,1,0,0,0
2023-06-08 00:00:00+00:00,26339.34,26470.0,26210.0,26344.17,5218.61987,4.005e-05,0.00024005,0.00045483000000000003,-0.646520991923295,0,0,22386.473,23498.429,-1111.9559999999983,0.48788320393492396,0.499516783546148,-0.28812233034721313,-1579.1940000000031,-1941.7437999999995,474000,0,1,0,0
2023-06-08 04:00:00+00:00,26344.16,26523.93,26290.19,26444.69,3725.37329,5.504e-05,0.00019509000000000003,0.00040987,-0.26378011532864126,0,0,22579.782,22135.431000000004,444.3509999999951,0.5049686781096178,0.4990880954390013,0.3720312511226117,-2150.1860000000015,-2060.6705999999976,456369,1,0,0,0
2023-06-08 08:00:00+00:00,26444.68,26504.94,26368.04,26432.0,3204.5364,3.09e-05,0.00012599,0.00034539000000000005,-0.7787745033375221,0,0,15960.156,15704.811,255.34500000000116,0.5040319795690928,0.4951524166556861,0.29412192179212726,-412.26000000000204,-175.89960000000139,362198,0,1,0,0
2023-06-08 12:00:00+00:00,26432.01,26810.0,26300.0,26721.68,10657.94023,3.09e-05,0.00012599,0.00034539000000000005,-0.7787745033375221,0,0,66024.261,60979.083,5045.178,0.5198623825212035,0.49605798800320483,1.0658148858004517,5744.873999999996,630.0673999999999,1132106,1,0,0,0
2023-06-08 16:00:00+00:00,26721.69,26732.24,26414.02,26539.9,5458.16496,4.011e-05,0.00012605,0.00030694,-0.5188117483727159,0,0,26495.278,30340.099000000002,-3844.8210000000036,0.46617581159002425,0.49359536102970597,-1.3250626108388024,1455.7019999999975,157.61939999999885,590345,1,0,0,0
2023-06-08 20:00:00+00:00,26539.86,26649.97,26488.01,26498.61,2810.87608,4.011e-05,0.00012605,0.00030694,-0.5188117483727159,0,0,13032.58,13968.456,-935.8760000000002,0.48266962793575774,0.49411417048821693,-0.565493884258259,264.48099999999613,192.8353999999985,320946,1,0,0,0
2023-06-09 00:00:00+00:00,26498.62,26596.58,26269.91,26483.7,5322.52752,6.588e-05,0.00013689,0.00044439,0.09063415685191764,0,0,28130.75,31018.763,-2888.012999999999,0.4755871785453246,0.49132919483032983,-0.8234655274168345,-7668.710000000003,-473.63740000000035,568471,1,0,0,0
2023-06-09 04:00:00+00:00,26483.69,26576.55,26424.35,26493.43,3615.92481,6.588e-05,0.00013689,0.00044439,0.09063415685191764,0,0,17224.696,16499.132,725.5639999999985,0.5107574383311408,0.49466747986245174,0.9134524029187554,-3098.3250000000007,-379.5936000000009,359722,1,0,0,0
2023-06-09 08:00:00+00:00,26493.44,26685.43,26491.66,26610.19,4887.18214,7.916e-05,0.00018515,0.00055402,0.417259242104672,0,0,25942.079,23506.452999999998,2435.626000000004,0.5246278898633432,0.4965013375364132,1.4876379927704348,273.1770000000033,-901.5040000000001,520008,1,0,0,0
2023-06-09 12:00:00+00:00,26610.18,26783.33,26452.86,26477.37,7205.6206,7.916e-05,0.00018515,0.00055402,0.417259242104672,0,0,38033.798,39972.31799999999,-1938.5199999999895,0.4875745640252106,0.49641387544256393,-0.289977083035361,1222.6700000000128,-520.2437999999972,805545,1,0,0,0
2023-06-09 16:00:00+00:00,26477.36,26529.54,26383.05,26407.15,4445.40191,4.404e-05,0.00018907999999999997,0.00055518,-0.42699301868383593,0,0,23499.038,22212.777000000002,1286.2609999999986,0.5140692400859602,0.49903247905766757,1.0142679168241933,1783.367000000013,-75.81639999999751,509079,0,1,0,0
2023-06-09 20:00:00+00:00,26407.15,26500.0,26397.11,26477.81,2458.05272,4.404e-05,0.00018907999999999997,0.00055518,-0.42699301868383593,0,0,9075.964,8603.43,472.53399999999965,0.5133639761634363,0.49987200886304944,0.9640497528027375,-179.72499999999127,596.2930000000022,234235,1,0,0,0
2023-06-10 00:00:00+00:00,26477.8,26533.87,26266.0,26323.07,5021.65979,8.702e-05,0.00021022,0.0005422000000000001,0.5566989628730235,0,0,24939.241,28873.273999999998,-3934.032999999996,0.46344685804036484,0.4958134967101766,-1.4233980248219393,-2175.2379999999976,-335.62639999999664,541131,1,0,0,0
2023-06-10 04:00:00+00:00,26323.07,26349.17,25456.41,25651.09,28094.05597,8.702e-05,0.00021022,0.0005422000000000001,0.5566989628730235,0,0,111819.001,127284.40999999999,-15465.408999999985,0.4676595809835603,0.49059321655641225,-1.1879069652873606,-18926.90799999998,-3915.8333999999945,1835402,1,0,0,0
2023-06-10 08:00:00+00:00,25651.08,25750.25,25561.25,25731.4,7165.46892,2.417e-05,0.00015523000000000002,0.00046637,-0.9559955744550471,0,0,22818.764,22243.601,575.1630000000005,0.5063818554574311,0.4946138209431529,0.5859943828298683,-18824.27899999998,-3413.0967999999966,484897,1,0,0,0
2023-06-10 12:00:00+00:00,25731.41,25731.41,25572.94,25628.8,5268.77063,2.417e-05,0.00015523000000000002,0.00046637,-0.9559955744550471,0,0,18041.52,18035.565,5.955000000001746,0.500082531612518,0.49635511131082904,0.22382788375244783,-14884.290999999983,-3669.157999999996,405256,0,1,0,0
2023-06-10 16:00:00+00:00,25628.81,26154.0,25358.0,25750.0,14974.92299,3.854e-05,0.00014973000000000002,0.00046486,-0.5653884404850846,0,0,92920.204,95255.47200000001,-2335.268000000011,0.4937949791130284,0.4981758913675994,-0.1405270563474731,-1754.1500000000087,-4230.718399999998,1444918,0,1,0,0
2023-06-10 20:00:00+00:00,25750.01,25932.02,25679.59,25841.21,4419.72278,3.854e-05,0.00014973000000000002,0.00046486,-0.5653884404850846,0,0,23581.38,23105.137,476.2430000000022,0.505100434028951,0.49761019093738035,0.42690450200249286,-1853.070000000007,-3348.663199999998,494622,1,0,0,0
2023-06-11 00:00:00+00:00,25841.22,25864.32,25695.0,25727.51,4218.10619,3.854e-05,0.00014973000000000002,0.00046486,-0.5653884404850846,0,0,15954.404,17088.699999999997,-1134.2959999999966,0.48283611612274685,0.49343101356332075,-0.7194665077327184,-2993.3210000000054,-482.44060000000064,371674,1,0,0,0
2023-06-11 04:00:00+00:00,25727.51,25834.59,25634.7,25741.33,3668.97441,4.45e-05,0.00010721,0.00045432,-0.4461487308159685,0,0,15426.295,15736.478000000001,-310.1830000000009,0.4950231803825674,0.4941758751990564,-0.069683381104955,-968.2359999999953,-659.509800000001,354203,0,1,0,0
2023-06-11 08:00:00+00:00,25741.32,25842.44,25695.0,25796.06,3776.68664,3.197e-05,0.00011501,0.00045538999999999996,-0.7041938933711646,0,0,13406.111,12352.587,1053.5240000000013,0.5204498690112366,0.494813938091584,1.200898327811963,-390.9549999999963,-449.996000000001,303346,1,0,0,0
2023-06-11 12:00:00+00:00,25796.05,25806.11,25672.68,25751.36,4082.10621,3.197e-05,0.00011501,0.00045538999999999996,-0.7041938933711646,0,0,13885.477,14933.734999999999,-1048.257999999998,0.48181320849438913,0.4916588613246794,-0.7942573618811867,-304.91699999999764,-192.5939999999984,336993,1,0,0,0
2023-06-11 16:00:00+00:00,25751.36,26106.66,25738.07,26030.89,8314.30254,5.925e-05,0.00013571999999999998,0.00047452999999999997,0.0032756081507470825,0,0,44967.0,40833.03599999999,4133.964000000007,0.5240906891927178,0.49772324443991467,1.5823481322194257,4139.2300000000105,538.9502000000026,798882,1,0,0,0
2023-06-11 20:00:00+00:00,26030.89,26206.88,25745.03,25925.55,5954.11996,5.925e-05,0.00013571999999999998,0.00047452999999999997,0.0032756081507470825,0,0,36140.546,38641.194,-2500.648000000001,0.483280356942751,0.4992853220358338,-0.6860184724619408,585.0580000000082,265.6798000000017,695511,1,0,0,0
2023-06-12 00:00:00+00:00,25925.54,26028.5,25602.11,25791.29,6665.93933,8.66e-05,0.00017782,0.00049525,0.6539844385262714,0,0,32644.249,34451.52900000001,-1807.2800000000097,0.48653208850190244,0.4973003453402809,-0.4909565147610467,-173.96400000000358,-33.73960000000007,706005,1,0,0,0
2023-06-12 04:00:00+00:00,25791.29,25905.63,25744.06,25802.98,3896.06919,8.66e-05,0.00017782,0.00049525,0.6539844385262714,0,0,14935.553,15425.449,-489.89600000000064,0.49193215032889887,0.49648530721191897,-0.21514339900442697,-4797.824000000011,-342.4236000000004,371678,0,1,0,0
2023-06-12 08:00:00+00:00,25802.97,26106.48,25780.0,25988.83,5833.76222,3.065e-05,0.0001765,0.00044674,-0.6939474731810666,0,0,31779.168,28786.501999999997,2992.6660000000047,0.5247059596632878,0.49957640526694486,1.5714274702370603,695.4899999999943,465.7612000000001,631520,1,0,0,0
2023-06-12 12:00:00+00:00,25988.82,25993.6,25734.47,25824.63,5467.66761,3.065e-05,0.0001765,0.00044674,-0.6939474731810666,0,0,27172.4,28110.339,-937.9389999999985,0.491516891013667,0.4982180509654165,-0.30017326089225865,1564.8310000000056,-548.6194000000011,646001,1,0,0,0
2023-06-12 16:00:00+00:00,25824.63,25966.18,25652.04,25824.23,5214.5963,3.065e-05,0.0001765,0.00044674,-0.6939474731810666,0,0,30210.412,30198.438,11.974000000001979,0.5000991079949378,0.4999443501526356,0.19704255045608043,2066.701000000008,-46.09500000000044,651033,0,1,0,0
2023-06-12 20:00:00+00:00,25824.23,25970.05,25804.3,25905.19,2822.47428,3.624e-05,0.00015349,0.00043893999999999997,-0.5085044849757303,0,0,12546.841,12639.588,-92.74699999999939,0.49815879019610126,0.500257911133989,0.06887387818090765,-1018.7119999999959,296.81160000000165,321818,0,1,0,0
2023-06-13 00:00:00+00:00,25905.2,26157.99,25818.07,26063.85,6646.9644,0.0001,0.00016689,0.00045191999999999997,1.0719879667157015,0,0,36521.127,33869.905000000006,2651.2219999999943,0.5188321006573677,0.5000961342986021,1.1637952694189455,2570.448999999997,925.0352000000006,697551,1,0,0,0
2023-06-13 04:00:00+00:00,26063.85,26133.03,25973.7,26073.92,3654.18194,0.0001,0.00016689,0.00045191999999999997,1.0719879667157015,0,0,16973.631,17121.568999999996,-147.93799999999464,0.4978305157324199,0.5016978650224051,0.004902862548699807,2410.5370000000003,296.91440000000074,398877,0,1,0,0
2023-06-13 08:00:00+00:00,26073.91,26272.25,26060.77,26191.81,7274.19395,6.18e-05,0.00019804,0.00048955,0.15231176208103472,0,0,35445.096,31753.500999999997,3691.595000000001,0.5274677981744172,0.5020355759205751,1.5521345967439137,6194.879000000001,1222.8212000000008,678368,1,0,0,0
2023-06-13 12:00:00+00:00,26191.81,26433.21,25712.57,25759.54,15947.44516,6.18e-05,0.00019804,0.00048955,0.15231176208103472,0,0,89872.011,95140.58499999999,-5268.573999999993,0.4857615802547844,0.5022836982517784,-0.6339442295222272,-1724.9169999999867,166.71160000000162,1722688,1,0,0,0
2023-06-13 16:00:00+00:00,25759.54,25978.37,25739.38,25902.84,4582.14533,6.503e-05,0.00022683000000000002,0.0005160399999999999,0.22652562252829658,0,0,24796.614,24423.847,372.7669999999998,0.5037867077270974,0.504009160174298,0.29584669178165596,-1204.2119999999923,259.81440000000146,553471,1,0,0,0
2023-06-13 20:00:00+00:00,25902.83,25959.26,25808.1,25934.25,2960.67775,6.503e-05,0.00022683000000000002,0.0005160399999999999,0.22652562252829658,0,0,14882.977,13735.890999999998,1147.086000000003,0.5200407297730993,0.506820018118718,1.148564699544195,-3748.7209999999905,-41.01279999999679,345440,1,0,0,0
2023-06-14 00:00:00+00:00,25934.24,26055.99,25911.6,25985.07,3250.7713,2.438e-05,0.00015121,0.00049592,-0.7808051222961977,0,0,16524.553,16744.475,-219.92199999999866,0.49669479372826886,0.5040189015252161,-0.22979946967626416,1299.9310000000041,-55.40959999999759,384175,0,1,0,0
2023-06-14 04:00:00+00:00,25985.06,26005.36,25837.13,25897.72,3115.6103,2.438e-05,0.00015121,0.00049592,-0.7808051222961977,0,0,14786.88,15329.496000000001,-542.6160000000018,0.4909913463691647,0.5039663470607658,-0.5281450752426001,384.5480000000025,-902.2517999999982,326753,1,0,0,0
2023-06-14 08:00:00+00:00,25897.71,26028.58,25885.35,25975.71,3129.69928,2.716e-05,0.00011657000000000002,0.00049111,-0.6594896778239907,0,0,15442.204,13518.509,1923.6949999999997,0.5332121484716208,0.5072776511084343,1.8935539122532359,1161.1569999999992,536.2020000000005,309043,1,0,0,0
2023-06-14 12:00:00+00:00,25975.71,26085.33,25927.22,25986.75,4693.52887,2.716e-05,0.00011657000000000002,0.00049111,-0.6594896778239907,0,0,20498.633,21082.15,-583.5169999999998,0.4929833331902384,0.5067601054078479,-0.42817184101510025,797.5619999999981,344.94520000000045,469909,0,1,0,0
2023-06-14 16:00:00+00:00,25986.74,26098.0,25753.38,25874.59,8531.61707,3.661e-05,8.815000000000001e-05,0.00046847,-0.37222259333337415,0,0,52057.948,52945.749,-887.8010000000068,0.4957725250378565,0.5044541478458967,-0.23427730177078585,452.37699999999313,-62.03220000000147,965936,1,0,0,0
2023-06-14 20:00:00+00:00,25874.58,25879.69,24820.56,25128.6,22356.08926,3.661e-05,8.815000000000001e-05,0.00046847,-0.37222259333337415,0,0,102110.234,123640.77100000001,-21530.53700000001,0.45231353012138303,0.4999024492847931,-2.3920057382457576,-23001.855000000018,-4324.155200000004,1676636,1,0,0,0
2023-06-15 00:00:00+00:00,25128.6,25206.52,25030.01,25065.35,4255.38633,-3.265e-05,3.112000000000002e-05,0.00034921999999999997,-1.982498953066666,0,0,19826.486,21932.902,-2106.4159999999974,0.47477913229954427,0.49463358269730584,-1.2695383979707877,-24524.754000000015,-4636.915200000003,405809,1,0,0,0
2023-06-15 04:00:00+00:00,25065.35,25072.35,24872.35,24983.8,7733.13657,-3.265e-05,3.112000000000002e-05,0.00034921999999999997,-1.982498953066666,0,0,33563.775,33710.681000000004,-146.90600000000268,0.4989081591384403,0.4959482405856714,-0.015126238464609951,-23783.85900000001,-5051.035400000003,622041,1,0,0,0
2023-06-15 08:00:00+00:00,24983.81,25050.0,24800.0,25014.97,8784.77975,6.193e-05,6.589000000000001e-05,0.0003805,0.4285613916060815,0,0,33809.764,34827.024,-1017.2599999999948,0.4925895425059809,0.4948285240635597,-0.35078358593034925,-3270.581999999995,-5137.784000000002,629888,0,1,0,0
2023-06-15 12:00:00+00:00,25014.97,25108.54,24921.11,24959.95,8435.0323,6.193e-05,6.589000000000001e-05,0.0003805,0.4285613916060815,0,0,34642.944,35647.778999999995,-1004.8349999999919,0.4928522928978836,0.49210968037603814,-0.3213659188562511,-2169.0009999999893,-5161.190799999999,669717,1,0,0,0
2023-06-15 16:00:00+00:00,24959.96,25518.49,24929.0,25455.49,9617.56919,6.687e-05,9.615e-05,0.00041113,0.5697865792190061,0,0,58639.207,54216.746999999996,4422.460000000006,0.5195933836153651,0.49439953936474784,1.1333376468094218,2400.36500000002,29.408600000003936,975536,1,0,0,0
2023-06-15 20:00:00+00:00,25455.49,25759.01,25220.25,25598.49,9838.95649,6.687e-05,9.615e-05,0.00041113,0.5697865792190061,0,0,57230.937,55923.12900000001,1307.80799999999,0.5057788820421176,0.49587829293204305,0.3592012534993597,4725.4330000000045,712.2534000000014,955521,1,0,0,0
2023-06-16 00:00:00+00:00,25598.49,25606.59,25440.39,25561.74,3915.20068,3.971e-05,0.00016851000000000002,0.00035083999999999994,-0.27906920928672957,0,0,20976.366,22073.538999999997,-1097.1729999999952,0.4872569637493974,0.4912827744598208,-0.6893355630777791,4633.095000000001,522.2000000000029,411270,1,0,0,0
2023-06-16 04:00:00+00:00,25561.75,25629.73,25475.84,25537.01,4070.48779,3.971e-05,0.00016851000000000002,0.00035083999999999994,-0.27906920928672957,0,0,19458.437,21000.056999999997,-1541.6199999999953,0.4809481292111368,0.4900792540619106,-1.0008708001490028,-1330.9850000000006,417.3280000000028,423486,1,0,0,0
2023-06-16 08:00:00+00:00,25537.0,25624.38,25462.03,25474.51,5108.24521,7.81e-06,0.00011439000000000002,0.00029685,-1.441991725411713,0,0,21439.248,21760.894,-321.64600000000064,0.4962772576071625,0.4901297273188412,-0.11067535553983651,-2960.438999999991,553.9658000000011,472951,1,0,0,0
2023-06-16 12:00:00+00:00,25474.51,25896.78,25175.56,25840.01,12940.05194,7.81e-06,0.00011439000000000002,0.00029685,-1.441991725411713,0,0,79197.768,72640.14899999999,6557.619000000006,0.5215941417320682,0.49705778847990967,1.2360892249813797,4694.35300000001,980.997600000001,1204076,1,0,0,0
2023-06-16 16:00:00+00:00,25840.0,26518.0,25774.02,26382.43,20866.29228,2.36e-06,4.9880000000000024e-05,0.00023417999999999998,-1.5177203891689435,0,0,114513.03,102424.54699999999,12088.483000000007,0.5278616622513489,0.5023660414750901,1.5637561655788552,18324.456000000013,3137.1326000000045,1748256,1,0,0,0
2023-06-16 20:00:00+00:00,26382.43,26464.58,26287.97,26345.0,4696.63872,2.36e-06,4.9880000000000024e-05,0.00023417999999999998,-1.5177203891689435,0,0,19045.092,18615.829,429.262999999999,0.5056990507481216,0.5030451306360583,0.2965459391011906,19075.365000000013,3442.4198000000033,441339,0,1,0,0
2023-06-17 00:00:00+00:00,26345.01,26372.4,26181.0,26262.16,3497.08278,9.868e-05,0.00010885000000000002,0.00030848,1.6559130939245335,0,0,18328.15,18332.905,-4.754999999997381,0.49993514916578374,0.5037796913020386,-0.053290048937721525,12512.991000000009,3749.792800000003,384974,1,0,0,0
2023-06-17 04:00:00+00:00,26262.17,26839.99,26246.0,26593.57,9565.95016,9.868e-05,0.00010885000000000002,0.00030848,1.6559130939245335,0,0,58933.784,49004.479999999996,9929.304000000004,0.5459952922718861,0.5090939912394388,2.241679464792645,10353.812000000005,5799.982800000003,868795,1,0,0,0
2023-06-17 08:00:00+00:00,26593.58,26657.09,26473.5,26507.76,4665.11979,0.0001,0.00020104000000000004,0.00038132,1.6994379802701296,0,0,21406.73,21746.264,-339.53399999999965,0.49606592766193697,0.506741245644096,-0.2991198366565422,9585.015000000007,4420.552200000003,447995,1,0,0,0
2023-06-17 12:00:00+00:00,26507.75,26585.48,26311.0,26410.82,5426.02563,0.0001,0.00020104000000000004,0.00038132,1.6994379802701296,0,0,31173.701,33393.144,-2219.4429999999993,0.4828128275433003,0.5044446401942142,-0.973207455993124,7370.327000000005,1558.9670000000012,629528,1,0,0,0
2023-06-17 16:00:00+00:00,26410.82,26538.37,26378.95,26475.3,2713.13332,7.543e-05,0.00027411000000000004,0.00042014,0.8407589114698604,0,0,16129.45,15639.291999999998,490.1580000000031,0.5077144697766125,0.5064903907969358,0.3147354597739308,-2068.818999999996,1571.146000000002,387863,1,0,0,0
2023-06-17 20:00:00+00:00,26475.31,26595.13,26465.42,26516.99,1974.90782,7.543e-05,0.00027411000000000004,0.00042014,0.8407589114698604,0,0,10503.471,11147.025,-643.5540000000001,0.4851376615113113,0.5069093440269532,-0.8309219791265979,-2372.8389999999963,1443.3862000000015,267989,0,1,0,0
2023-06-18 00:00:00+00:00,26516.99,26548.63,26378.98,26548.45,2397.66907,3.706e-05,0.00021249000000000002,0.00048985,-0.38971219818242,0,0,13093.092,13939.733,-846.6409999999996,0.4843405008540543,0.5057156683516424,-0.8150936620945194,-1000.0369999999966,-711.8027999999991,307423,0,1,0,0
2023-06-18 04:00:00+00:00,26548.46,26680.0,26472.03,26584.98,4069.09898,3.706e-05,0.00021249000000000002,0.00048985,-0.38971219818242,0,0,21082.211,19622.505999999998,1459.7050000000017,0.5179304157795767,0.5053492957563932,0.8755619769430554,-30.489999999997963,-351.95499999999885,420987,1,0,0,0
2023-06-18 08:00:00+00:00,26584.99,26596.0,26456.83,26500.0,2525.69386,8.233e-05,0.00019482,0.0005102500000000001,1.0144162446273488,0,0,13550.067,14043.389,-493.3220000000001,0.4910608877699118,0.5016692183082496,-0.44694742015204203,119.74200000000201,-6.7307999999989985,331545,1,0,0,0
2023-06-18 12:00:00+00:00,26500.0,26573.35,26444.0,26562.09,3559.38335,8.233e-05,0.00019482,0.0005102500000000001,1.0144162446273488,0,0,16773.69,16450.960000000003,322.7299999999959,0.5048567855492834,0.5015849917883657,0.2474430318434591,1289.1129999999976,-40.216400000000434,384980,1,0,0,0
2023-06-18 16:00:00+00:00,26562.09,26657.99,26525.99,26650.0,2834.3115,6.705e-05,0.00018644,0.0005104300000000001,0.49354468627380443,0,0,17031.717,15486.697,1545.0200000000004,0.5237560786328632,0.5039670847350737,1.1847721730364051,1374.4279999999962,397.49839999999966,392656,1,0,0,0
2023-06-18 20:00:00+00:00,26650.01,26700.0,26255.85,26339.97,6152.15346,6.705e-05,0.00018644,0.0005104300000000001,0.49354468627380443,0,0,38201.882,42701.54000000001,-4499.65800000001,0.4721911762891809,0.4965866731368031,-1.3769854056351245,-2631.908000000014,-333.10500000000246,755401,1,0,0,0
2023-06-19 00:00:00+00:00,26339.98,26469.58,26256.61,26403.36,2818.66359,7.04e-05,0.00021978000000000004,0.0005411200000000001,0.594535284200066,0,0,16220.123,15980.661,239.46199999999953,0.5037182635056339,0.4973519067211728,0.2145677374113041,-2715.1760000000104,-577.1536000000029,376342,1,0,0,0
2023-06-19 04:00:00+00:00,26403.36,26478.87,26369.0,26428.01,2925.34742,7.04e-05,0.00021978000000000004,0.0005411200000000001,0.594535284200066,0,0,9547.91,10024.189999999999,-476.27999999999884,0.48783268019272336,0.4978538919861152,-0.5860025643591967,-4736.47600000001,-573.7452000000027,251138,0,1,0,0
2023-06-19 08:00:00+00:00,26428.0,26459.18,26364.4,26447.73,2824.90303,6.397e-05,0.00020142,0.0005972800000000001,0.4095680585639193,0,0,11982.91,13013.592,-1030.6820000000007,0.479383475335869,0.4950207925420408,-0.9597806743906182,-1267.5,-844.427600000002,266960,0,1,0,0
2023-06-19 12:00:00+00:00,26447.73,26576.87,26348.01,26444.0,5446.90953,6.397e-05,0.00020142,0.0005972800000000001,0.4095680585639193,0,0,32699.99,32848.17099999999,-148.18099999998594,0.4988696784338466,0.4963939942342943,0.056727127227732904,-1655.1429999999855,-1183.0677999999994,655828,1,0,0,0
2023-06-19 16:00:00+00:00,26443.99,27068.09,26308.45,26682.28,16596.08384,3.69e-05,0.00017127,0.0006318200000000001,-0.45633799234292877,0,0,103827.488,96392.42899999999,7435.059000000008,0.5185672312510249,0.4998166672739914,1.0354404270095268,6256.196000000022,1203.8756000000044,1640531,1,0,0,0
2023-06-19 20:00:00+00:00,26682.29,26859.36,26652.19,26844.35,5260.75233,3.69e-05,0.00017127,0.0006318200000000001,-0.45633799234292877,0,0,29516.42,28479.874000000003,1036.5459999999948,0.5089363123788564,0.49891725693391936,0.49054857194944845,8323.424000000017,1363.2924000000035,628288,1,0,0,0
2023-06-20 00:00:00+00:00,26844.35,27179.03,26798.68,26896.52,7510.40809,3.69e-05,0.00017127,0.0006318200000000001,-0.45633799234292877,0,0,41464.158,38022.009,3442.149000000005,0.5216525033846455,0.5019764184953928,1.1534861552295157,11913.754000000008,2146.978200000004,784778,1,0,0,0
2023-06-20 04:00:00+00:00,26896.53,27033.24,26755.0,26832.44,5125.51154,4.35e-05,0.00014437,0.00057664,-0.20161576566729172,0,0,28183.308,30114.26,-1930.9519999999975,0.4834388288719008,0.4998346228276544,-1.0395912113401038,2547.743000000002,1966.924200000005,565774,1,0,0,0
2023-06-20 08:00:00+00:00,26832.45,26912.0,26702.47,26907.99,4550.36223,-4.48e-06,7.592000000000002e-05,0.00047216000000000006,-1.6839948650543353,0,0,21905.839,19722.813000000002,2183.025999999998,0.5262202340830061,0.5000810383726688,1.3229936699763967,3694.2230000000054,2433.1656000000016,464867,1,0,0,0
2023-06-20 12:00:00+00:00,26907.99,27134.73,26652.0,27071.93,8935.82439,-4.48e-06,7.592000000000002e-05,0.00047216000000000006,-1.6839948650543353,0,0,57713.556,56674.35400000001,1039.2019999999902,0.5045424468372575,0.5033161654274764,0.0869402406090848,1291.2759999999907,1153.994199999998,1060000,1,0,0,0
2023-06-20 16:00:00+00:00,27071.94,28140.0,27001.73,27982.77,30469.11578,-2.597e-05,1.3050000000000012e-05,0.00037076000000000003,-2.1104517627720822,0,0,180551.874,159520.72599999997,21031.148000000045,0.5309215561618313,0.5060364946930961,1.5107440566533852,24253.376000000033,5152.914600000008,2696937,1,0,0,1
2023-06-20 20:00:00+00:00,27982.77,28402.74,27872.0,28307.99,13075.73322,-2.597e-05,1.3050000000000012e-05,0.00037076000000000003,-2.1104517627720822,0,0,65953.616,58349.784,7603.831999999995,0.5305857764148044,0.5103118043153042,1.3961923259825457,29674.18200000003,5985.251200000006,1158703,1,0,0,1
2023-06-21 00:00:00+00:00,28308.0,29088.09,28257.99,28711.15,17152.45801,6.295e-05,3.250000000000001e-05,0.00039665,0.45932584347101746,0,0,90939.413,78867.753,12071.660000000003,0.5355452019027277,0.5159279769719901,1.5285590018950186,40706.64000000004,8785.773600000006,1385762,1,0,0,0
2023-06-21 04:00:00+00:00,28711.15,29005.0,28680.0,28872.28,11260.27734,6.295e-05,3.250000000000001e-05,0.00039665,0.45932584347101746,0,0,39354.426,36251.93199999999,3102.494000000006,0.5205174146862094,0.5180927505972265,0.7028586406312944,22777.986000000004,8969.667200000007,730838,1,0,0,0
2023-06-21 08:00:00+00:00,28872.28,29221.99,28787.7,28930.0,11143.04259,0.0001,0.00013698,0.00041432,1.4195818729239975,0,0,55618.784,52842.346999999994,2776.4370000000054,0.5127992257429069,0.5175159500464146,0.2698816080835719,17950.591000000015,9317.11420000001,952044,1,0,0,0
2023-06-21 12:00:00+00:00,28930.0,30000.0,28875.81,29851.58,27907.23239,0.0001,0.00013698,0.00041432,1.4195818729239975,0,0,170115.673,152257.34499999997,17858.328000000038,0.5276982362090863,0.5193921424294377,1.0348680943129254,23737.25900000005,8682.550200000009,2555210,1,0,0,0
2023-06-21 16:00:00+00:00,29851.58,30800.0,29763.37,30112.03,32165.45866,2.551e-05,0.00018846000000000002,0.00037278,-0.6343681285306791,0,0,185414.039,179827.88900000002,5586.149999999965,0.5076471915896796,0.517991611249941,0.023164276153599908,26220.915000000008,8279.013800000004,2822814,1,0,0,0
2023-06-21 20:00:00+00:00,30112.02,30195.77,29800.0,29993.89,9297.93513,2.551e-05,0.00018846000000000002,0.00037278,-0.6343681285306791,0,0,39772.357,42212.469,-2440.1119999999937,0.4851185144919378,0.5181595798119447,-1.1151292976810512,21004.36600000001,5376.659400000004,819042,1,0,0,0
2023-06-22 00:00:00+00:00,29993.89,30500.0,29891.15,30296.01,10104.59967,0.0001,0.00022551000000000006,0.00040238,1.4077044759257369,0,0,43040.481,41357.276,1683.2050000000017,0.5099718586123089,0.516534742264875,0.16231134912496406,4829.242999999973,5092.801600000003,901769,1,0,0,0
2023-06-22 04:00:00+00:00,30296.0,30350.0,30010.0,30100.75,7689.18523,0.0001,0.00022551000000000006,0.00040238,1.4077044759257369,0,0,28955.659,30914.334000000003,-1958.675000000003,0.48364226466503846,0.5144447240476531,-1.1661083688852267,-2715.581999999995,4145.779200000002,679068,1,0,0,0
2023-06-22 08:00:00+00:00,30100.75,30244.0,29840.09,29928.0,10681.90715,0.0001,0.00022551000000000006,0.00040238,1.4077044759257369,0,0,45436.847,47272.59099999999,-1835.7439999999915,0.4900994761719945,0.5103625160486694,-0.7932150910317192,-2111.2139999999927,206.96479999999573,911624,1,0,0,0
2023-06-22 12:00:00+00:00,29928.01,30351.14,29525.61,29850.65,16896.20667,0.0001,0.00022551000000000006,0.0004384100000000001,1.3083189181543036,0,0,86451.741,91091.613,-4639.872000000003,0.48693312958366214,0.5059972513655552,-0.982454946290005,-8434.290999999997,-1838.2395999999978,1628889,1,0,0,0
2023-06-22 16:00:00+00:00,29850.65,30234.83,29821.5,30213.11,8943.57285,9.236e-05,0.00029236,0.00049387,1.0367566091109923,0,0,51817.623,49255.786,2561.8369999999995,0.5126731502644776,0.5037100462017301,0.4288790885120065,-3913.778999999995,-837.8497999999993,987758,1,0,0,0
2023-06-22 20:00:00+00:00,30213.11,30256.76,29880.0,29884.92,4739.09303,9.236e-05,0.00029236,0.00049387,1.0367566091109923,0,0,21540.993,23916.798,-2375.8050000000003,0.4738680108762874,0.49904510582073797,-1.6397080391108452,-4453.840000000004,-1649.6517999999996,524789,1,0,0,0
2023-06-23 00:00:00+00:00,29884.92,30054.0,29800.0,30007.96,4581.18928,0.0001,0.0002923600000000001,0.00055037,1.2374361250372143,0,0,22629.701,23421.479,-791.7779999999984,0.4914032821743113,0.4969055114638784,-0.7224730404868632,-605.7459999999992,-1416.2723999999987,480547,0,1,0,0
2023-06-23 04:00:00+00:00,30007.97,30082.25,29904.29,29931.99,4355.16293,0.0001,0.0002923600000000001,0.00055037,1.2374361250372143,0,0,14074.447,15453.235,-1378.7880000000005,0.47665262041226264,0.49180094988419604,-1.4074784758262726,-4546.370999999999,-1324.8812000000005,380119,1,0,0,0
2023-06-23 08:00:00+00:00,29932.0,30195.0,29906.71,30140.87,6057.11746,0.0001,0.00029236,0.0006548500000000001,1.1751101461961357,0,0,29781.646,28026.456,1755.1900000000023,0.5151811765070577,0.49255434837593376,0.5807251447471313,-415.37599999999657,-45.86879999999947,625427,1,0,0,0
2023-06-23 12:00:00+00:00,30140.86,31400.0,29911.07,31238.0,26083.48619,0.0001,0.00029236,0.0006548500000000001,1.1751101461961357,0,0,145138.589,124632.64800000002,20505.94099999999,0.5380061663134236,0.49784311355808236,1.6416079113648923,20882.342999999993,3542.951999999999,2206663,1,0,0,0
2023-06-23 16:00:00+00:00,31238.01,31431.94,30615.33,30880.87,25886.97674,0.0001,0.00030000000000000003,0.00078082,1.1208242040595071,0,0,112265.316,116684.46499999998,-4419.148999999976,0.4903490866409696,0.4958808363609485,-0.6977699205509481,17841.982000000018,3134.283200000004,2028006,1,0,0,0
2023-06-23 20:00:00+00:00,30880.88,30950.0,30453.1,30688.5,6967.96375,0.0001,0.00030000000000000003,0.00078082,1.1208242040595071,0,0,32186.868,34778.221000000005,-2591.3530000000064,0.4806514630332231,0.495581756197767,-1.2275087913020544,13495.43900000001,2774.368200000002,732062,1,0,0,0
2023-06-24 00:00:00+00:00,30688.51,30794.11,30410.0,30730.01,6049.00866,0.0001,0.00030000000000000003,0.0008178700000000001,1.047987772246299,0,0,29588.134,27734.956,1853.1779999999999,0.516164324009749,0.4981882409815424,0.5795149643323853,-5157.323999999982,3420.761400000002,650418,1,0,0,0
2023-06-24 04:00:00+00:00,30730.0,30788.0,30552.01,30567.58,3587.21749,0.0001,0.00030000000000000003,0.0008178700000000001,1.047987772246299,0,0,13629.735,15507.845000000001,-1878.1100000000006,0.46777168865774027,0.4962720968889502,-1.7829156612851258,-2616.285000000007,2694.101400000002,380096,1,0,0,0
2023-06-24 08:00:00+00:00,30567.58,30742.73,30552.78,30684.38,3478.09199,0.0001,0.00030000000000000003,0.0008178700000000001,0.9807665519579583,0,0,16068.401,14675.763,1392.637999999999,0.5226488188132226,0.4972696637438247,0.8446652654347411,1367.7059999999983,-1128.5591999999967,393231,1,0,0,0
2023-06-24 12:00:00+00:00,30684.37,30800.0,30282.07,30398.71,7419.33976,0.0001,0.00030000000000000003,0.0008178700000000001,0.9807665519579583,0,0,33731.487,38577.611,-4846.123999999996,0.46649021952949826,0.4965318846091458,-1.7831256902034982,-5331.595999999998,-1213.9542000000008,801187,1,0,0,0
2023-06-24 16:00:00+00:00,30398.72,30709.36,30250.0,30627.84,6143.31292,0.0001,0.00030000000000000003,0.00089236,0.9200880109665056,0,0,29457.898,29233.47,224.42799999999988,0.5019119336254013,0.4975827497542548,-0.09861970653554641,-3229.0579999999973,-650.7979999999995,639952,1,0,0,0
2023-06-24 20:00:00+00:00,30627.84,30627.85,30408.95,30527.43,3836.33053,0.0001,0.00030000000000000003,0.00089236,0.9200880109665056,0,0,14841.838,16492.15,-1650.3120000000017,0.4736657842595714,0.4972840661389856,-1.3332448750827082,-6272.007999999998,-1351.4959999999999,386838,1,0,0,0
2023-06-25 00:00:00+00:00,30527.44,30783.68,30465.41,30748.46,3538.22628,0.0001,0.00030000000000000003,0.00089236,0.8908337704008434,0,0,19594.591,16721.247000000003,2873.3439999999973,0.539560480471358,0.4997219965354157,1.596614096763325,1447.4599999999955,-401.20520000000033,419078,1,0,0,0
2023-06-25 04:00:00+00:00,30748.46,31046.01,30666.87,30723.78,8518.57452,0.0001,0.00030000000000000003,0.00089236,0.8908337704008434,0,0,40092.933,39173.840000000004,919.0929999999935,0.5057974669916233,0.49650112660323575,0.07300993952727357,2142.124999999989,-495.9142000000014,817687,0,1,0,0
2023-06-25 08:00:00+00:00,30723.78,30761.7,30584.51,30716.03,3922.90014,0.0001,0.00030000000000000003,0.00089236,0.8460217023373056,0,0,19042.318,17799.979,1242.339,0.5168602272545602,0.4991522406645947,0.5893809476169709,5034.775999999991,721.7783999999978,451850,0,1,0,0
2023-06-25 12:00:00+00:00,30716.03,30739.8,30462.0,30585.16,5838.8806,0.0001,0.00030000000000000003,0.00089236,0.8460217023373056,0,0,29689.729,31232.605000000003,-1542.8760000000038,0.48733735316181415,0.49982082967745384,-0.7160372154276058,618.5559999999896,368.317599999997,655748,1,0,0,0
2023-06-25 16:00:00+00:00,30585.16,30655.11,30328.0,30429.78,4871.42995,0.0001,0.00030000000000000003,0.0009000000000000001,0.8072175704283425,0,0,22200.497,27277.774,-5077.277000000002,0.4486918510147616,0.4930735823779552,-2.182225872454471,-5377.814000000006,-317.075400000003,594433,1,0,0,0
2023-06-25 20:00:00+00:00,30429.78,30571.89,30277.49,30462.66,3533.43652,0.0001,0.00030000000000000003,0.0009000000000000001,0.8072175704283425,0,0,19268.491,19439.15,-170.65899999999965,0.4977955386121309,0.4960759673733941,-0.07163312237742615,-6790.812000000005,-925.8760000000024,460394,0,1,0,0
2023-06-26 00:00:00+00:00,30462.67,30550.0,29963.6,30296.36,9207.88051,0.0001,0.00030000000000000003,0.0009000000000000001,0.7549334313308245,0,0,42290.896,45010.27,-2719.373999999996,0.4844253282940116,0.49225361832147313,-0.6002999889157045,-7967.309999999998,-1653.5694000000003,922065,1,0,0,0
2023-06-26 04:00:00+00:00,30296.35,30580.0,30164.79,30404.29,6806.5466,0.0001,0.00030000000000000003,0.0009000000000000001,0.7549334313308245,0,0,30946.058,29466.272,1479.786,0.5122473839363587,0.4968293347621591,0.6734452955072886,-1410.2469999999958,-1606.0800000000004,645901,1,0,0,0
2023-06-26 08:00:00+00:00,30404.28,30428.36,30130.0,30322.89,5433.69289,0.0001,0.00030000000000000003,0.0009000000000000001,0.7039548445473635,0,0,22114.238,23847.293,-1733.0550000000003,0.48114667894766167,0.4947528092943852,-0.6957512852296193,-2972.6429999999964,-1644.1157999999996,527168,1,0,0,0
2023-06-26 12:00:00+00:00,30322.89,30666.0,30257.02,30419.62,9096.84715,0.0001,0.00030000000000000003,0.0009000000000000001,0.7039548445473635,0,0,43272.253,42768.424,503.8289999999979,0.5029278535314174,0.4976790162215698,0.3465765780012962,250.55999999999767,-527.8945999999996,893125,1,0,0,0
2023-06-26 16:00:00+00:00,30419.63,30432.0,29930.0,30243.97,11221.92192,0.0001,0.00030000000000000003,0.0009000000000000001,0.6572076985813903,0,0,50759.849,56015.770000000004,-5255.921000000002,0.4753880096916132,0.4912617691435953,-0.8952301866289779,-6485.1470000000045,-1544.9470000000001,1055316,1,0,0,0
2023-06-26 20:00:00+00:00,30243.97,30290.0,30099.0,30267.99,3413.52582,0.0001,0.00030000000000000003,0.0009000000000000001,0.6572076985813903,0,0,14027.307,14580.725999999999,-553.418999999998,0.4903275593956425,0.4897147783839972,-0.2045897019935623,-5305.511000000002,-1111.7560000000005,372949,0,1,0,0
2023-06-27 00:00:00+00:00,30267.99,30496.88,30226.17,30371.57,4890.13774,0.0001,0.00030000000000000003,0.0009000000000000001,0.6553655772963711,0,0,20516.335,20640.754,-124.41900000000169,0.4984884863941665,0.48787760429795785,0.19811925287208845,-5933.759000000002,-1432.597000000001,513403,0,1,0,0
2023-06-27 04:00:00+00:00,30371.56,30470.8,30233.58,30411.22,4152.72217,0.0001,0.00030000000000000003,0.0009000000000000001,0.6553655772963711,0,0,19199.282,17301.760000000002,1897.5219999999972,0.5259927100163332,0.4917431399834097,1.3894608585624713,1219.6839999999975,-706.4816000000013,431120,1,0,0,0
2023-06-27 08:00:00+00:00,30411.23,30786.99,30336.0,30729.1,8932.93349,0.0001,0.00030000000000000003,0.0009000000000000001,0.6553655772963711,0,0,42188.546,39664.837,2523.7090000000026,0.5154160335682155,0.49841555823875516,0.8550162498466298,4296.811999999998,-302.5056000000004,860331,1,0,0,0
2023-06-27 12:00:00+00:00,30729.09,30994.97,30383.0,30498.74,13404.27576,0.0001,0.00030000000000000003,0.0009000000000000001,0.6553655772963711,0,0,71474.377,75616.485,-4142.108000000007,0.48591990031304594,0.4972279944088466,-0.48052699136333454,279.1229999999923,-79.74300000000149,1413868,1,0,0,0
2023-06-27 16:00:00+00:00,30498.74,30769.96,30455.5,30648.03,7509.05985,0.0001,0.00030000000000000003,0.0009000000000000001,0.6270388835023057,0,0,28993.844,28468.963,524.8810000000012,0.5045671367916295,0.4992421752586084,0.3792824416207336,-1093.5180000000037,135.91699999999838,699750,1,0,0,0
2023-06-27 20:00:00+00:00,30648.03,30736.24,30554.09,30692.44,3810.51256,0.0001,0.00030000000000000003,0.0009000000000000001,0.6270388835023057,0,0,20951.716,21056.449,-104.73300000000017,0.4987534209123393,0.4978927789562064,0.0775964007589613,-3721.9600000000064,139.85419999999868,408002,0,1,0,0
2023-06-28 00:00:00+00:00,30692.44,30709.74,30336.36,30452.75,5422.85,0.0001,0.00030000000000000003,0.0009000000000000001,0.5778006409305045,0,0,24396.284,28215.243000000002,-3818.9590000000026,0.4637060619814361,0.49614871725958387,-1.4530282201821583,-3398.8110000000015,-1003.4420000000013,574135,1,0,0,0
2023-06-28 04:00:00+00:00,30452.74,30488.83,30155.75,30186.13,6169.86931,0.0001,0.00030000000000000003,0.0009000000000000001,0.5778006409305045,0,0,25118.395,28726.874999999996,-3608.479999999996,0.46649213570662756,0.4925051454771049,-1.2911773285280883,-7532.171999999999,-2229.879800000001,550115,1,0,0,0
2023-06-28 08:00:00+00:00,30186.14,30388.0,30150.98,30310.73,4469.60145,9.302e-05,0.00029302000000000006,0.0008930200000000001,0.35978309151289906,0,0,22044.999,20945.332,1099.6670000000013,0.5127897014796188,0.4962453146559055,0.7526126739897008,-6327.771999999997,-1181.5247999999992,419425,1,0,0,0
2023-06-28 12:00:00+00:00,30310.73,30490.86,30009.0,30411.06,10958.22627,9.302e-05,0.00029302000000000006,0.0008930200000000001,0.35978309151289906,0,0,61664.002,63533.92799999999,-1869.9259999999922,0.4925321209384213,0.4964657708101833,-0.07996052525427542,-4378.738999999987,-1660.486199999998,1120279,0,1,0,0
2023-06-28 16:00:00+00:00,30411.07,30466.36,29858.8,30100.0,9490.07497,4.598e-05,0.00023900000000000004,0.000839,-0.9940201172037582,0,0,47433.811,54288.880000000005,-6855.069000000003,0.46630511377250133,0.4932474335480169,-1.244236524517644,-7625.327999999994,-3010.5533999999984,879839,1,0,0,0
2023-06-28 20:00:00+00:00,30099.99,30218.55,29948.82,30077.41,3952.89737,4.598e-05,0.00023900000000000004,0.000839,-0.9940201172037582,0,0,20576.135,19712.55,863.5849999999991,0.5107174632281992,0.4917199088692035,0.7444772999368097,-7861.409999999996,-2074.0445999999984,456531,0,1,0,0
2023-06-29 00:00:00+00:00,30077.4,30245.9,30049.98,30176.0,2950.73551,6.574e-05,0.00020474000000000002,0.00080474,-0.41379628637908655,0,0,17788.976,16417.248000000003,1371.7279999999955,0.5200508539030791,0.49218339090268975,1.1574927980046854,-4619.7560000000085,-1078.003,367998,1,0,0,0
2023-06-29 04:00:00+00:00,30176.0,30421.48,30141.05,30340.29,3650.28435,6.574e-05,0.00020474000000000002,0.00080474,-0.41379628637908655,0,0,19805.108,18120.603000000003,1684.5049999999974,0.5222079554421537,0.4958121964156006,1.17520821151988,3919.817999999992,-961.0354000000007,388024,1,0,0,0
2023-06-29 08:00:00+00:00,30340.29,30750.0,30337.23,30670.94,9512.82089,9.3e-05,0.00020472000000000003,0.00079774,0.35067004880670416,0,0,50746.4,47476.957,3269.4429999999993,0.516642899916361,0.49701977272807374,0.9406438917009857,6325.675999999992,66.83839999999763,882561,1,0,0,0
2023-06-29 12:00:00+00:00,30670.95,30843.98,30400.0,30478.8,10056.97009,9.3e-05,0.00020472000000000003,0.00079774,0.35067004880670416,0,0,56184.976,57582.98,-1398.0040000000008,0.4938558973495138,0.49653002037179117,-0.15344938393029195,3555.943999999996,1158.251399999998,992354,1,0,0,0
2023-06-29 16:00:00+00:00,30478.79,30663.37,30416.63,30584.99,5567.6853,0.0001,0.00025874000000000003,0.00079774,0.5059709364760296,0,0,28503.229,25869.92,2633.309000000001,0.5242151599496289,0.5025809301686105,1.2216365514566843,4504.748,1512.1961999999985,544697,1,0,0,0
2023-06-29 20:00:00+00:00,30584.99,30639.9,30250.0,30447.31,4592.13289,0.0001,0.00025874000000000003,0.00079774,0.5059709364760296,0,0,20766.228,22810.221,-2043.9930000000022,0.4765470449416381,0.5035864210921115,-0.9944732929071916,-808.6880000000019,829.051999999999,453097,1,0,0,0
2023-06-30 00:00:00+00:00,30447.31,30883.68,30347.17,30745.05,7913.86236,0.0001,0.0002930000000000001,0.0007977400000000001,0.4596211160420971,0,0,38111.758,36357.966,1753.7920000000013,0.5117752014227956,0.5034849710864291,0.7316167653007157,2343.108,842.9093999999998,652317,1,0,0,0
2023-06-30 04:00:00+00:00,30745.06,31282.0,30610.01,30765.09,15308.46395,0.0001,0.0002930000000000001,0.0007977400000000001,0.4596211160420971,0,0,73254.151,71517.085,1737.0659999999916,0.5059993478262491,0.504831693775212,0.44526701967514354,1446.8649999999907,536.4339999999982,1116133,1,0,0,0
2023-06-30 08:00:00+00:00,30765.1,30963.2,30717.5,30910.01,6842.23429,0.0001,0.00030000000000000003,0.00079774,0.4110693760086194,0,0,26111.623,26479.479,-367.85599999999977,0.4965026783428117,0.507851450232243,0.008925680383918432,3123.001999999993,742.4635999999985,520026,0,1,0,0
2023-06-30 12:00:00+00:00,30910.01,31137.36,29500.0,30067.72,36336.678,0.0001,0.00030000000000000003,0.00079774,0.4110693760086194,0,0,166010.992,180698.192,-14687.200000000012,0.4788191362130171,0.5046616175307248,-0.8592380695194005,-13317.99000000002,-2721.638200000004,2340372,1,0,0,0
2023-06-30 16:00:00+00:00,30067.72,30748.08,29925.5,30372.36,18843.02962,0.0001,0.00030000000000000003,0.00079774,0.4110693760086194,0,0,77069.338,78141.901,-1072.5629999999946,0.4965448281744597,0.5023110149578629,-0.060861984886373656,-16127.619000000006,-2527.3522000000025,1224519,0,1,0,0
2023-06-30 20:00:00+00:00,30372.37,30544.44,30340.46,30472.0,4174.80796,0.0001,0.00030000000000000003,0.00079774,0.40707317250557873,0,0,18667.482,16911.338,1756.1440000000002,0.5246796268116818,0.5025581820948157,1.4052405011056797,-14003.619000000006,-2526.881800000003,349948,1,0,0,0
2023-07-01 00:00:00+00:00,30471.99,30534.74,30375.85,30398.01,4008.04076,0.0001,0.00030000000000000003,0.0007977400000000001,0.3556047207763062,0,0,14090.761,15687.506,-1596.744999999999,0.47318942368271466,0.49821283447145104,-1.313516715637924,-913.1639999999934,-3193.644000000001,337072,1,0,0,0
2023-07-01 04:00:00+00:00,30398.02,30472.69,30320.57,30459.88,3285.51834,0.0001,0.00030000000000000003,0.0007977400000000001,0.3556047207763062,0,0,12148.337,11383.171999999999,765.1650000000009,0.5162583071064418,0.5004530754471439,0.9393967695257117,924.5640000000021,-2967.039800000001,248735,1,0,0,0
2023-07-01 08:00:00+00:00,30459.87,30600.0,30420.77,30523.02,2775.7443,0.0001,0.00030000000000000003,0.00080472,0.3556047207763062,0,0,12317.068,11378.046000000002,939.0219999999972,0.5198146757175339,0.5000130270239344,1.0520472774864142,107.4419999999991,158.20460000000094,254535,1,0,0,0
2023-07-01 12:00:00+00:00,30523.02,30661.6,30503.94,30572.58,3801.28671,0.0001,0.00030000000000000003,0.00080472,0.3556047207763062,0,0,16873.323,16015.643999999997,857.6790000000037,0.5130390078837077,0.5036622233181414,0.6769909879513929,2561.866000000002,544.2530000000006,385469,1,0,0,0
2023-07-01 16:00:00+00:00,30572.59,30633.92,30543.99,30609.51,2240.4209,0.0001,0.00030000000000000003,0.0008587400000000001,0.31812737061538093,0,0,7532.229,8559.686000000002,-1027.4570000000012,0.4680753657970478,0.4992922397555666,-1.6004893077638693,769.2439999999997,-12.467199999999684,213670,0,1,0,0
2023-07-01 20:00:00+00:00,30609.51,30612.68,30548.88,30585.9,1390.73974,0.0001,0.00030000000000000003,0.0008587400000000001,0.31812737061538093,0,0,4530.532,5003.942,-473.40999999999985,0.47517377466234634,0.4962096824391763,-1.189084242551868,-643.1879999999974,212.19980000000015,151205,1,0,0,0
2023-07-02 00:00:00+00:00,30585.9,30649.99,30463.16,30509.31,3211.40133,0.0001,0.00030000000000000003,0.000893,0.31812737061538326,0,0,12950.019,14161.635999999999,-1211.6169999999984,0.47765505278080594,0.49432491988297567,-1.0126847677794306,-2712.4839999999995,-183.1565999999997,291462,1,0,0,0
2023-07-02 04:00:00+00:00,30509.3,30553.17,30470.01,30513.01,2300.42674,0.0001,0.00030000000000000003,0.000893,0.31812737061538326,0,0,8838.391,7712.757000000001,1125.6339999999982,0.5340047107306393,0.49984347733473794,1.6810848041875994,-559.393,-145.8341999999995,197206,1,0,0,0
2023-07-02 08:00:00+00:00,30513.01,30552.0,30484.0,30544.74,1915.72134,0.0001,0.00030000000000000003,0.0009000000000000001,0.31812737061538326,0,0,7417.287,6138.526,1278.7610000000004,0.5471665181571921,0.5049056463330113,2.0971720033320853,1192.7780000000002,-61.61780000000017,176680,1,0,0,0
2023-07-02 12:00:00+00:00,30544.74,30628.0,30155.0,30498.01,5741.64801,0.0001,0.00030000000000000003,0.0009000000000000001,0.31812737061538326,0,0,29841.829,31974.575999999997,-2132.7469999999958,0.4827493446116771,0.5007126181130107,-0.7477805286946378,271.64800000000287,-282.6757999999991,496378,1,0,0,0
2023-07-02 16:00:00+00:00,30498.0,30693.14,30366.65,30557.74,4005.03205,0.0001,0.00030000000000000003,0.0009000000000000001,0.31812737061538326,0,0,23276.975,23954.123,-677.148000000001,0.4928315450129912,0.5026768302460384,-0.2854113153029129,-1531.1339999999964,-323.42339999999933,418795,0,1,0,0
2023-07-02 20:00:00+00:00,30557.74,30791.0,30425.47,30617.03,6112.18072,0.0001,0.00030000000000000003,0.0009000000000000001,0.29617903800688883,0,0,32562.931,33037.138000000006,-474.2070000000058,0.4963856211797582,0.50068956165337,-0.12515452135926525,-3284.1020000000026,-175.94140000000078,504875,0,1,0,0
2023-07-03 00:00:00+00:00,30617.02,30800.01,30587.77,30756.65,3617.65215,0.0001,0.00030000000000000003,0.0009000000000000001,0.29617903800688883,0,0,18575.016,17135.604000000003,1439.4119999999966,0.5201538365897875,0.5007234777405953,0.8672921287564946,288.0569999999898,-113.18580000000111,357722,1,0,0,0
2023-07-03 04:00:00+00:00,30756.65,30795.8,30606.0,30667.19,4529.14702,0.0001,0.00030000000000000003,0.0009000000000000001,0.29617903800688883,0,0,16526.204,17163.236999999997,-637.0329999999958,0.4905455094965809,0.4984741279018826,-0.5390845201019308,328.171999999995,-496.34460000000036,342032,1,0,0,0
2023-07-03 08:00:00+00:00,30667.19,30700.92,30583.01,30625.22,5651.3227,0.0001,0.00030000000000000003,0.0009000000000000001,0.29617903800688883,0,0,12019.225,12098.977,-79.75200000000041,0.4983466429213919,0.501501255614317,-0.14675363447129117,722.6270000000004,-85.74560000000129,275459,1,0,0,0
2023-07-03 12:00:00+00:00,30625.22,31170.0,30570.27,31068.64,11506.76313,0.0001,0.00030000000000000003,0.0009000000000000001,0.29617903800688883,0,0,55791.449,48599.700999999994,7191.748000000007,0.5344461575526278,0.5074284939033451,1.4537316462879115,6474.963000000011,1488.0336000000002,806433,1,0,0,0
2023-07-03 16:00:00+00:00,31068.64,31380.0,30800.8,31255.84,12496.68998,0.0001,0.00030000000000000003,0.0009000000000000001,0.29617903800688883,0,0,59402.568,56260.005000000005,3142.5629999999946,0.5135850470834675,0.5110214933336114,0.44368550649308647,10254.559000000001,2211.3876000000005,930187,1,0,0,0
2023-07-03 20:00:00+00:00,31255.83,31299.16,30900.0,31156.2,5960.06813,0.0001,0.00030000000000000003,0.0009000000000000001,0.29617903800688883,0,0,28336.795,28384.455,-47.66000000000349,0.4995798752672058,0.507579009787268,-0.21503279157703598,10286.650999999998,1913.9732000000004,430717,1,0,0,0
2023-07-04 00:00:00+00:00,31156.2,31350.69,31096.48,31195.69,5915.60031,0.0001,0.00030000000000000003,0.0009000000000000001,0.29617903800688883,0,0,20950.014,22241.583000000002,-1291.5690000000031,0.4850483764237752,0.5013671956139263,-0.8589453220575448,1803.333999999988,1783.065999999999,402953,0,1,0,0
2023-07-04 04:00:00+00:00,31195.68,31212.26,30879.29,30911.41,6224.065,0.0001,0.00030000000000000003,0.0009000000000000001,0.29617903800689,0,0,25736.172,27736.607000000004,-2000.435000000005,0.4812948285332243,0.501221744006081,-0.9728163751046699,-3339.6640000000116,1398.929399999998,477223,1,0,0,0
2023-07-04 08:00:00+00:00,30911.4,31080.0,30867.68,31067.99,4279.90524,0.0001,0.00030000000000000003,0.0009000000000000001,0.29617903800688883,0,0,23213.268,21935.361999999997,1277.9060000000027,0.5141522123705636,0.5033538107418383,0.6150672301745316,-2014.0980000000054,216.16099999999716,409980,1,0,0,0
2023-07-04 12:00:00+00:00,31067.99,31080.0,30886.0,30964.37,5117.54936,0.0001,0.00030000000000000003,0.0009000000000000001,0.29617903800688883,0,0,18460.785,20255.640000000003,-1794.8550000000032,0.4768204967271642,0.5013972982965789,-1.1358437843380091,-2517.3840000000055,-771.3226000000025,371775,1,0,0,0
2023-07-04 16:00:00+00:00,30964.38,31130.0,30620.0,30696.84,8695.01225,0.0001,0.00030000000000000003,0.0009000000000000001,0.29617903800688883,0,0,45171.598,48980.535,-3808.9370000000054,0.47977243383323026,0.4973591580209232,-0.9323032033651747,-4325.886000000006,-1523.5780000000027,706275,1,0,0,0
2023-07-04 20:00:00+00:00,30696.84,30843.73,30668.5,30766.51,2973.98727,0.0001,0.00030000000000000003,0.0009000000000000001,0.29617903800688883,0,0,13232.752,12917.944,314.8080000000009,0.5060191132197782,0.49890651839324285,0.27535916220235396,-5288.984000000008,-1202.302600000002,259852,1,0,0,0
2023-07-05 00:00:00+00:00,30766.52,30878.07,30752.0,30868.71,2838.19206,0.0001,0.00030000000000000003,0.0009000000000000001,0.29617903800688883,0,0,9714.867,9048.482999999998,666.3840000000018,0.5177575965912271,0.5008476137602265,0.8298397528359295,-2827.7450000000026,-668.9388000000006,214038,1,0,0,0
2023-07-05 04:00:00+00:00,30868.71,30869.57,30762.0,30774.25,2778.41767,0.0001,0.00030000000000000003,0.0009000000000000001,0.29617903800688883,0,0,7900.681,11341.327000000001,-3440.6460000000015,0.410595453447478,0.48846254334971145,-3.2851607424188236,-2459.453999999999,-1612.6492000000014,195665,1,0,0,0
2023-07-05 08:00:00+00:00,30774.24,30810.34,30350.0,30404.3,9136.14566,0.0001,0.00030000000000000003,0.0009000000000000001,0.29617903800688883,0,0,41515.842,48847.140999999996,-7331.298999999999,0.4594341689671754,0.4830474555380822,-1.343877485476041,-10105.560999999998,-2719.9380000000006,719081,1,0,0,0
2023-07-05 12:00:00+00:00,30404.31,30452.0,30200.0,30356.11,10424.67966,0.0001,0.00030000000000000003,0.0009000000000000001,0.29617903800688883,0,0,46316.844,46785.721000000005,-468.8770000000077,0.4974819329628566,0.48283766130764727,0.02687308339070422,-11240.822000000007,-2051.926000000001,764783,1,0,0,0
2023-07-05 16:00:00+00:00,30356.11,30591.57,30333.7,30431.95,4635.72484,0.0001,0.00030000000000000003,0.0009000000000000001,0.29617903800688883,0,0,22833.666,24333.444999999996,-1499.778999999995,0.4841014324578837,0.48274296691105817,-0.4497457159938197,-9299.955000000002,-2414.8434,438449,0,1,0,0
2023-07-05 20:00:00+00:00,30431.95,30539.13,30383.83,30504.81,3402.51133,0.0001,0.00030000000000000003,0.0009000000000000001,0.29617903800688883,0,0,13890.394,12368.167000000001,1522.226999999999,0.5289853469121937,0.4875120187489551,1.1873500241437198,-446.4290000000037,-2243.6748000000007,261062,1,0,0,0
2023-07-06 00:00:00+00:00,30504.8,30560.51,30327.0,30490.85,2865.18104,0.0001,0.00030000000000000003,0.0009000000000000001,0.29617903800688883,0,0,13803.193,13722.243000000002,80.94999999999709,0.5014704580882933,0.48624384332072806,0.14967416359024982,103.39800000000105,-1539.3556000000012,288747,0,1,0,0
2023-07-06 04:00:00+00:00,30490.85,30857.89,30438.26,30803.19,6076.76347,0.0001,0.00030000000000000003,0.0009000000000000001,0.29617903800688883,0,0,31732.352,27595.309,4137.042999999998,0.5348660551441594,0.4920483991624275,1.3301276405683342,5740.219999999994,754.3127999999982,533093,1,0,0,0
2023-07-06 08:00:00+00:00,30803.2,31500.0,30701.0,30846.55,20483.84413,7.72e-05,0.00027720000000000007,0.0008772000000000001,-1.550347265561999,0,0,115694.499,112294.067,3400.4320000000007,0.507457461704461,0.49481690194955064,0.3580533095096341,7618.424999999996,1528.1745999999998,1565545,1,0,0,0
2023-07-06 12:00:00+00:00,30846.55,30887.1,29888.0,30407.01,27112.31388,7.72e-05,0.00027720000000000007,0.0008772000000000001,-1.550347265561999,0,0,129248.812,141749.72699999998,-12500.914999999979,0.4769354568365404,0.4919085363112269,-0.7080936132733128,-4963.4399999999805,-672.0525999999969,1838414,1,0,0,0
2023-07-06 16:00:00+00:00,30407.0,30464.13,30157.41,30309.88,7633.47953,1.492e-05,0.00019212000000000005,0.00079212,-4.107810967898043,0,0,31431.715,34392.98300000001,-2961.2680000000073,0.4775064064859059,0.4878834173006947,-0.706019524296987,-12061.750999999986,-1568.7515999999982,599252,1,0,0,1
2023-07-06 20:00:00+00:00,30309.88,30345.18,29850.45,29895.43,7148.04405,1.492e-05,0.00019212000000000005,0.00079212,-4.107810967898043,0,0,30570.828,39031.491,-8460.663,0.43922140008007493,0.4907460119639545,-1.9444981395586467,-23922.845999999987,-3277.0741999999977,575594,1,0,0,1
2023-07-07 00:00:00+00:00,29895.42,30165.64,29701.02,30135.4,8889.61673,6.98e-06,9.910000000000005e-05,0.0006991,-3.371690425092785,0,0,37052.493,36915.133,137.36000000000058,0.5009285143205758,0.4948954464992945,0.16007054230918147,-11284.571000000007,-4077.0107999999973,635323,1,0,0,1
2023-07-07 04:00:00+00:00,30135.41,30300.0,29930.53,30007.4,5605.28806,6.98e-06,9.910000000000005e-05,0.0006991,-3.371690425092785,0,0,26262.416,28417.628,-2155.2119999999995,0.48029251768707426,0.4931765049717162,-0.5082133946782038,-10478.515,-5188.139599999997,484601,1,0,0,1
2023-07-07 08:00:00+00:00,30007.41,30199.0,29970.0,30118.7,4267.97548,4.221e-05,6.411000000000004e-05,0.00064131,-1.7602142642129708,0,0,20006.37,17796.990999999998,2209.379000000001,0.5292219916636512,0.497688560892293,1.30562611879379,191.52700000000186,-2246.080800000001,370621,1,0,0,0
2023-07-07 12:00:00+00:00,30118.7,30443.75,30041.05,30390.83,8978.21955,4.221e-05,6.411000000000004e-05,0.00064131,-1.7602142642129708,0,0,51520.675,53875.570999999996,-2354.8959999999934,0.4888283687067944,0.4936728630717531,-0.19682110284832247,-2300.728999999992,-2124.8063999999986,844442,0,1,0,0
2023-07-07 16:00:00+00:00,30390.83,30449.0,30116.0,30246.2,4029.29082,-6.58e-06,4.2610000000000034e-05,0.0005347300000000001,-2.927747376750353,0,0,22801.674,23412.83,-611.1560000000027,0.49338783339533404,0.4928646006024572,-0.028417874456697828,-756.6729999999952,-554.9049999999988,437130,1,0,0,1
2023-07-07 20:00:00+00:00,30246.21,30346.06,30214.16,30344.7,2300.14831,-6.58e-06,4.2610000000000034e-05,0.0005347300000000001,-2.927747376750353,0,0,9956.326,9783.547,172.77899999999863,0.5043763959372991,0.48981563468177114,0.36838535656572124,-2793.2729999999974,-547.8211999999992,224641,1,0,0,1
2023-07-08 00:00:00+00:00,30344.7,30386.81,30257.07,30274.83,2033.13323,3.757e-05,7.320000000000004e-05,0.00047230000000000004,-1.3956205468077376,0,0,9842.311,10432.033000000001,-589.7220000000016,0.4854564468275767,0.4876155331940827,-0.2932235601467645,-1028.0990000000056,-234.72319999999962,203706,1,0,0,0
2023-07-08 04:00:00+00:00,30274.82,30279.19,30145.21,30193.36,2329.32411,3.757e-05,7.320000000000004e-05,0.00047230000000000004,-1.3956205468077376,0,0,11924.338,14670.244999999999,-2745.9069999999992,0.4483746934479101,0.48475945685521965,-1.5608275230976598,-3162.850000000002,-1225.7803999999996,242147,1,0,0,0
2023-07-08 08:00:00+00:00,30193.36,30313.98,30156.23,30201.71,2090.67845,2.631e-05,5.730000000000004e-05,0.00039861000000000003,-1.6019063246040017,0,0,13570.968,11814.773000000001,1756.1949999999997,0.5345901858842725,0.4904678347950563,1.4360117813436764,-1579.434000000001,-403.56220000000104,252810,1,0,0,0
2023-07-08 12:00:00+00:00,30201.72,30239.37,30152.19,30208.0,1628.14246,2.631e-05,5.730000000000004e-05,0.00039861000000000003,-1.6019063246040017,0,0,7936.471,7425.332,511.1389999999992,0.5166366864618691,0.49820936343323574,0.8565308384115972,-478.5730000000003,-179.10320000000064,196285,1,0,0,0
2023-07-08 16:00:00+00:00,30208.01,30318.25,30044.47,30112.0,2961.09304,1.686e-05,8.074000000000004e-05,0.00031547000000000004,-1.7795806757911683,0,0,16500.952,15341.683999999997,1159.2680000000037,0.5182030784134831,0.4999368198425264,0.9023924350939828,3426.6020000000026,18.194600000000356,304160,0,1,0,0
2023-07-08 20:00:00+00:00,30112.0,30289.99,30054.06,30284.63,2052.21913,1.686e-05,8.074000000000004e-05,0.00031547000000000004,-1.7795806757911683,0,0,9951.438,9323.947999999999,627.4900000000016,0.5162769762431736,0.5035352656981364,0.8061642502193532,2297.8970000000045,261.63700000000097,236381,1,0,0,0
2023-07-09 00:00:00+00:00,30284.63,30402.98,30246.47,30287.99,2693.84185,5.707e-05,0.00010024000000000004,0.00027254,-0.6197184130415256,0,0,13936.937,15601.596,-1664.6589999999997,0.47182224655503374,0.4977952911872746,-0.724454913509675,122.09900000000562,477.8866000000009,307984,0,1,0,0
2023-07-09 04:00:00+00:00,30287.99,30299.89,30233.33,30265.0,1865.45368,5.707e-05,0.00010024000000000004,0.00027254,-0.6197184130415256,0,0,6622.606,6348.112000000001,274.4939999999988,0.5105812954996014,0.49997058386655535,0.5820489664394749,-762.6749999999993,181.54640000000072,172403,0,1,0,0
2023-07-09 08:00:00+00:00,30265.0,30310.0,30240.0,30266.69,1557.55664,6.821e-05,0.00014214000000000005,0.00026355,-0.27967420590754744,0,0,6718.093,7113.407,-395.3140000000003,0.48570964826663776,0.4992027653536858,-0.24564096732075388,-1785.4790000000012,0.2558000000008178,160692,0,1,0,0
2023-07-09 12:00:00+00:00,30266.7,30445.52,30190.0,30349.47,4204.63044,6.821e-05,0.00014214000000000005,0.00026355,-0.27967420590754744,0,0,26544.469,25821.660999999996,722.8080000000045,0.5069014838407956,0.49945527414403534,0.4575424541625654,601.988000000003,-87.03619999999901,499996,1,0,0,0
2023-07-09 16:00:00+00:00,30349.47,30349.74,30204.0,30242.42,1814.15215,6.153e-05,0.00018681000000000004,0.00031015999999999997,-0.435065715771064,0,0,9709.573,11204.374,-1494.8009999999995,0.4642630585226213,0.49733593531353987,-0.9966277418538075,-1167.3069999999952,-511.49439999999925,246203,1,0,0,0
2023-07-09 20:00:00+00:00,30242.43,30249.99,30061.12,30160.71,3252.8672,6.153e-05,0.00018681000000000004,0.00031015999999999997,-0.435065715771064,0,0,15421.206,17254.229,-1833.0229999999992,0.4719510543623979,0.49969357140498866,-0.6897824782037879,-2605.015999999994,-545.1671999999992,336747,1,0,0,0
2023-07-10 00:00:00+00:00,30160.71,30240.0,29950.0,30156.17,5431.19593,-2.182e-05,0.00010792000000000005,0.00028136000000000003,-2.422392335892863,0,0,28167.204,29148.762999999995,-981.5589999999938,0.49143729878970727,0.4953782826955321,0.006731728628401969,-4309.3829999999925,-796.3777999999977,524893,1,0,0,1
2023-07-10 04:00:00+00:00,30156.17,30160.0,30050.29,30112.1,2853.31032,-2.182e-05,0.00010792000000000005,0.00028136000000000003,-2.422392335892863,0,0,11325.609,11559.39,-233.78099999999904,0.4948922654530158,0.4932038405946467,0.034272320671431884,-3048.362999999992,-764.0711999999974,259988,1,0,0,1
2023-07-10 08:00:00+00:00,30112.11,30245.9,30000.02,30240.0,4702.37808,4.85e-05,8.821000000000004e-05,0.00028764999999999997,-0.5774965736552402,0,0,19411.974,18352.739000000005,1059.2349999999933,0.5140241367649212,0.49278594642979057,0.7612355526474336,-156.10499999999956,-696.7857999999997,370539,1,0,0,0
2023-07-10 12:00:00+00:00,30240.0,30362.0,30143.21,30312.81,5908.11612,4.85e-05,8.821000000000004e-05,0.00028764999999999997,-0.5774965736552402,0,0,31421.702,30767.312,654.3899999999994,0.5052612990455195,0.4916843787100252,0.3818973351021043,1479.8439999999937,-266.94759999999985,548438,1,0,0,0
2023-07-10 16:00:00+00:00,30312.82,30840.0,30241.0,30837.4,7615.41653,2.995e-05,5.663000000000003e-05,0.00032418000000000003,-0.9867541531597187,0,0,49659.322,42208.573000000004,7450.748999999996,0.5405514298547931,0.4985572970400011,1.693625319212767,9164.373999999989,1589.8067999999992,752348,1,0,0,0
2023-07-10 20:00:00+00:00,30837.4,31045.78,30190.0,30411.57,14752.45954,2.995e-05,5.663000000000003e-05,0.00032418000000000003,-0.9867541531597187,0,0,75590.463,81502.48599999999,-5912.0229999999865,0.4811830415125761,0.49561747164129855,-0.6195361448159464,2193.116000000009,603.7140000000006,1185007,1,0,0,0
2023-07-11 00:00:00+00:00,30411.57,30600.0,30363.29,30476.0,4533.99483,8.01e-05,0.00015855000000000003,0.00036671,0.31256980743854906,0,0,22545.996,22636.064,-90.0679999999993,0.49900327696435265,0.49694683451107,0.10842435663100881,1448.6580000000104,632.4566000000007,444946,0,1,0,0
2023-07-11 04:00:00+00:00,30475.99,30658.0,30430.88,30535.38,4563.71355,8.01e-05,0.00015855000000000003,0.00036671,0.31256980743854906,0,0,19725.346,17313.715999999997,2411.6300000000047,0.5325552250756243,0.4995122086345528,1.4838353679201353,-3590.460999999981,902.9356000000029,360599,1,0,0,0
2023-07-11 08:00:00+00:00,30535.38,30567.32,30344.28,30404.31,4397.68536,8.265e-05,0.00019270000000000002,0.00042305,0.396906178068467,0,0,18724.81,20228.791999999998,-1503.9819999999963,0.4806952127302631,0.5011554240553171,-0.5983126826373968,817.580000000009,471.2612000000037,388352,1,0,0,0
2023-07-11 12:00:00+00:00,30404.31,30813.63,30300.0,30596.45,7750.28791,8.265e-05,0.00019270000000000002,0.00042305,0.396906178068467,0,0,49330.46,48864.371999999996,466.0880000000034,0.502373281722199,0.5041976467912972,0.25330060538280724,1373.7360000000117,-925.6709999999948,895052,1,0,0,0
2023-07-11 16:00:00+00:00,30596.44,30693.87,30405.0,30581.99,4536.83905,3.954e-05,0.00020229000000000004,0.00044573000000000003,-0.6750893983606853,0,0,26033.96,26657.766000000003,-623.8060000000041,0.4940806076460657,0.504461977676933,-0.11179045398966068,-1661.699999999997,131.97240000000164,539135,1,0,0,0
2023-07-11 20:00:00+00:00,30582.0,30650.0,30501.56,30622.1,2694.31241,3.954e-05,0.00020229000000000004,0.00044573000000000003,-0.6750893983606853,0,0,13486.506,13356.959,129.54699999999866,0.5024130081567338,0.505214051947305,0.16478276554944207,-28.171000000002095,175.89540000000125,281092,1,0,0,0
2023-07-12 00:00:00+00:00,30622.1,30671.38,30497.95,30588.32,3576.286,7.041e-05,0.00019260000000000005,0.00045906999999999995,0.15967360955094448,0,0,14707.458,13776.935,930.523000000001,0.5163339095904202,0.5054450292298547,0.7808603446795394,436.2639999999956,-120.32599999999948,279162,0,1,0,0
2023-07-12 04:00:00+00:00,30588.32,30849.01,30565.53,30740.0,4266.19442,7.041e-05,0.00019260000000000005,0.00045906999999999995,0.15967360955094448,0,0,26509.275,23754.816,2754.4590000000026,0.5273998688248436,0.5076588862077871,1.203305320594377,3814.5290000000023,731.3622000000003,467853,1,0,0,0
2023-07-12 08:00:00+00:00,30740.0,30809.13,30656.0,30776.25,3490.22801,6.479e-05,0.00017474000000000005,0.00045565,0.042477890689294605,0,0,17924.239,15733.610999999997,2190.6280000000042,0.532542601503067,0.5068580033726146,1.4222756367950296,5875.610000000008,1076.2702000000004,346634,1,0,0,0
2023-07-12 12:00:00+00:00,30776.25,30983.25,30461.59,30524.63,15884.13856,6.479e-05,0.00017474000000000005,0.00045565,0.042477890689294605,0,0,95254.171,103689.32500000001,-8435.15400000001,0.47880012624288054,0.506619711845645,-0.9795538245765751,-3490.0670000000027,-485.9994000000006,1517178,1,0,0,0
2023-07-12 16:00:00+00:00,30524.63,30538.44,30210.0,30287.47,7668.51251,4.65e-05,0.00018170000000000005,0.00044061999999999997,-0.40825649291367183,0,0,40686.694,43774.770000000004,-3088.076000000001,0.481719023956298,0.5048912865448395,-0.8233041521140861,-9332.602000000006,-1129.5240000000006,733826,1,0,0,0
2023-07-12 20:00:00+00:00,30287.48,30419.99,30238.28,30380.0,3223.63719,4.65e-05,0.00018170000000000005,0.00044061999999999997,-0.40825649291367183,0,0,15333.987,13912.976,1421.0109999999986,0.5242933086761863,0.5040650949048958,1.01067147020539,-10102.219000000012,-1031.426400000001,312854,1,0,0,0
2023-07-13 00:00:00+00:00,30380.0,30433.25,30274.0,30298.01,3210.23446,-1.135e-05,9.994000000000005e-05,0.00045108999999999997,-1.8110283146974029,0,0,12844.856,12974.387999999999,-129.53199999999924,0.4974915609457814,0.5057447297264475,-0.1714951532773322,-1796.5970000000016,-1608.2246000000014,283590,1,0,0,0
2023-07-13 04:00:00+00:00,30298.01,30426.91,30251.0,30366.02,3711.05195,-1.135e-05,9.994000000000005e-05,0.00045108999999999997,-1.8110283146974029,0,0,15347.491,13793.321999999998,1554.1690000000017,0.5266665346639436,0.508174055020622,1.0788707086807212,2845.648000000001,-1735.5164000000018,290327,1,0,0,0
2023-07-13 08:00:00+00:00,30366.01,30637.06,30345.05,30543.99,4724.52462,6.12e-05,9.635000000000005e-05,0.00046379,0.12800549121899532,0,0,30562.325,29042.206000000002,1520.1189999999988,0.5127517067452473,0.5100411649305402,0.4668587919077038,2944.756000000001,255.5381999999998,477881,1,0,0,0
2023-07-13 12:00:00+00:00,30543.99,31170.0,30459.91,30917.48,15742.34992,6.12e-05,9.635000000000005e-05,0.00046379,0.12800549121899532,0,0,91950.652,84502.88399999999,7447.768000000011,0.5211040486034806,0.5119102689752149,0.8667659137130607,10522.056000000011,2362.707000000002,1196208,1,0,0,0
2023-07-13 16:00:00+00:00,30917.48,31804.2,30718.27,31606.01,33413.97579,5.29e-06,5.514000000000005e-05,0.00043913,-1.279572604791945,0,0,150923.843,140942.70299999998,9981.140000000014,0.517098807891467,0.5119867588053195,0.6728855251407495,18949.027000000024,4074.732800000005,2052105,1,0,0,0
2023-07-13 20:00:00+00:00,31606.0,31691.46,31000.0,31454.23,9970.38162,5.29e-06,5.514000000000005e-05,0.00043913,-1.279572604791945,0,0,56112.748,57026.092,-913.3439999999973,0.4959636142636782,0.5088431333492031,-0.33417961072615243,16515.564000000028,3917.9704000000056,843110,1,0,0,0
2023-07-14 00:00:00+00:00,31454.23,31630.0,31333.0,31460.0,8667.09146,0.0001,0.00016649000000000004,0.00045903,1.2463418018078531,0,0,29913.675,30555.268,-641.5930000000008,0.49469485517549067,0.5050583587164453,-0.4521301555721906,8426.203000000016,3478.818000000005,614780,0,1,0,0
2023-07-14 04:00:00+00:00,31459.99,31469.0,31075.25,31098.74,5686.39884,0.0001,0.00016649000000000004,0.00045903,1.2463418018078531,0,0,22044.504,25170.006999999998,-3125.502999999997,0.4669010338791818,0.5038684494800754,-1.7128389147627776,-4680.439999999995,2549.693600000006,457444,1,0,0,0
2023-07-14 08:00:00+00:00,31098.75,31287.85,31083.95,31209.59,4545.37951,0.0001,0.00020529000000000006,0.00047638,1.2463418018078531,0,0,22719.15,21175.040999999997,1544.109000000004,0.5175889903062572,0.5074554461150714,0.708161579980071,-2222.9869999999937,1368.9618000000046,434312,1,0,0,0
2023-07-14 12:00:00+00:00,31209.58,31360.11,31050.0,31240.48,5568.76486,0.0001,0.00020529000000000006,0.00047638,1.2463418018078531,0,0,29538.64,30643.125,-1104.4850000000006,0.4908237569968245,0.5041084909471353,-0.5706387158285079,-2685.8789999999935,-848.1631999999984,596526,0,1,0,0
2023-07-14 16:00:00+00:00,31240.49,31275.5,29900.0,30115.17,29179.61822,0.0001,0.00030000000000000003,0.00053684,1.2463418018078531,0,0,121356.822,146054.20300000004,-24697.381000000038,0.45382131121931113,0.49974146597448826,-2.2703033883751655,-24257.757000000034,-5604.970600000006,1873757,1,0,0,0
2023-07-14 20:00:00+00:00,30115.18,30319.03,29985.31,30312.01,7102.23135,0.0001,0.00030000000000000003,0.00053684,1.2463418018078531,0,0,29447.527,30074.284000000003,-626.7570000000051,0.49473506442873516,0.49654831895096735,-0.4000387498573198,-26428.623000000043,-5602.003400000007,557393,0,1,0,0
2023-07-15 00:00:00+00:00,30312.0,30390.9,30200.0,30292.91,3765.02048,-7.313e-05,0.00012687000000000006,0.0003933,-2.8067563150950963,0,0,13741.707,15729.671,-1987.964,0.4662729716947745,0.49190044544592004,-1.662630866465651,-27312.102000000043,-5374.4956000000075,283186,1,0,0,1
2023-07-15 04:00:00+00:00,30292.9,30366.83,30257.45,30338.0,2509.41585,-7.313e-05,0.00012687000000000006,0.0003933,-2.8067563150950963,0,0,9219.104,9320.225000000002,-101.12100000000282,0.49727279773717803,0.48951732035928985,-0.22932748774026981,-2715.842000000008,-5703.54160000001,210580,0,1,0,1
2023-07-15 08:00:00+00:00,30338.0,30371.67,30263.25,30311.99,2699.92345,3.007e-05,5.694000000000006e-05,0.00035858,-0.3601590722002528,0,0,8250.041,9012.959,-762.9180000000015,0.47790308752823957,0.4855977483229671,-1.0565479688692927,-2852.0030000000042,-5635.22820000001,215750,1,0,0,0
2023-07-15 12:00:00+00:00,30311.99,30365.04,30250.99,30303.41,2114.38171,3.007e-05,5.694000000000006e-05,0.00035858,-0.3601590722002528,0,0,9551.628,10188.694,-637.0659999999989,0.4838638397083898,0.48438777086743834,-0.744419965524106,-1501.1050000000032,-823.1652000000016,223627,1,0,0,0
2023-07-15 16:00:00+00:00,30303.4,30358.18,30256.89,30326.47,1864.0798,2.984e-05,-1.3219999999999948e-05,0.00034192,-0.3191837776353113,0,0,7927.672,8216.183,-288.51100000000133,0.49106437093246935,0.4840247224431361,-0.3650178708612083,-1688.4950000000017,-755.5160000000009,203202,0,1,0,0
2023-07-15 20:00:00+00:00,30326.47,30326.47,30269.96,30289.52,1165.732,2.984e-05,-1.3219999999999948e-05,0.00034192,-0.3191837776353113,0,0,5022.44,5442.150000000001,-419.71000000000095,0.4799461804045834,0.48532923709567627,-0.8966471762055295,-1345.2870000000012,-441.8652000000011,154399,1,0,0,0
2023-07-16 00:00:00+00:00,30289.52,30335.0,30064.29,30188.0,4106.79294,2.984e-05,-1.3219999999999948e-05,0.00034192,-0.3191837776353113,0,0,20182.902,22846.682000000004,-2663.780000000006,0.4690471095421233,0.4804750490192629,-1.3285005512464183,-3372.0010000000084,-954.3970000000018,380468,1,0,0,0
2023-07-16 04:00:00+00:00,30188.0,30311.99,30134.59,30265.22,1941.43927,1.993e-05,7.984000000000005e-05,0.0003732,-0.5132034962586216,0,0,10748.637,9343.828,1404.809000000001,0.534958602640343,0.4848885335836147,1.7225859261907042,-1678.681000000006,-520.8516000000012,217552,1,0,0,0
2023-07-16 08:00:00+00:00,30265.23,30350.0,30265.22,30306.01,2061.54158,7.772e-05,0.00012749000000000007,0.00038972,0.9521098390017025,0,0,10081.163,9514.261999999999,566.9010000000017,0.5144651366326579,0.4909529161249494,0.724610781459966,-692.0700000000033,-280.05820000000114,197534,1,0,0,0
2023-07-16 12:00:00+00:00,30306.01,30441.46,30273.08,30379.95,3061.26246,7.772e-05,0.00012749000000000007,0.00038972,0.9521098390017025,0,0,17975.227,18309.684,-334.45700000000215,0.49539123852336303,0.49101853353441216,-0.14765121380547463,1637.2530000000006,-289.2474000000013,329148,0,1,0,0
2023-07-16 16:00:00+00:00,30379.96,30403.13,30200.43,30252.93,2207.15898,4.583e-05,0.00014348000000000006,0.00043025999999999996,0.11810094622776914,0,0,13026.175,16397.722,-3371.5470000000023,0.4427073341100942,0.48866196977594417,-2.2677055371397343,-3139.103000000003,-879.6148000000015,281160,1,0,0,0
2023-07-16 20:00:00+00:00,30252.94,30361.0,30122.95,30231.99,2381.93287,4.583e-05,0.00014348000000000006,0.00043025999999999996,0.11810094622776914,0,0,12370.254,13009.403999999999,-639.1499999999978,0.48740822275855733,0.48767551227808215,-0.3745544944929941,-4345.154000000002,-474.6887999999999,272975,1,0,0,0
2023-07-17 00:00:00+00:00,30232.0,30336.96,30176.03,30312.66,2046.85414,2.785e-05,0.00015140000000000005,0.00035810999999999997,-0.3630291648641861,0,0,11685.474,11014.724,670.75,0.514774100208289,0.49136261354608707,0.7730578015477263,-3339.947,-621.5006000000001,248654,1,0,0,0
2023-07-17 04:00:00+00:00,30312.66,30323.05,30232.06,30281.0,2300.08203,2.785e-05,0.00015140000000000005,0.00035810999999999997,-0.3630291648641861,0,0,6064.108,7184.5419999999995,-1120.4339999999993,0.4577151634317459,0.4887477459184226,-1.5029898094435687,-1088.833999999997,-958.9676000000003,163612,1,0,0,0
2023-07-17 08:00:00+00:00,30281.01,30328.0,29965.39,30161.7,6972.3241,6.278e-05,0.00013646000000000009,0.00032089,0.5191703569448808,0,0,31547.263,36186.568999999996,-4639.305999999997,0.46575340665799037,0.4862166494909747,-1.1054691894202127,-5088.989999999996,-1819.9373999999993,561423,1,0,0,0
2023-07-17 12:00:00+00:00,30161.7,30308.0,30032.0,30174.83,5199.39113,6.278e-05,0.00013646000000000009,0.00032089,0.5191703569448808,0,0,32806.048,33680.76,-874.7119999999995,0.49342191311094374,0.4875642227616108,0.049902306959798484,-6634.451999999996,-1320.5703999999987,586158,0,1,0,0
2023-07-17 16:00:00+00:00,30174.84,30241.03,29659.2,29884.39,10264.88813,6.261e-05,0.00015324000000000007,0.0002835,0.4672374735834397,0,0,56904.148,65249.734,-8345.585999999996,0.46583986581777237,0.4872434983891757,-1.0863726923814687,-13859.603999999992,-2861.8575999999985,1017946,1,0,0,0
2023-07-17 20:00:00+00:00,29884.4,30285.71,29881.41,30138.0,4099.22886,6.261e-05,0.00015324000000000007,0.0002835,0.4672374735834397,0,0,27018.068,24771.989,2246.078999999998,0.5216844615560087,0.48591608428074223,1.2673511843097025,-6974.218999999997,-2546.7917999999986,476876,1,0,0,0
2023-07-18 00:00:00+00:00,30138.01,30239.78,30073.96,30073.96,2946.84335,3.983e-05,0.00016522000000000007,0.00039645999999999995,-0.1355779873813963,0,0,11239.263,12517.321999999998,-1278.0589999999975,0.47310095285159887,0.4817796659026364,-0.7410227620616829,-7377.565999999995,-2578.3167999999982,271368,1,0,0,0
2023-07-18 04:00:00+00:00,30073.97,30118.19,29921.54,29968.13,4074.27718,3.983e-05,0.00016522000000000007,0.00039645999999999995,-0.1355779873813963,0,0,18251.707,20253.006000000005,-2001.2990000000063,0.474012285197399,0.47964177057004004,-0.6513902553992261,-1033.279000000006,-2050.7154,411046,1,0,0,0
2023-07-18 08:00:00+00:00,29968.13,30111.68,29810.0,29884.01,5367.53981,6.798e-05,0.00017042000000000007,0.00043437,0.5695920268819831,0,0,29429.544,31114.093,-1684.548999999999,0.486088141682007,0.4839798513272312,-0.09225823115036166,-4963.907000000003,-2212.6828,546956,1,0,0,0
2023-07-18 12:00:00+00:00,29884.0,30034.15,29675.0,29912.0,7997.98214,6.798e-05,0.00017042000000000007,0.00043437,0.5695920268819831,0,0,48616.541,50296.443,-1679.9020000000019,0.49150818258601925,0.48438984730997736,0.19763085415526263,-5365.750000000007,-879.5460000000014,867351,0,1,0,0
2023-07-18 16:00:00+00:00,29912.01,29964.99,29512.0,29715.99,7221.04629,7.477e-05,0.00018258000000000006,0.0004793,0.699073633063796,0,0,40785.626,47764.617000000006,-6978.991000000009,0.4605930443352933,0.4789717417226778,-1.1445685785467237,-10343.44200000001,-2724.5600000000027,764572,1,0,0,0
2023-07-18 20:00:00+00:00,29715.98,29865.0,29690.65,29859.13,2396.17133,7.477e-05,0.00018258000000000006,0.0004793,0.699073633063796,0,0,14967.843,12160.412,2807.4310000000005,0.5517436709438186,0.4883745924738851,2.612230897668718,-5851.46200000001,-1907.4620000000032,268322,1,0,0,0
2023-07-19 00:00:00+00:00,29859.14,30076.71,29839.5,30059.11,3876.95657,0.0001,0.00024275000000000007,0.00055937,1.2886509798283716,0,0,23806.759,22475.505000000005,1331.2539999999935,0.5143819023200766,0.49323744204009373,1.0544917950911075,-2840.306000000015,-1240.951400000003,414698,1,0,0,0
2023-07-19 04:00:00+00:00,30059.1,30189.09,29966.48,30000.68,4281.65902,0.0001,0.00024275000000000007,0.00055937,1.2886509798283716,0,0,19174.471,22224.279,-3049.8079999999973,0.4631654578942601,0.4902117965184254,-0.969839065802377,1088.8769999999968,-1514.0032000000028,391960,1,0,0,0
2023-07-19 08:00:00+00:00,30000.68,30046.0,29867.17,30012.63,3539.89276,5.224e-05,0.0002270100000000001,0.0005338900000000001,0.0785524814334011,0,0,18397.899,18534.497999999996,-136.5989999999947,0.4981506886758529,0.49344287880423343,0.44835024978977817,-1855.1529999999984,-1205.3426000000013,347820,0,1,0,0
2023-07-19 12:00:00+00:00,30012.62,30128.0,29761.96,29956.46,6395.6526,5.224e-05,0.0002270100000000001,0.0005338900000000001,0.0785524814334011,0,0,44097.161,45561.074,-1463.9130000000005,0.4918361486817134,0.49045804751680394,0.1918121608520588,-4650.319999999992,-102.32699999999969,739003,1,0,0,0
2023-07-19 16:00:00+00:00,29956.46,30100.0,29870.0,30044.31,4369.91637,5.224e-05,0.0002270100000000001,0.0005338900000000001,0.0785524814334011,0,0,26091.82,24685.366,1406.453999999998,0.5138492708122896,0.494532879312873,1.0148565327029304,-194.05799999999726,-382.5224000000002,464330,1,0,0,0
2023-07-19 20:00:00+00:00,30044.31,30054.0,29830.36,29909.21,3193.28405,7.69e-05,0.00022914000000000007,0.00056496,0.6950571794079442,0,0,16287.892,17082.129999999997,-794.2379999999976,0.4880995283731009,0.49594160363044315,-0.03149788419605541,-851.6970000000001,-807.6207999999984,339860,1,0,0,0
2023-07-20 00:00:00+00:00,29909.21,30047.95,29881.29,29948.01,2444.85301,2.652e-05,0.0001556600000000001,0.00056363,-0.6695378254504015,0,0,11228.402,12154.732999999998,-926.3309999999983,0.4801923266490999,0.49535202212715246,-0.37982497672047727,-314.11499999999796,-382.9253999999986,251260,0,1,0,0
2023-07-20 04:00:00+00:00,29948.0,30246.98,29926.88,30202.77,5123.20299,2.652e-05,0.0001556600000000001,0.00056363,-0.6695378254504015,0,0,29496.244,24932.165,4564.078999999998,0.5419273600299431,0.5003939398715448,1.9746730759468127,2843.510000000002,557.2101999999999,481205,1,0,0,0
2023-07-20 08:00:00+00:00,30202.78,30417.46,30166.67,30284.9,7608.78698,9.641e-05,0.00019983000000000007,0.00059726,1.1471082861514061,0,0,39935.127,39282.835,652.2920000000013,0.5041170713278386,0.5047463425707994,0.4801738298119121,4290.040000000001,980.4512000000002,621255,1,0,0,0
2023-07-20 12:00:00+00:00,30284.9,30316.0,29627.04,29810.18,11993.35064,9.641e-05,0.00019983000000000007,0.00059726,1.1471082861514061,0,0,68058.719,78275.56199999999,-10216.842999999993,0.46509073974265813,0.4960810494506833,-0.9880040372743543,-5000.471999999994,-1344.208199999998,1034177,1,0,0,0
2023-07-20 16:00:00+00:00,29810.17,29872.71,29570.96,29756.0,6738.857,5.563e-05,0.00017856000000000005,0.00059028,0.049535835307864144,0,0,38147.985,40261.898,-2113.9130000000005,0.48652011124669065,0.49329487034334474,-0.1671208761498984,-11678.463999999993,-1608.1431999999986,643990,1,0,0,0
2023-07-20 20:00:00+00:00,29756.0,29888.0,29669.56,29800.0,3631.63131,5.563e-05,0.00017856000000000005,0.00059028,0.049535835307864144,0,0,13782.399,14707.695000000002,-925.2960000000021,0.48376109253974375,0.4953544338078931,-0.27731998142467346,-13256.051999999996,-1607.9361999999994,296431,0,1,0,0
2023-07-21 00:00:00+00:00,29800.0,29953.01,29726.34,29897.62,4221.94752,5.563e-05,0.00017856000000000005,0.00059028,0.049535835307864144,0,0,19727.078,18894.140999999996,832.9370000000054,0.5107834115748652,0.49661770609779426,0.7014104769964534,-2206.271999999997,-2354.164599999998,337052,1,0,0,0
2023-07-21 04:00:00+00:00,29897.62,29904.0,29751.9,29766.81,3343.90966,2.877e-05,0.00018081000000000005,0.00057922,-0.6191436120705713,0,0,12035.019,14856.157,-2821.137999999999,0.44754528399948,0.49218861962957094,-1.606529985825726,-2913.4969999999958,-3048.850599999998,250218,1,0,0,0
2023-07-21 08:00:00+00:00,29766.81,29851.37,29729.76,29778.51,3237.11897,7.77e-06,9.217000000000007e-05,0.0005190100000000001,-1.1000301120364875,0,0,13566.358,14458.07,-891.7119999999995,0.4840904513733519,0.4892127376856772,-0.17181594006787707,-2879.912999999993,-1183.824399999999,263246,0,1,0,0
2023-07-21 12:00:00+00:00,29778.51,29913.94,29778.5,29866.0,4668.9474,7.77e-06,9.217000000000007e-05,0.0005190100000000001,-1.1000301120364875,0,0,22901.338,23838.304,-936.9660000000003,0.48997675249630707,0.48940046009799776,0.06419982873608159,-4649.815999999999,-948.4349999999991,416230,0,1,0,0
2023-07-21 16:00:00+00:00,29866.0,30061.7,29770.0,29875.99,5597.68776,3.717e-05,7.371000000000007e-05,0.00048141,-0.32379355203895865,0,0,31623.071,31533.030000000002,90.04099999999744,0.5007128448287205,0.4914525119159599,0.43055323285360697,-1738.6370000000024,-745.3675999999992,521157,1,0,0,0
2023-07-21 20:00:00+00:00,29875.99,29955.0,29833.93,29901.72,2811.79734,3.717e-05,7.371000000000007e-05,0.00048141,-0.32379355203895865,0,0,8846.664,8865.844000000001,-19.18000000000029,0.4994585746976092,0.4872056333827265,0.36157829930226,-866.1050000000032,-915.7910000000004,205629,0,1,0,0
2023-07-22 00:00:00+00:00,29901.72,29999.0,29896.0,29903.41,2730.91284,2.195e-05,6.689000000000007e-05,0.00040336,-0.6797541607211974,0,0,8303.302,9877.760000000002,-1574.4580000000024,0.4567006041781277,0.4824639866677554,-1.2993233947194163,-1503.5970000000052,-666.4550000000011,193528,0,1,0,0
2023-07-22 04:00:00+00:00,29903.4,29990.0,29848.0,29944.77,2257.82522,2.195e-05,6.689000000000007e-05,0.00040336,-0.6797541607211974,0,0,14337.639,12335.901000000002,2001.7379999999976,0.5375229159684091,0.48970720429033054,1.8107155924204912,408.0999999999949,-87.7650000000016,231666,1,0,0,0
2023-07-22 08:00:00+00:00,29944.78,29979.92,29864.48,29886.94,2527.3291,9.44e-06,6.856000000000006e-05,0.00036056,-0.947379967569102,0,0,11513.436,11467.784000000001,45.651999999998225,0.500993245789388,0.4911545177446002,0.33635816543608527,472.9319999999934,108.75859999999811,211994,0,1,0,0
2023-07-22 12:00:00+00:00,29886.93,29907.35,29828.77,29900.24,1964.17495,9.44e-06,6.856000000000006e-05,0.00036056,-0.947379967569102,0,0,11231.863,13053.914999999999,-1822.0519999999997,0.4624872631216509,0.4890271348027909,-1.1319539783431676,225.3379999999961,-273.66000000000133,218590,0,1,0,0
2023-07-22 16:00:00+00:00,29900.23,29908.71,29801.66,29836.0,1801.40881,1.77e-06,3.316000000000007e-05,0.00028543,-1.0839670518250624,0,0,8137.421,9125.103000000001,-987.6820000000007,0.47139230624675743,0.48508802426998016,-0.7974565326136711,-2764.082000000002,-467.3604000000014,186128,1,0,0,0
2023-07-22 20:00:00+00:00,29836.0,29839.75,29625.1,29794.0,3378.75375,1.77e-06,3.316000000000007e-05,0.00028543,-1.0839670518250624,0,0,17298.663,16693.169,605.4939999999988,0.5089064631762125,0.4912241421876534,0.7026469911127827,-2204.2400000000016,-31.370000000001163,289116,0,1,0,0
2023-07-23 00:00:00+00:00,29793.99,29893.77,29730.0,29845.72,2210.12963,2.908e-05,4.029000000000006e-05,0.00028799,-0.44034308002282446,0,0,16372.007,13454.513,2917.493999999999,0.5489077170249831,0.4977058687528165,2.0459763284461028,2535.305999999997,151.78119999999907,275877,1,0,0,0
2023-07-23 04:00:00+00:00,29845.71,29980.88,29845.71,29916.0,2924.91327,2.908e-05,4.029000000000006e-05,0.00028799,-0.44034308002282446,0,0,18423.678,15923.826000000001,2499.851999999999,0.5363905918753222,0.502347252690718,1.4597561044988092,6022.8399999999965,642.6211999999992,289311,1,0,0,0
2023-07-23 08:00:00+00:00,29916.0,29959.0,29884.0,29888.58,2006.54126,0.0001,0.00013085000000000006,0.00029158,1.343802133158638,0,0,7913.648,7762.008999999999,151.63900000000103,0.5048367669693207,0.5027596449047781,0.29994546136283423,5568.984999999999,1037.3593999999994,174242,0,1,0,0
2023-07-23 12:00:00+00:00,29888.59,29931.51,29852.29,29897.64,1417.20165,0.0001,0.00013085000000000006,0.00029158,1.343802133158638,0,0,6422.787,8303.721,-1880.9339999999993,0.43613781352646536,0.4964275687876637,-1.96230321282165,770.5570000000007,858.7089999999996,154375,0,1,0,0
2023-07-23 16:00:00+00:00,29897.64,30350.0,29897.63,30093.12,6979.01521,9.372e-05,0.00022280000000000008,0.00032967,1.1072106560656534,0,0,50624.554,41869.62100000001,8754.93299999999,0.5473269424804318,0.5054902026178941,1.6257736094891204,7025.637999999992,2488.596799999998,723059,1,0,0,0
2023-07-23 20:00:00+00:00,30093.12,30143.5,29920.37,30083.75,2754.98535,9.372e-05,0.00022280000000000008,0.00032967,1.1072106560656534,0,0,17599.21,20044.272000000004,-2445.0620000000054,0.4675234347343319,0.4984902544944864,-0.9295260080068031,4428.936999999985,1416.0855999999972,336573,1,0,0,0
2023-07-24 00:00:00+00:00,30083.75,30099.58,29669.83,29716.01,4955.72652,0.0001,0.0002937200000000001,0.00040090000000000004,1.2666713353476693,0,0,31483.111,38800.945999999996,-7317.8349999999955,0.4479410031780038,0.493185030233348,-1.473924681851609,-1007.9640000000109,-547.4518000000019,551389,1,0,0,0
2023-07-24 04:00:00+00:00,29716.0,29870.0,29660.0,29828.0,3839.73703,0.0001,0.0002937200000000001,0.00040090000000000004,1.2666713353476693,0,0,21760.015,20114.061,1645.953999999998,0.5196536157597842,0.4989016654971613,0.8372910880055611,-8116.943000000003,-248.58880000000244,359485,1,0,0,0
2023-07-24 08:00:00+00:00,29828.0,29832.54,29000.0,29269.99,12633.36871,4.338e-05,0.00023710000000000007,0.00043651000000000003,-0.12673609207750944,0,0,63696.415,73433.973,-9737.557999999997,0.4644952583376341,0.4982119607062489,-0.9412985076206518,-15409.438999999995,-1819.9136000000021,966018,1,0,0,0
2023-07-24 12:00:00+00:00,29269.99,29270.0,28861.9,29093.78,11841.66927,4.338e-05,0.00023710000000000007,0.00043651000000000003,-0.12673609207750944,0,0,60127.565,64467.694,-4340.129000000001,0.48258308929716176,0.49557962331834393,-0.3395708682645316,-12431.733,-4438.926,937074,1,0,0,0
2023-07-24 16:00:00+00:00,29093.78,29157.15,29000.0,29117.99,4363.62637,0.0001,0.0002433800000000001,0.00049934,1.3535219427355136,0,0,21318.011,20168.797,1149.214,0.5138503545512588,0.49207388707097144,0.679927364998264,-12928.472999999998,-3720.070799999999,422106,1,0,0,0
2023-07-24 20:00:00+00:00,29117.99,29210.0,29090.36,29176.5,1994.86901,0.0001,0.0002433800000000001,0.00049934,1.3535219427355136,0,0,9649.287,9162.542000000001,486.744999999999,0.5129372056273741,0.4897285484461767,0.619164181595007,-2704.170000000002,-2159.1548000000003,214694,1,0,0,0
2023-07-25 00:00:00+00:00,29176.5,29183.34,29047.65,29111.0,3185.67346,7.702e-05,0.0002204000000000001,0.00055441,0.7685784011221023,0,0,12860.038,14619.740999999998,-1759.7029999999977,0.4679818567682077,0.48604305742606535,-0.8170441992057437,-123.74399999999878,-2840.2861999999996,252920,1,0,0,0
2023-07-25 04:00:00+00:00,29111.0,29165.3,29074.55,29142.46,2754.17235,7.702e-05,0.0002204000000000001,0.00055441,0.7685784011221023,0,0,8901.602,8808.349,93.25300000000061,0.5026327853758602,0.49269255461100486,0.3529232207273049,-1179.704999999998,-874.1239999999998,188453,1,0,0,0
2023-07-25 08:00:00+00:00,29142.46,29282.0,29120.0,29128.29,3420.58834,6.913e-05,0.0002461500000000001,0.0006141,0.47444755752216855,0,0,17851.142,17542.142,309.0,0.5043652349411826,0.4883963838570799,0.41069462655415356,-1357.449999999997,55.70180000000037,307888,0,1,0,0
2023-07-25 12:00:00+00:00,29128.29,29340.57,29082.84,29181.51,6818.58052,6.913e-05,0.0002461500000000001,0.0006141,0.47444755752216855,0,0,34671.777,30923.687000000005,3748.0899999999965,0.5285697346389683,0.4945010138475435,1.1411152729260876,4150.342999999997,575.4769999999996,545423,1,0,0,0
2023-07-25 16:00:00+00:00,29181.5,29376.0,29181.5,29198.83,3475.16328,9.465e-05,0.00024080000000000008,0.0007069800000000001,1.2149197409083083,0,0,18953.009,17732.889000000003,1220.1199999999953,0.5166292780948145,0.5013698413392247,0.7054340085684339,5277.209999999992,722.1519999999989,333667,1,0,0,0
2023-07-25 20:00:00+00:00,29198.82,29255.99,29183.93,29228.91,1911.56985,9.465e-05,0.00024080000000000008,0.0007069800000000001,1.2149197409083083,0,0,7060.928,6513.314,547.6139999999996,0.5201710710623841,0.5014215868694846,0.7757471377843257,5515.823999999991,1183.6153999999983,169592,1,0,0,0
2023-07-26 00:00:00+00:00,29228.91,29412.88,29096.94,29242.81,4301.44969,9.451e-05,0.0002582900000000001,0.00077241,1.1330084673114182,0,0,24392.9,23126.146,1266.7540000000008,0.5133289081603195,0.5063049518517533,0.5484120306537409,3034.4879999999957,1418.3155999999985,362959,1,0,0,0
2023-07-26 04:00:00+00:00,29242.8,29320.84,29180.0,29216.61,3303.70822,9.451e-05,0.0002582900000000001,0.00077241,1.1330084673114182,0,0,13614.082,13423.777,190.3050000000003,0.5035192320516206,0.508398566127199,0.175244302919733,2004.6730000000007,1394.5765999999985,240068,0,1,0,0
2023-07-26 08:00:00+00:00,29216.61,29240.54,29160.33,29175.39,2818.48677,9.451e-05,0.0002582900000000001,0.00077241,1.1330084673114182,0,0,7628.113,8766.020999999997,-1137.9079999999967,0.4652952696372984,0.5035430576358031,-1.0927548744490077,319.1510000000044,417.37699999999984,185331,1,0,0,0
2023-07-26 12:00:00+00:00,29175.39,29354.0,29166.36,29324.0,5180.25464,0.0001,0.0002891600000000001,0.0007724100000000001,1.2564878834741946,0,0,21359.078,21116.718,242.36000000000058,0.5028529188717263,0.5025346289602381,0.1565542225973473,-705.2429999999958,221.8250000000009,356432,1,0,0,0
2023-07-26 16:00:00+00:00,29324.01,29499.0,29195.0,29401.93,9364.62077,5.768e-05,0.00025219000000000006,0.00073637,-0.08300785242381317,0,0,47506.87,46908.35999999999,598.5100000000093,0.5031695627919353,0.506053399562611,0.1644003832298126,-297.0379999999868,232.00420000000287,727747,1,0,0,0
2023-07-26 20:00:00+00:00,29401.93,29690.0,29280.01,29351.96,8963.11357,5.768e-05,0.00025219000000000006,0.00073637,-0.08300785242381317,0,0,45569.488,45116.02900000001,453.458999999988,0.5025001732084737,0.5060401383458724,0.13841284560572267,1294.328999999998,69.34520000000029,698390,0,1,0,0
2023-07-27 00:00:00+00:00,29351.95,29450.44,29302.01,29405.78,2433.06591,3.136e-05,0.00018904000000000007,0.00066773,-0.9180598673331597,0,0,11803.04,10446.722999999998,1356.3170000000027,0.5304793583644015,0.5086515506881942,1.0149082453040528,2408.286,302.5476000000008,218519,1,0,0,0
2023-07-27 04:00:00+00:00,29405.78,29499.41,29378.6,29412.17,3487.8236,3.136e-05,0.00018904000000000007,0.00066773,-0.9180598673331597,0,0,14011.925,13644.768,367.15699999999924,0.5066377603424964,0.506458353258547,0.24023760166936992,2176.93299999999,603.5606,239884,1,0,0,0
2023-07-27 08:00:00+00:00,29412.18,29567.49,29396.0,29507.03,3279.97998,3.83e-05,0.0001273400000000001,0.00066265,-0.6678538466000928,0,0,17404.959,16649.572000000004,755.3869999999952,0.5110908442697389,0.5059045098760395,0.38421334014387126,2478.860999999997,706.1659999999989,307881,1,0,0,0
2023-07-27 12:00:00+00:00,29507.02,29507.03,29236.78,29292.01,5407.7351,3.83e-05,0.0001273400000000001,0.00066265,-0.6678538466000928,0,0,26310.669,28973.379999999997,-2662.7109999999957,0.4759179089794961,0.5014791936677507,-0.8829177508445291,-1540.1670000000013,53.921799999997894,480313,1,0,0,0
2023-07-27 16:00:00+00:00,29292.0,29333.22,29083.85,29163.83,5538.09551,3.83e-05,0.0001273400000000001,0.00066265,-0.6678538466000928,0,0,31007.652,32634.77,-1627.1180000000022,0.48721671843350023,0.4988679746950687,-0.505287149134947,-3534.4420000000027,-362.1936000000002,538350,1,0,0,0
2023-07-27 20:00:00+00:00,29163.83,29238.0,29133.5,29222.78,2329.77616,2.876e-05,9.842000000000008e-05,0.00059141,-0.9174113231153022,0,0,11004.508,9484.568000000001,1519.9399999999987,0.5370914725485912,0.5022251987447659,1.2385749220628832,-2769.888999999999,-329.46900000000096,231184,1,0,0,0
2023-07-28 00:00:00+00:00,29222.78,29305.3,29188.15,29253.85,3009.31278,4.373e-05,0.00011079000000000008,0.0005581200000000001,-0.4604879120571036,0,0,11622.959,11649.446999999998,-26.487999999997555,0.4994309140189459,0.5056387631829306,-0.036772442599973136,-133.66600000000108,-408.1980000000003,232513,0,1,0,0
2023-07-28 04:00:00+00:00,29253.84,29266.0,29135.15,29140.8,3783.45723,4.373e-05,0.00011079000000000008,0.0005581200000000001,-0.4604879120571036,0,0,9030.568,10190.433,-1159.8650000000016,0.46982818428655193,0.5023362897244131,-1.0693434037322211,333.58699999999953,-791.2483999999997,205319,1,0,0,0
2023-07-28 08:00:00+00:00,29140.79,29246.08,29123.12,29206.59,3823.62755,6.675e-05,0.00013924000000000008,0.00055574,0.2527222122849781,0,0,13790.803,11465.098999999998,2325.7040000000015,0.5460427823959723,0.5066236116848168,1.6645161808730604,1139.3510000000024,206.43459999999976,253437,1,0,0,0
2023-07-28 12:00:00+00:00,29206.58,29542.22,29206.58,29387.99,7235.3303,6.675e-05,0.00013924000000000008,0.00055574,0.2527222122849781,0,0,47777.458,45293.80500000001,2483.652999999991,0.5133427489857959,0.5077078692625491,0.4424452161616494,3649.491999999991,1028.5887999999984,696379,1,0,0,0
2023-07-28 16:00:00+00:00,29387.99,29399.98,29194.05,29316.0,4641.51658,0.0001,0.00021048000000000009,0.00056109,1.2266180201068755,0,0,23751.575,24404.136000000002,-652.5610000000015,0.4932244692638844,0.5039823803524974,-0.29836003557576046,4156.795999999991,594.0885999999985,393052,1,0,0,0
2023-07-28 20:00:00+00:00,29316.0,29364.46,29284.68,29314.14,1500.37183,0.0001,0.00021048000000000009,0.00056109,1.2266180201068755,0,0,6267.1,6056.484,210.61599999999999,0.5085452413843246,0.5041731284566802,0.29615407718788295,2041.7079999999896,641.5093999999979,151511,0,1,0,0
2023-07-29 00:00:00+00:00,29314.14,29396.15,29296.0,29371.89,2528.35734,0.0001,0.00026675000000000006,0.00056658,1.2266180201068753,0,0,6236.013,5843.202,392.8109999999997,0.5162597900608608,0.5046900230357922,0.5885197628149823,-49.13400000000183,952.0445999999981,155969,1,0,0,0
2023-07-29 04:00:00+00:00,29371.9,29406.92,29295.0,29295.01,2178.5164,0.0001,0.00026675000000000006,0.00056658,1.2266180201068753,0,0,6414.502,10054.425,-3639.922999999999,0.3894911915026401,0.4960473512881068,-3.758740144501003,-3036.495999999999,-241.08080000000191,149085,1,0,0,0
2023-07-29 08:00:00+00:00,29295.0,29330.55,29256.18,29267.16,1989.92338,4.567e-05,0.00024567000000000013,0.00051225,-0.4081832043257028,0,0,9461.534,8341.405999999999,1120.1280000000006,0.531459073613684,0.5004715868061251,1.016876290975269,-2126.9839999999986,-513.7858,172404,0,1,0,0
2023-07-29 12:00:00+00:00,29267.16,29335.25,29261.87,29292.34,1933.64564,4.567e-05,0.00024567000000000013,0.00051225,-0.4081832043257028,0,0,10451.39,8424.787,2026.6029999999992,0.5536815002317471,0.5021305895744407,1.6297414487381598,-493.1919999999991,22.047000000000118,172585,1,0,0,0
2023-07-29 16:00:00+00:00,29292.34,29349.62,29290.6,29338.02,1140.45592,4.567e-05,0.00024567000000000013,0.00051225,-0.4081832043257028,0,0,6478.167,5530.033999999999,948.1330000000016,0.5394785613598574,0.5061353543085318,1.1100912027031309,4094.8640000000014,169.55040000000045,127749,1,0,0,0
2023-07-29 20:00:00+00:00,29338.03,29380.92,29338.02,29352.9,1080.46976,7.53e-05,0.00022097000000000007,0.00052987,0.487585900581709,0,0,5030.369,4834.89,195.47899999999936,0.5099074438897143,0.5101432802688481,0.1584459350826697,3170.215,130.08400000000037,117398,1,0,0,0
2023-07-30 00:00:00+00:00,29352.9,29352.92,29306.03,29314.92,971.6578,8.151e-05,0.00020248000000000008,0.00058002,0.6263075823265458,0,0,4197.868,4991.183999999999,-793.3159999999989,0.45683363202210636,0.5012223652314615,-1.5191331789807578,350.2960000000021,699.4054000000003,103890,1,0,0,0
2023-07-30 04:00:00+00:00,29314.93,29331.98,29268.65,29294.31,1373.60195,8.151e-05,0.00020248000000000008,0.00058002,0.6263075823265458,0,0,5356.856,5864.918,-508.0619999999999,0.477362670109022,0.4976243573437841,-0.8296069419506765,-1105.8989999999994,373.7674000000003,131310,1,0,0,0
2023-07-30 08:00:00+00:00,29294.3,29326.47,29232.22,29314.0,2125.5252,5.56e-05,0.00021241000000000006,0.0005973199999999999,-0.12530534804146226,0,0,10675.868,9830.134,845.7340000000004,0.5206216209283506,0.5003640725102307,0.5089626848352381,-455.6439999999984,137.59360000000052,183923,1,0,0,0
2023-07-30 12:00:00+00:00,29314.0,29449.0,29278.38,29349.37,3896.8527,5.56e-05,0.00021241000000000006,0.0005973199999999999,-0.12530534804146226,0,0,19527.179,21129.463999999996,-1602.2849999999962,0.48029491761038906,0.4975390401328371,-0.7018331916595296,-1264.6129999999957,-372.48999999999904,318621,0,1,0,0
2023-07-30 16:00:00+00:00,29349.36,29405.66,29113.51,29202.28,3341.76402,4.357e-05,0.00018068000000000007,0.00061213,-0.4856837104065287,0,0,16776.327,20854.842,-4078.5149999999994,0.445809350222418,0.4904939961489929,-1.6297162087820076,-4835.065999999995,-1227.288799999999,290368,1,0,0,0
2023-07-30 20:00:00+00:00,29202.28,29284.0,29033.24,29281.09,3997.57274,4.357e-05,0.00018068000000000007,0.00061213,-0.4856837104065287,0,0,26744.659,23951.953999999998,2792.7050000000017,0.5275433094514618,0.5042992079438752,0.8004078242897011,-2888.094999999994,-510.08459999999866,410705,1,0,0,0
2023-07-31 00:00:00+00:00,29281.09,29530.0,29264.0,29421.99,4109.65797,2.369e-05,0.00012286000000000008,0.0005920900000000001,-1.0913574358489047,0,0,25720.514,23899.122,1821.3919999999998,0.5183535405217402,0.5029886546346807,0.521135672833425,535.5820000000022,-44.19379999999874,409145,1,0,0,0
2023-07-31 04:00:00+00:00,29422.0,29443.68,29360.66,29373.61,2975.90381,2.369e-05,0.00012286000000000008,0.0005920900000000001,-1.0913574358489047,0,0,9713.675,10200.107,-486.4320000000007,0.48778654903423163,0.4963991595149292,-0.36871081325541816,4127.665000000001,-310.62699999999893,202286,1,0,0,0
2023-07-31 08:00:00+00:00,29373.62,29420.06,29332.32,29405.99,3067.69901,7.362e-05,0.00014088000000000007,0.0005989599999999999,0.3990918680772568,0,0,10555.052,8676.182,1878.869999999999,0.5488494394067484,0.49733624731961823,1.3369423078201375,3213.829999999998,385.6040000000001,178361,1,0,0,0
2023-07-31 12:00:00+00:00,29405.99,29473.97,29225.97,29247.98,4845.7793,7.362e-05,0.00014088000000000007,0.0005989599999999999,0.3990918680772568,0,0,27942.958,30275.229,-2332.2710000000006,0.4799695668983989,0.49434245962048673,-0.6460432016250258,-939.8330000000024,734.8527999999999,472449,1,0,0,0
2023-07-31 16:00:00+00:00,29247.99,29274.99,29101.8,29157.48,4521.86978,7.362e-05,0.00014088000000000007,0.0005989599999999999,0.3990918680772568,0,0,24684.0,25765.538999999997,-1081.538999999997,0.4892809823296899,0.497587194651245,-0.3620854914936768,-1534.9399999999987,-39.99599999999991,435715,1,0,0,0
2023-07-31 20:00:00+00:00,29157.49,29295.24,29115.64,29232.25,3084.57977,8.239e-05,0.00017970000000000009,0.00058135,0.6356097007897392,0,0,16962.066,15987.277999999998,974.7880000000005,0.5147922216600124,0.5013301498063442,0.36243097964394155,-2439.021999999997,-209.31679999999977,300760,1,0,0,0
2023-08-01 00:00:00+00:00,29232.26,29347.16,28720.0,28835.0,8673.02328,6.3e-05,0.00021901000000000011,0.00054435,-0.03746725888580696,0,0,38995.061,49471.887,-10476.826000000001,0.44078677835704244,0.49334666554921325,-1.6231343745463425,-10583.576999999997,-2207.3956,645934,1,0,0,0
2023-08-01 04:00:00+00:00,28835.01,28970.81,28803.5,28937.3,4964.8536,6.3e-05,0.00021901000000000011,0.00054435,-0.03746725888580696,0,0,20719.014,18085.585000000003,2633.4289999999964,0.533931918739838,0.49871036566215815,0.9247314361883889,-6868.609000000004,-2056.4838000000004,328055,1,0,0,0
2023-08-01 08:00:00+00:00,28937.31,28995.59,28862.18,28862.19,3644.73244,6.768e-05,0.0002130700000000001,0.00056636,0.05760478238295,0,0,12325.805,13986.487000000001,-1660.6820000000007,0.468442847928261,0.5009737154327425,-0.8198686621860658,-9504.079000000005,-1922.1660000000004,245358,1,0,0,0
2023-08-01 12:00:00+00:00,28862.19,28980.0,28585.7,28954.0,9581.32861,6.768e-05,0.0002130700000000001,0.00056636,0.05760478238295,0,0,45811.361,47117.34500000001,-1305.9840000000113,0.4929731938804786,0.49751670387564406,-0.17207869894096178,-333.23700000001554,-1967.0550000000032,698524,0,1,0,0
2023-08-01 16:00:00+00:00,28953.99,29335.0,28864.01,29274.41,8846.63298,0.0001,0.0002306800000000001,0.00059106,1.1804966230512555,0,0,50464.683,47896.438,2568.2449999999953,0.513055183663472,0.49698686818981735,0.3516095344860637,-398.42100000001665,-1648.3636000000042,739665,1,0,0,0
2023-08-01 20:00:00+00:00,29274.42,29739.25,29180.0,29705.99,9009.08071,0.0001,0.0002306800000000001,0.00059106,1.1804966230512555,0,0,53566.58,43888.397,9678.183000000005,0.5496546369304464,0.5031736769794388,1.3191797162124812,10940.443999999989,2382.6381999999967,681730,1,0,0,0
2023-08-02 00:00:00+00:00,29705.99,30047.5,29622.5,29632.96,12892.26158,0.0001,0.00026768000000000007,0.00060955,1.1138917235270422,0,0,65576.478,68056.62,-2480.1419999999925,0.4907203303780326,0.4973607660765672,-0.2565447365599936,9766.286000000007,1359.923999999999,993259,1,0,0,0
2023-08-02 04:00:00+00:00,29632.96,29719.77,29564.0,29577.26,5196.11558,0.0001,0.00026768000000000007,0.00060955,1.1138917235270422,0,0,23107.701,22190.769,916.9320000000007,0.510121004086893,0.5003759097954166,0.23072932050424796,8114.973000000013,1875.4467999999993,413134,0,1,0,0
2023-08-02 08:00:00+00:00,29577.25,29577.26,29378.62,29562.49,6827.56627,0.0001,0.00030000000000000003,0.00065395,1.1138917235270427,0,0,36877.075,38287.88900000001,-1410.814000000013,0.4906152153548559,0.5005093330979332,-0.25498190520022673,-2974.024000000005,1854.480799999999,558340,1,0,0,0
2023-08-02 12:00:00+00:00,29562.49,29603.8,29169.04,29321.4,9531.2654,0.0001,0.00030000000000000003,0.00065395,1.1138917235270427,0,0,46167.66,51749.966,-5582.305999999997,0.4714948869369035,0.4961795996256223,-0.7430028329036676,-6076.188000000009,224.37060000000056,790262,1,0,0,0
2023-08-02 16:00:00+00:00,29321.39,29364.0,28927.5,29151.56,11051.05572,0.0001,0.00030000000000000003,0.00071038,1.0964736820444207,0,0,54520.006,61367.839,-6847.832999999999,0.4704549126787197,0.4991464130577901,-0.74359694496828,-13840.953000000009,-3080.8326,842066,1,0,0,0
2023-08-02 20:00:00+00:00,29151.57,29233.06,29066.35,29186.01,2683.38686,0.0001,0.00030000000000000003,0.00071038,1.0964736820444207,0,0,12399.802,11423.687000000002,976.114999999998,0.5204863989485334,0.4978018610786596,0.6119350123651728,-11454.023999999998,-2389.581200000002,250881,1,0,0,0
2023-08-03 00:00:00+00:00,29186.0,29275.8,29126.34,29182.14,3369.62096,0.0001,0.00030000000000000003,0.00078669,1.0964736820444207,0,0,11679.432,12451.670999999998,-772.2389999999978,0.48399909444669814,0.4993574857305033,-0.35325641423469634,-6643.9569999999985,-2727.4154000000017,256243,1,0,0,0
2023-08-03 04:00:00+00:00,29182.13,29192.0,29013.04,29044.17,3838.38639,0.0001,0.00030000000000000003,0.00078669,1.0964736820444207,0,0,13540.924,15342.993,-1802.0689999999995,0.46880497544706284,0.49694066388716174,-0.9912241695367039,-1598.1929999999993,-2805.666399999999,273728,1,0,0,0
2023-08-03 08:00:00+00:00,29044.16,29197.78,28968.0,29146.01,3557.08908,0.0001,0.00030000000000000003,0.00081307,1.0263621087413572,0,0,19708.188,19562.765000000003,145.42299999999523,0.5018515338805248,0.49582029890886703,0.10675778513303964,-2428.885000000002,-1660.1206000000006,342160,1,0,0,0
2023-08-03 12:00:00+00:00,29146.01,29433.33,29078.43,29259.07,7234.91983,0.0001,0.00030000000000000003,0.00081307,1.0263621087413572,0,0,39938.739,38414.551999999996,1524.1870000000054,0.5097263751180535,0.49182747272762767,0.43820291751721324,-132.45899999999892,14.283400000000256,628480,1,0,0,0
2023-08-03 16:00:00+00:00,29259.07,29368.86,29137.55,29281.32,5040.57791,0.0001,0.00030000000000000003,0.00081307,1.0263621087413572,0,0,23495.098,25763.573999999997,-2268.475999999995,0.47697384127611075,0.4904528238174356,-0.6499224447672953,-598.8659999999945,-634.6347999999983,413522,0,1,0,0
2023-08-03 20:00:00+00:00,29281.32,29361.14,29165.46,29193.64,3436.32577,0.0001,0.00030000000000000003,0.0008306800000000001,1.0263621087413566,0,0,15110.114,16959.892,-1849.7780000000002,0.4711603109771791,0.4865567545064642,-0.8071308068038191,-2594.06699999999,-850.1425999999989,293548,1,0,0,0
2023-08-04 00:00:00+00:00,29193.65,29251.68,29100.0,29161.29,2758.43275,8.116e-05,0.0002811600000000001,0.00084884,0.2826679664275103,0,0,11209.807,13238.953999999998,-2029.1469999999972,0.45850204842691217,0.48334543781366984,-1.2645865913887397,-6147.400999999993,-895.5581999999984,233976,1,0,0,0
2023-08-04 04:00:00+00:00,29161.28,29253.02,29134.7,29212.92,2786.72183,8.116e-05,0.0002811600000000001,0.00084884,0.2826679664275103,0,0,9664.988,9208.453,456.53499999999985,0.5120946413534235,0.48740541325532183,0.6128877574431509,-3422.3899999999976,-833.3357999999974,183694,1,0,0,0
2023-08-04 08:00:00+00:00,29212.91,29263.52,29137.0,29167.51,3233.96545,0.0001,0.00028116000000000013,0.0008811600000000001,0.9637735704209641,0,0,11280.92,11233.318000000001,47.60199999999895,0.501057153255642,0.490465637313014,0.2446090301851547,-1525.0099999999984,-1128.6527999999987,196089,0,1,0,0
2023-08-04 12:00:00+00:00,29167.51,29333.08,29130.0,29274.28,5261.81968,0.0001,0.00028116000000000013,0.0008811600000000001,0.9637735704209641,0,0,27338.178,26378.218,959.9599999999991,0.5089354468233498,0.48931054210049574,0.49608920905831566,1464.096999999998,-482.9655999999999,473837,1,0,0,0
2023-08-04 16:00:00+00:00,29274.28,29286.7,28950.0,29032.06,5475.27303,0.0001,0.0002811600000000001,0.0008811600000000001,0.9511346108672939,0,0,28126.228,33367.107,-5240.879000000004,0.45738660945938286,0.4866492936017641,-1.423111464156942,-4233.317000000006,-1161.1858000000007,487638,1,0,0,0
2023-08-04 20:00:00+00:00,29032.05,29130.35,28807.54,29113.99,4035.73943,0.0001,0.0002811600000000001,0.0008811600000000001,0.9511346108672939,0,0,23634.6,24714.902000000002,-1080.3020000000033,0.4888281993059618,0.488651615987654,-0.21124538623456154,-5361.221000000009,-971.416800000002,402771,0,1,0,0
2023-08-05 00:00:00+00:00,29114.0,29152.23,29065.11,29094.53,2238.91853,4.181e-05,0.0002418100000000001,0.00082297,-1.1890581334379096,0,0,8089.392,7787.99,301.40200000000004,0.5094915521967035,0.4894156178192719,0.5929308289445554,-6019.779000000008,-1002.4434000000019,162645,0,1,0,0
2023-08-05 04:00:00+00:00,29094.52,29097.72,29035.0,29052.81,2237.92793,4.181e-05,0.0002418100000000001,0.00082297,-1.1890581334379096,0,0,5586.079,6210.196,-624.1170000000002,0.47354601346611536,0.48579758165407805,-0.7639630378059646,-1403.0170000000035,-1136.7872000000018,142368,1,0,0,0
2023-08-05 08:00:00+00:00,29052.81,29090.39,29044.37,29048.0,2385.2365,0.0001,0.0002418100000000001,0.0008229700000000001,1.0022039892106833,0,0,5490.252,5196.1630000000005,294.08899999999994,0.513759946623821,0.4894761921888492,0.8734404440929522,-28.626000000000204,-1269.9614000000015,127849,0,1,0,0
2023-08-05 12:00:00+00:00,29048.01,29082.13,28978.64,29041.49,2527.96804,0.0001,0.0002418100000000001,0.0008229700000000001,1.0022039892106833,0,0,12345.678,13602.077000000001,-1256.3990000000013,0.4757898322995573,0.48993914432108693,-0.6733358013990062,-1586.4270000000015,-473.065400000001,252469,1,0,0,0
2023-08-05 16:00:00+00:00,29041.49,29099.0,29009.37,29067.35,1293.61863,0.0001,0.0002418100000000001,0.0008229700000000001,1.0022039892106833,0,0,5998.666,5616.080999999999,382.58500000000095,0.5164697948220482,0.4957359189606005,0.9350074778528384,-579.7250000000004,-180.4880000000001,135407,1,0,0,0
2023-08-05 20:00:00+00:00,29067.36,29092.38,29052.5,29072.13,961.85055,0.0001,0.00024181000000000007,0.00082297,0.9398912828035535,0,0,3256.73,3329.32,-72.59000000000015,0.4944891095573219,0.4939753657809904,0.08018024284871887,-946.4040000000005,-255.28640000000013,98051,0,1,0,0
2023-08-06 00:00:00+00:00,29072.13,29078.95,29036.0,29063.99,1730.38101,0.0001,0.00030000000000000003,0.0008229700000000001,0.8849791848839911,0,0,4148.74,4025.611,123.1289999999999,0.5075314235955858,0.4946227928149847,0.564313045817644,433.1240000000007,-105.83720000000012,110071,0,1,0,0
2023-08-06 04:00:00+00:00,29064.0,29107.48,29045.96,29092.68,2554.57467,0.0001,0.00030000000000000003,0.0008229700000000001,0.8849791848839911,0,0,5921.51,5535.927,385.58300000000054,0.5168267562806586,0.49541192376071563,1.037236825989432,436.1220000000003,-87.5384,128186,1,0,0,0
2023-08-06 08:00:00+00:00,29092.68,29142.0,29047.82,29078.01,2173.81719,0.0001,0.00030000000000000003,0.0008229700000000001,0.8849791848839911,0,0,7878.61,7982.991000000001,-104.38100000000122,0.4967096322748252,0.4993442260422599,0.07479503916589203,404.3309999999992,142.86520000000002,155892,1,0,0,0
2023-08-06 12:00:00+00:00,29078.01,29078.01,28991.88,29012.93,2574.91787,0.0001,0.00030000000000000003,0.00082297,0.8294892088067952,0,0,8701.693,10241.458000000002,-1539.765000000003,0.4593582662145278,0.4963972327331165,-1.5552425236588192,-1258.5630000000037,-241.6048000000008,183957,1,0,0,0
2023-08-06 16:00:00+00:00,29012.92,29102.91,29000.52,29088.0,1393.09127,0.0001,0.00030000000000000003,0.00082297,0.8294892088067952,0,0,9078.204,8988.803000000002,89.40099999999802,0.5024741508098158,0.49569549259442763,0.40060927043737027,-1554.7450000000063,-209.20660000000117,168258,1,0,0,0
2023-08-06 20:00:00+00:00,29088.0,29205.09,29038.13,29088.42,2751.41519,0.0001,0.00030000000000000003,0.00082297,0.7853215225470364,0,0,15743.728,14847.165,896.5629999999983,0.5146540834881805,0.49980629959663425,1.1208256830784424,-553.8010000000068,-54.51980000000149,279299,1,0,0,0
2023-08-07 00:00:00+00:00,29088.43,29229.62,29018.25,29162.67,3469.1155,0.0001,0.00030000000000000003,0.0008418100000000001,0.7333534143436038,0,0,15115.866,14845.179999999998,270.6860000000015,0.5045172988953723,0.4988820348237894,0.5818059810688772,1256.6499999999978,-77.4992000000013,290009,1,0,0,0
2023-08-07 04:00:00+00:00,29162.66,29197.82,29050.77,29094.09,3151.67245,0.0001,0.00030000000000000003,0.0008418100000000001,0.7333534143436038,0,0,10864.873,11873.647,-1008.7740000000013,0.4778179494531746,0.4990848465391511,-0.708637171929902,158.47499999999854,-258.3778000000013,220369,1,0,0,0
2023-08-07 08:00:00+00:00,29094.09,29153.86,29045.14,29091.44,2870.95625,7.669e-05,0.0002766900000000001,0.0008185,-0.31303359936513636,0,0,12506.398,10714.044,1792.3539999999994,0.5385943127180783,0.501297298328754,2.092435087789453,1054.2659999999996,408.0459999999992,204323,0,1,0,0
2023-08-07 12:00:00+00:00,29091.44,29150.0,28788.73,28858.44,8042.90902,7.669e-05,0.0002766900000000001,0.0008185,-0.31303359936513636,0,0,40380.528,45084.57600000001,-4704.04800000001,0.47247971522973864,0.4990963588959957,-0.9756727543580869,-3920.4680000000117,-550.6438000000023,650914,1,0,0,0
2023-08-07 16:00:00+00:00,28858.45,29186.74,28701.03,29154.91,10217.00216,0.0001,0.0002766900000000001,0.0008185,0.7244771643489731,0,0,52057.793,49819.37100000001,2238.4219999999914,0.5109858868862898,0.4994418052250662,0.7574469729642923,-673.272000000019,-282.27200000000374,772479,1,0,0,0
2023-08-07 20:00:00+00:00,29154.91,29276.78,29121.12,29211.06,3215.22208,0.0001,0.0002766900000000001,0.0008185,0.7244771643489731,0,0,17934.807,16555.356,1379.451000000001,0.519997745444114,0.4997589041414117,1.1821859714423166,-1086.1750000000175,-60.51900000000387,309013,1,0,0,0
2023-08-08 00:00:00+00:00,29211.06,29260.1,29146.45,29195.08,2613.81378,0.0001,0.0002766900000000001,0.0008766900000000001,0.7244771643489731,0,0,9724.338,11480.952000000001,-1756.6140000000014,0.4585807598009742,0.4959460168940266,-1.5929224742792911,1861.258999999991,-210.0870000000039,200621,1,0,0,0
2023-08-08 04:00:00+00:00,29195.09,29331.24,29181.81,29187.62,3984.65386,0.0001,0.0002766900000000001,0.0008766900000000001,0.7244771643489731,0,0,15730.272,14382.812999999998,1347.4590000000026,0.5223733137936548,0.5022475216519393,1.1941302784948746,970.2960000000021,-299.06600000000327,277596,0,1,0,0
2023-08-08 08:00:00+00:00,29187.62,29441.96,29171.47,29438.63,4673.9121,9.136e-05,0.00029136000000000006,0.00086805,0.2868002250709046,0,0,25383.558,20809.963,4573.595000000001,0.549504723833457,0.5069505789543035,2.1430376326104863,4164.440000000002,1556.462599999999,377052,1,0,0,0
2023-08-08 12:00:00+00:00,29438.63,29674.7,29354.0,29535.39,12230.25712,9.136e-05,0.00029136000000000006,0.00086805,0.2868002250709046,0,0,67287.747,63370.78,3916.967000000004,0.5149893278683603,0.5069841033923214,0.7142275667606556,9838.021000000008,1892.1716000000015,957869,1,0,0,0
2023-08-08 16:00:00+00:00,29535.38,29950.0,29535.38,29884.24,13510.46737,5.944e-05,0.0002508000000000001,0.0008274900000000001,-1.1613698567257036,0,0,72576.738,63791.960999999996,8784.777000000002,0.5322096531844159,0.5097533388212258,1.3177859114824126,17275.339000000007,3373.2368000000015,967910,1,0,0,0
2023-08-08 20:00:00+00:00,29884.23,30244.0,29685.76,29770.42,8687.42969,5.944e-05,0.0002508000000000001,0.0008274900000000001,-1.1613698567257036,0,0,49499.953,45230.726,4269.226999999999,0.5225334973055561,0.5142248936064638,0.8691994763983143,16970.971000000005,4578.405000000002,745402,0,1,0,0
2023-08-09 00:00:00+00:00,29770.41,29883.1,29613.0,29716.01,5699.9951,8.11e-05,0.0002319000000000001,0.00080859,-0.16555403547853653,0,0,20930.498,23167.879999999997,-2237.381999999998,0.4746319241038752,0.5078286547450437,-1.1301018211427052,10816.622000000003,3861.4368000000018,339482,1,0,0,0
2023-08-09 04:00:00+00:00,29716.0,29821.29,29673.34,29818.0,4621.81004,8.11e-05,0.0002319000000000001,0.00080859,-0.16555403547853653,0,0,17393.69,16285.973000000002,1107.716999999997,0.5164448943565735,0.5122251726577272,0.612643680987736,3139.561999999998,3168.261200000001,262610,1,0,0,0
2023-08-09 08:00:00+00:00,29818.01,29914.19,29740.01,29888.32,4765.65488,9.527e-05,0.0002358100000000001,0.0008038600000000001,0.43739787457255486,0,0,19458.099,19651.849,-193.75,0.4975230087240208,0.5108788848415002,-0.17206239007332796,-1323.4150000000009,2346.1178,298438,0,1,0,0
2023-08-09 12:00:00+00:00,29888.32,30160.0,29676.86,29761.7,11490.49149,9.527e-05,0.0002358100000000001,0.0008038600000000001,0.43739787457255486,0,0,57358.313,55215.761999999995,2142.5510000000068,0.509516183011053,0.509830728598194,0.3273261897131943,3056.5180000000037,1017.672600000001,848072,0,1,0,0
2023-08-09 16:00:00+00:00,29761.7,29774.0,29396.95,29416.22,8420.25502,8.877e-05,0.0002651400000000001,0.00079263,0.06327398142882497,0,0,43310.213,51633.255999999994,-8323.04299999999,0.4561684279726497,0.5095894954153616,-1.8895544142365628,-6374.241999999984,-1500.781399999997,709806,1,0,0,0
2023-08-09 20:00:00+00:00,29416.21,29626.0,29376.67,29581.99,3005.68072,8.877e-05,0.0002651400000000001,0.00079263,0.06327398142882497,0,0,20104.986,17499.181999999997,2605.8040000000037,0.5346478081897731,0.5108169448549735,1.2769243224135496,-3574.68799999998,-532.1441999999967,327348,1,0,0,0
2023-08-10 00:00:00+00:00,29581.99,29660.06,29566.66,29582.63,3086.43915,8.877e-05,0.0002651400000000001,0.00079263,0.06327398142882497,0,0,12349.747,14048.988000000001,-1699.2410000000018,0.4678158631464727,0.5026480587862749,-1.333650213113258,-7416.479999999989,-1093.5357999999965,235915,0,1,0,0
2023-08-10 04:00:00+00:00,29582.63,29616.98,29491.11,29512.0,3524.95587,0.0001,0.0002840400000000001,0.00079263,0.6398738541124944,0,0,12373.57,13752.462,-1378.8919999999998,0.47361076492595583,0.4985102024920346,-1.1061948953426666,-472.3289999999979,-1330.5641999999964,243325,1,0,0,0
2023-08-10 08:00:00+00:00,29511.99,29559.98,29476.0,29504.01,3463.97279,0.0001,0.0002887700000000001,0.00081594,0.5915246542394329,0,0,11090.409,9992.918000000001,1097.4909999999982,0.5260274623639808,0.497891983409991,0.9263056509147147,-1980.6420000000035,-1539.5761999999982,224144,0,1,0,0
2023-08-10 12:00:00+00:00,29504.01,29738.0,29400.0,29466.0,8102.29021,0.0001,0.0002887700000000001,0.00081594,0.5915246542394329,0,0,49933.052,51509.954999999994,-1576.9029999999912,0.492227640688924,0.49486139774832794,-0.4142087173361216,-1858.3039999999928,-190.34819999999817,822036,1,0,0,0
2023-08-10 16:00:00+00:00,29465.99,29478.07,29320.2,29444.52,3677.42824,8.277e-05,0.0002827700000000001,0.00079871,-0.5364459826222815,0,0,22933.677,23345.209,-411.53199999999924,0.49555378234471764,0.49695358357241204,-0.25648454995901465,-890.9439999999922,-793.8153999999988,378111,1,0,0,0
2023-08-10 20:00:00+00:00,29444.52,29488.29,29422.71,29455.75,1608.36747,8.277e-05,0.0002827700000000001,0.00079871,-0.5364459826222815,0,0,6549.708,6666.343,-116.63500000000022,0.4955873732630118,0.4948678314630559,-0.2567111129921561,-2105.0699999999906,-477.29419999999845,123219,0,1,0,0
2023-08-11 00:00:00+00:00,29455.76,29498.17,29352.47,29412.0,2899.21477,0.0001,0.0002827700000000001,0.00079871,0.5409433629545117,0,0,9283.877,10023.194,-739.3169999999991,0.4808537245240358,0.4932009030430574,-0.7970187660191488,-1267.4839999999986,-349.3791999999983,176439,1,0,0,0
2023-08-11 04:00:00+00:00,29412.0,29490.0,29380.04,29417.28,3351.66422,0.0001,0.0002827700000000001,0.00079871,0.5409433629545117,0,0,9543.694,8839.127,704.5669999999991,0.519163734445328,0.4941656581864849,0.7011056955688567,-151.38500000000022,-427.9639999999981,151842,1,0,0,0
2023-08-11 08:00:00+00:00,29417.28,29452.33,29350.0,29445.96,3809.67776,0.0001,0.0002827700000000001,0.0008073500000000001,0.4901957582820823,0,0,11339.732,10597.34,742.3919999999998,0.5169209455117802,0.500240909940398,0.583700321031442,707.6419999999998,35.895000000000074,166046,1,0,0,0
2023-08-11 12:00:00+00:00,29445.96,29564.52,29354.0,29395.89,5863.2428,0.0001,0.0002827700000000001,0.0008073500000000001,0.4901957582820823,0,0,33587.754,34241.755999999994,-654.0019999999931,0.49517907471246664,0.49629403659266735,-0.32481477811808057,792.9570000000058,-12.598999999998705,516551,1,0,0,0
2023-08-11 16:00:00+00:00,29395.9,29431.03,29252.45,29396.76,3515.35274,7.123e-05,0.00027123000000000007,0.00081914,-1.482997249698186,0,0,19524.842,21768.321999999996,-2243.479999999996,0.472834728770118,0.4967959231550319,-1.168873936305894,-2155.0899999999892,-437.96799999999786,319161,0,1,0,0
2023-08-11 20:00:00+00:00,29396.76,29444.73,29396.76,29426.03,1197.89201,7.123e-05,0.00027123000000000007,0.00081914,-1.482997249698186,0,0,5143.29,5151.080000000001,-7.790000000000873,0.49962163784670643,0.49939701044710694,-0.08049641770957418,-2905.27199999999,-291.6625999999982,99836,0,1,0,0
2023-08-12 00:00:00+00:00,29426.02,29460.73,29381.56,29402.07,1581.2942,0.0001,0.0002712300000000001,0.0008380400000000001,0.5400388277706059,0,0,5282.91,6228.545,-945.6350000000002,0.45892634771190954,0.4926868989818998,-1.5759143737679926,-3196.904999999997,-621.702999999998,114129,1,0,0,0
2023-08-12 04:00:00+00:00,29402.06,29426.68,29384.82,29421.49,1711.51601,0.0001,0.0002712300000000001,0.0008380400000000001,0.5400388277706059,0,0,4153.438,3304.343,849.0950000000003,0.5569267855948036,0.49915681347248775,1.9525421479120246,-104.33000000000084,-600.3623999999979,78490,1,0,0,0
2023-08-12 08:00:00+00:00,29421.48,29434.35,29390.57,29429.85,2189.80574,0.0001,0.00027123000000000007,0.00084277,0.5400388277706059,0,0,5272.418,4549.057000000001,723.360999999999,0.5368254768250186,0.5032839829205179,1.233667057168746,626.820999999999,-324.8897999999996,96129,1,0,0,0
2023-08-12 12:00:00+00:00,29429.85,29458.1,29408.28,29438.81,1390.34294,0.0001,0.00027123000000000007,0.00084277,0.5400388277706059,0,0,5553.337,5284.826,268.5110000000004,0.5123872929388495,0.5049639748881016,0.30853807107904074,1840.9669999999996,177.5083999999997,110651,1,0,0,0
2023-08-12 16:00:00+00:00,29438.81,29481.35,29411.58,29416.16,1263.44937,9.305e-05,0.0002930500000000001,0.00084705,0.06797096830006033,0,0,5462.636,5336.153,126.48300000000017,0.505856351114926,0.5074642375471907,0.0741273474897495,1118.3549999999996,204.36299999999991,112958,0,1,0,0
2023-08-12 20:00:00+00:00,29416.17,29433.16,29400.0,29430.17,835.07242,9.305e-05,0.0002930500000000001,0.00084705,0.06797096830006033,0,0,3089.862,2720.51,369.35199999999986,0.5317838513609799,0.5087262492387559,1.0045253044461009,764.3460000000005,467.3603999999999,69718,1,0,0,0
2023-08-13 00:00:00+00:00,29430.18,29455.21,29400.0,29418.56,1168.69051,0.0001,0.0002930500000000001,0.00084705,0.5591996300180039,0,0,4002.659,5676.437,-1673.7779999999998,0.41353645009823237,0.49838779969740105,-2.8771073070053057,-1177.9429999999998,-37.214200000000076,80359,1,0,0,0
2023-08-13 04:00:00+00:00,29418.56,29418.57,29363.0,29396.36,1836.11114,0.0001,0.0002930500000000001,0.00084705,0.5591996300180039,0,0,5288.48,6443.1810000000005,-1154.701000000001,0.4507869772234298,0.4939485899484974,-1.5405721485514243,-2459.127000000001,-412.82660000000004,107089,1,0,0,0
2023-08-13 08:00:00+00:00,29396.37,29416.53,29375.49,29383.38,1855.11829,4.637e-05,0.0002394200000000001,0.00079342,-2.689610201086177,0,0,3681.984,3654.414,27.56999999999971,0.5018789874813225,0.4968530158196178,0.10104528915877337,-2800.909000000001,-461.0148000000002,78661,0,1,0,1
2023-08-13 12:00:00+00:00,29383.39,29393.76,29362.0,29374.2,1507.97478,4.637e-05,0.0002394200000000001,0.00079342,-2.689610201086177,0,0,4681.163,5223.797,-542.634,0.4726079661099086,0.494151648645938,-0.7979015615426854,-1669.7650000000012,-594.8382000000003,101213,1,0,0,1
2023-08-13 16:00:00+00:00,29374.19,29474.65,29328.21,29442.91,2401.6459,0.0001,0.0002463700000000001,0.00081065,0.5938317775829002,0,0,11647.08,9213.515000000001,2433.5649999999987,0.558329232699259,0.504091937144673,1.8572800990284233,1918.5009999999984,-181.99560000000048,176075,1,0,0,0
2023-08-13 20:00:00+00:00,29442.91,29446.0,29272.32,29303.84,2332.16885,0.0001,0.0002463700000000001,0.00081065,0.5938317775829002,0,0,10799.254,13878.540999999997,-3079.2869999999966,0.43761016735895575,0.4921602753210882,-1.7073866446772088,-1188.355999999998,-463.0973999999998,223539,1,0,0,0
2023-08-14 00:00:00+00:00,29303.85,29429.95,29102.45,29399.91,9359.80818,0.0001,0.0002463700000000001,0.00081065,0.5938317775829002,0,0,33925.897,34381.649000000005,-455.7520000000077,0.4966639703320625,0.4881441246717926,0.015967283545914614,-1101.4740000000056,-323.3076000000012,500346,0,1,0,0
2023-08-14 04:00:00+00:00,29399.91,29469.63,29392.6,29422.01,2986.60563,0.0001,0.0002463700000000001,0.00081065,0.5554300098313111,0,0,11250.262,10928.931999999999,321.33000000000175,0.5072439512454782,0.4876297905024554,0.341355720702028,-3213.7090000000026,-264.55560000000077,199688,1,0,0,0
2023-08-14 08:00:00+00:00,29422.01,29495.76,29383.63,29409.99,3167.54657,0.0001,0.00030000000000000003,0.00081065,0.5554300098313103,0,0,12731.074,11803.368999999999,927.7050000000017,0.5189061761051597,0.4889347730014789,0.6633117788178634,793.2829999999958,29.512199999999574,194856,0,1,0,0
2023-08-14 12:00:00+00:00,29410.0,29672.0,29332.61,29599.99,7136.81271,0.0001,0.00030000000000000003,0.00081065,0.5554300098313103,0,0,43068.467,37778.312,5290.154999999999,0.5327171661347201,0.4890281044788528,1.032430947397905,6539.190000000002,600.8301999999996,550278,1,0,0,0
2023-08-14 16:00:00+00:00,29600.0,29695.32,29257.0,29360.54,6860.28114,0.0001,0.00030000000000000003,0.00083942,0.5554300098313111,0,0,38145.364,43170.306,-5024.9419999999955,0.46910225298518726,0.4945846847675483,-0.8461669602159576,1192.9180000000051,211.69919999999985,630038,1,0,0,0
2023-08-14 20:00:00+00:00,29360.54,29471.31,29338.12,29430.93,1932.06109,0.0001,0.00030000000000000003,0.00083942,0.5554300098313111,0,0,8675.626,9176.125,-500.4989999999998,0.4859817952871962,0.498104166573925,-0.3055023418301187,-235.28599999999642,202.74980000000141,159858,0,1,0,0
2023-08-15 00:00:00+00:00,29430.92,29454.23,29371.99,29402.01,2988.63804,0.0001,0.00030000000000000003,0.00083942,0.5554300098313111,0,0,6616.161,7877.099,-1260.938,0.45649915891938736,0.4935661837177315,-1.1690212536772702,-6786.378999999995,-113.70379999999895,145232,1,0,0,0
2023-08-15 04:00:00+00:00,29402.0,29435.02,29351.33,29408.84,3759.31138,0.0001,0.00030000000000000003,0.00083942,0.5279276778593739,0,0,7284.281,7115.1269999999995,169.15400000000045,0.5058736442498192,0.4968927515317225,0.2716707426891404,-1592.2829999999994,-265.4139999999992,149319,1,0,0,0
2023-08-15 08:00:00+00:00,29408.83,29457.44,29358.0,29366.0,4590.74949,0.0001,0.00030000000000000003,0.0008394200000000001,0.5279276778593759,0,0,10677.034,11502.32,-825.2860000000001,0.4813951749902184,0.4891993457608185,-0.4222239148449987,-1917.0699999999997,-1488.502199999999,185779,1,0,0,0
2023-08-15 12:00:00+00:00,29365.99,29499.26,29315.0,29332.66,5517.77561,0.0001,0.00030000000000000003,0.0008394200000000001,0.5279276778593759,0,0,23003.677,23746.071,-742.3940000000002,0.4920599144192178,0.4946443204668446,-0.09882079422103572,-1398.5259999999998,-631.9925999999999,343625,1,0,0,0
2023-08-15 16:00:00+00:00,29332.67,29369.23,29059.6,29181.73,7775.93801,0.0001,0.00030000000000000003,0.00084637,0.5279276778593759,0,0,34374.957,36990.427,-2615.470000000001,0.48167549970725304,0.4931454734043637,-0.39839821791946145,-4183.1500000000015,-1054.9868000000001,517116,1,0,0,0
2023-08-15 20:00:00+00:00,29181.73,29243.08,29135.81,29200.0,2871.46438,0.0001,0.00030000000000000003,0.00084637,0.5279276778593759,0,0,10838.76,11264.045,-425.28499999999985,0.49037938849842816,0.4914590171296587,-0.13006401754473493,-3783.1490000000013,-887.8562000000002,207212,0,1,0,0
2023-08-16 00:00:00+00:00,29200.01,29259.85,29184.96,29228.51,3589.09589,0.0001,0.00030000000000000003,0.00084637,0.5279276778593759,0,0,9702.956,8443.864,1259.0920000000006,0.534691808261723,0.493037580345315,1.1313976043537262,-1781.6630000000005,-669.8686000000001,154725,1,0,0,0
2023-08-16 04:00:00+00:00,29228.51,29235.54,29111.0,29197.67,4292.06725,0.0001,0.00030000000000000003,0.00084637,0.5279276778593759,0,0,12572.152,13205.855000000001,-633.7030000000013,0.4877084562821323,0.4885367093600562,-0.2302716243651853,200.10399999999936,-631.5520000000004,213998,1,0,0,0
2023-08-16 08:00:00+00:00,29197.67,29216.46,29100.0,29164.67,4256.97828,0.0001,0.00030000000000000003,0.00084637,0.5279276778593759,0,0,13073.567,12876.372,197.1949999999997,0.503799527235883,0.4920064367851259,0.2642321817584438,822.5839999999989,-443.6342000000004,225903,0,1,0,0
2023-08-16 12:00:00+00:00,29164.67,29211.34,29047.09,29106.55,5632.45835,0.0001,0.00030000000000000003,0.0009000000000000001,0.5279276778593759,0,0,26822.274,27310.452999999998,-488.17899999999645,0.49549090700714193,0.4929573479571204,0.01462808730979644,-924.6869999999981,-18.175999999999476,464817,1,0,0,0
2023-08-16 16:00:00+00:00,29106.55,29235.0,28956.0,29111.7,6779.88052,0.0001,0.00030000000000000003,0.0009000000000000001,0.5279276778593739,0,0,36745.209,38666.75199999999,-1921.5429999999906,0.4872596934589727,0.49603340141107893,-0.24846418258205627,-2212.5269999999873,-317.4275999999976,572139,0,1,0,0
2023-08-16 20:00:00+00:00,29111.69,29139.99,28723.08,28730.51,8446.21825,0.0001,0.00030000000000000003,0.0009000000000000001,0.5279276778593739,0,0,34765.644,46357.85400000001,-11592.210000000006,0.42855208240650566,0.48830124522674756,-1.8306779437458165,-14001.931999999993,-2887.687999999999,625545,1,0,0,0
2023-08-17 00:00:00+00:00,28730.51,28783.48,28342.0,28657.31,10139.13995,0.0001,0.00030000000000000003,0.0009000000000000001,0.5279276778593759,0,0,45833.401,54770.91100000001,-8937.51000000001,0.45558088007201913,0.4857198157349276,-1.0576119277991032,-22451.263000000006,-4548.4494,708219,1,0,0,0
2023-08-17 04:00:00+00:00,28657.3,28706.31,28601.87,28621.99,3829.77192,0.0001,0.00030000000000000003,0.0009000000000000001,0.5279276778593759,0,0,12902.606,14522.589,-1619.9830000000002,0.47046542422032006,0.48356036671503794,-0.5873244436145142,-22149.703000000016,-4911.885,241903,1,0,0,0
2023-08-17 08:00:00+00:00,28622.0,28635.3,28483.89,28545.11,5762.14855,0.0001,0.00030000000000000003,0.0009000000000000001,0.4809295886860391,0,0,19545.913,20059.843,-513.9300000000003,0.4935119279127004,0.4847440095355826,0.14967544311116307,-11071.42300000001,-4917.035200000001,306822,1,0,0,0
2023-08-17 12:00:00+00:00,28545.1,28573.55,27888.0,27934.02,19119.98745,0.0001,0.00030000000000000003,0.0009000000000000001,0.4809295886860391,0,0,83874.533,98670.144,-14795.611000000004,0.45947400043880765,0.48165347072962056,-0.8468602623268422,-16929.524000000005,-7491.848800000004,1227910,1,0,0,0
2023-08-17 16:00:00+00:00,27934.02,28089.78,27700.0,27894.01,14489.295,0.0001,0.00030000000000000003,0.0009000000000000001,0.480929588686038,0,0,63908.294,69703.685,-5795.390999999996,0.47831260698563566,0.47601555060201184,-0.23834194106116335,-21104.932,-6332.485000000002,932262,1,0,0,0
2023-08-17 20:00:00+00:00,27894.0,27920.23,25166.0,26623.41,46931.19746,0.0001,0.00030000000000000003,0.0009000000000000001,0.480929588686038,0,0,178768.939,205947.36199999996,-27178.42299999995,0.46467731815710095,0.47371243678950864,-0.6103525540679925,-47769.42499999995,-9980.66759999999,2664772,1,0,0,0
2023-08-18 00:00:00+00:00,26623.41,26832.6,26321.18,26398.0,11747.28054,0.0001,0.00030000000000000003,0.0009000000000000001,0.4809295886860391,0,0,39228.263,39712.886999999995,-484.62399999999616,0.496930472890248,0.4730255313549453,0.36617491794293894,-33458.437999999944,-9753.59579999999,762730,1,0,0,0
2023-08-18 04:00:00+00:00,26397.99,26610.0,26157.71,26429.99,13379.28911,0.0001,0.00030000000000000003,0.0009000000000000001,0.4809295886860391,0,0,36645.364,39226.629,-2581.2649999999994,0.4829893423255667,0.4717753748867877,-0.1676347810632112,-30244.311999999947,-10167.062799999989,723030,0,1,0,0
2023-08-18 08:00:00+00:00,26430.0,26609.65,26381.6,26494.0,8403.77999,-4.6e-07,0.0001995400000000001,0.00079954,-4.199152662559295,0,0,23563.029,25558.496000000003,-1995.4670000000042,0.4796884665123894,0.47101825219212934,-0.26144035802115134,-5061.356,-7607.03399999999,507268,0,1,0,1
2023-08-18 12:00:00+00:00,26494.0,26500.0,25931.95,26002.0,14426.63632,-4.6e-07,0.0001995400000000001,0.00079954,-4.199152662559295,0,0,62409.071,68161.24900000001,-5752.178000000007,0.4779728731613739,0.47596033126761617,-0.33132967661796975,-10328.91000000001,-7598.391399999991,1113815,1,0,0,1
2023-08-18 16:00:00+00:00,26001.99,26313.33,25619.0,26065.01,16489.27194,5.166e-05,0.0001512000000000001,0.0007512,-1.7488224723945751,0,0,74776.842,76244.008,-1467.1659999999974,0.49514250515740044,0.4799164937761543,0.42590101280546455,-9214.811000000009,-2456.140000000001,1185351,0,1,0,0
2023-08-18 20:00:00+00:00,26065.01,26243.8,26006.01,26054.0,5344.39921,5.166e-05,0.0001512000000000001,0.0007512,-1.7488224723945751,0,0,17507.127,19342.351000000002,-1835.224000000002,0.4750983718141136,0.4803797885355337,-0.4973807400404899,-9054.568000000007,-2726.260000000002,353909,1,0,0,0
2023-08-19 00:00:00+00:00,26054.0,26154.57,25924.0,25967.51,3998.46404,-2.74e-06,4.846000000000008e-05,0.00064846,-3.239545080128327,0,0,13596.633,15309.894999999999,-1713.2619999999988,0.47036548284179963,0.47806514402844363,-0.6675110903711803,-5015.651999999998,-2552.659400000002,297812,1,0,0,1
2023-08-19 04:00:00+00:00,25967.51,26009.18,25801.09,25917.99,4454.75935,-2.74e-06,4.846000000000008e-05,0.00064846,-3.239545080128327,0,0,18094.137,20273.415000000005,-2179.2780000000057,0.47159998636347705,0.47927774262091055,-0.5659109939118986,-5727.7640000000065,-2589.4216000000024,354072,1,0,0,1
2023-08-19 08:00:00+00:00,25918.0,25999.01,25884.0,25900.08,4023.9561,-3.22e-06,4.570000000000008e-05,0.00054524,-2.702857958161332,0,0,12774.282,14182.586,-1408.304,0.4738785677920744,0.47883433870155445,-0.4125825145095461,-5300.844000000005,-1720.646800000001,280604,1,0,0,1
2023-08-19 12:00:00+00:00,25900.07,26226.04,25872.06,26216.01,6106.37301,-3.22e-06,4.570000000000008e-05,0.00054524,-2.702857958161332,0,0,25756.845,24507.869,1248.9760000000024,0.5124239839502519,0.4836090052808696,1.5361692093118662,-2338.6060000000034,-1177.418400000001,451396,1,0,0,1
2023-08-19 16:00:00+00:00,26216.01,26281.0,26026.96,26125.62,5104.24597,-5.286e-05,-5.8819999999999915e-05,0.00039238,-3.2379021135490076,0,0,19993.678,22485.207000000002,-2491.5290000000023,0.4706733239349385,0.4809832903853385,-0.5722294670308188,-2650.857,-1308.679400000001,400374,1,0,0,1
2023-08-19 20:00:00+00:00,26125.61,26156.0,26033.16,26100.01,2472.95496,-5.286e-05,-5.8819999999999915e-05,0.00039238,-3.2379021135490076,0,0,7027.26,8217.346,-1190.0859999999993,0.46096698071435893,0.4787810542242178,-1.0025368007148885,-2432.638999999999,-1204.044200000001,160294,1,0,0,1
2023-08-20 00:00:00+00:00,26100.01,26207.88,26046.4,26105.24,2661.66837,-3.069e-05,-8.676999999999992e-05,0.00026168999999999997,-2.334358756057169,0,0,8677.886,9226.219,-548.3329999999987,0.48468694749053365,0.4792809023220322,0.1313458692263805,-4229.948,-877.8551999999996,192313,0,1,0,1
2023-08-20 04:00:00+00:00,26105.23,26160.16,26047.41,26088.44,2915.3072,-3.069e-05,-8.676999999999992e-05,0.00026168999999999997,-2.334358756057169,0,0,6660.665,6589.943,70.72199999999975,0.5026686322620064,0.48175047823209544,1.0604038453859548,-1667.6969999999983,-582.0499999999996,162943,0,1,0,1
2023-08-20 08:00:00+00:00,26088.44,26198.72,26058.98,26176.7,3036.61074,-4.364e-05,-0.00012718999999999993,0.00011805,-2.2812252757308173,0,0,9673.336,10070.373,-397.03700000000026,0.4899452276165537,0.4812307504780108,0.39180761504584705,-874.6479999999992,-911.2526000000001,208334,0,1,0,1
2023-08-20 12:00:00+00:00,26176.69,26217.52,25971.05,26106.83,4427.24407,-4.364e-05,-0.00012718999999999993,0.00011805,-2.2812252757308173,0,0,19448.43,20907.794,-1459.3640000000014,0.4819189723993999,0.4819128105365394,-0.0016457895134887985,-1785.679000000002,-704.8196,364187,1,0,0,1
2023-08-20 16:00:00+00:00,26106.83,26162.34,26002.51,26137.25,2456.00338,-1.93e-06,-7.625999999999991e-05,1.6120000000000005e-05,-1.3460519014469352,0,0,10301.153,11010.807999999999,-709.6549999999988,0.483350781281929,0.4832113403805523,0.0690799864209067,-2566.0560000000005,-608.7333999999998,203079,0,1,0,0
2023-08-20 20:00:00+00:00,26137.25,26299.0,26137.25,26189.99,3560.07833,-1.93e-06,-7.625999999999991e-05,1.6120000000000005e-05,-1.3460519014469352,0,0,14430.714,14092.528999999999,338.1850000000013,0.5059282354394274,0.4866441652881474,1.1767439094968255,-1830.833999999999,-431.4297999999999,267374,1,0,0,0
2023-08-21 00:00:00+00:00,26190.0,26195.12,26070.0,26090.66,3015.05087,-2.797e-05,-7.353999999999992e-05,-0.00011185000000000001,-1.6875638921158393,0,0,8799.845,10423.19,-1623.3450000000012,0.4577760483711339,0.48503391334605334,-1.247987308692841,-1994.8149999999987,-770.2432000000001,222496,1,0,0,0
2023-08-21 04:00:00+00:00,26090.66,26189.04,26000.0,26023.34,4091.24604,-2.797e-05,-7.353999999999992e-05,-0.00011185000000000001,-1.6875638921158393,0,0,15199.297,17158.267999999996,-1958.970999999996,0.4697293198669307,0.48076444693772113,-0.5408666194058325,-3244.1309999999958,-1082.6299999999992,280358,1,0,0,0
2023-08-21 08:00:00+00:00,26023.33,26088.32,25880.2,26031.6,5803.825,8.16e-06,-2.173999999999992e-05,-0.00010323,-0.9549595126733089,0,0,21473.269,22418.536,-945.2669999999998,0.4892318509115768,0.48262029963538505,0.5981671416235853,-4527.582999999997,-979.8105999999989,390107,0,1,0,0
2023-08-21 12:00:00+00:00,26031.61,26198.89,25812.0,25939.59,9288.78777,8.16e-06,-2.173999999999992e-05,-0.00010323,-0.9549595126733089,0,0,37414.275,40592.38999999999,-3178.1149999999907,0.47962920860672614,0.48448652242462176,0.07526639932344473,-6082.352999999986,-1473.5025999999973,639815,1,0,0,0
2023-08-21 16:00:00+00:00,25939.59,26164.0,25937.6,26097.74,4995.45618,-1.619e-05,-3.599999999999992e-05,-0.00017108,-1.307289853021189,0,0,17221.25,17103.046000000002,118.2039999999979,0.5017218707122209,0.48619001474679047,1.3091318614384957,-4005.1779999999926,-1517.498799999998,336442,1,0,0,0
2023-08-21 20:00:00+00:00,26097.73,26258.42,26082.25,26126.92,3072.87647,-1.619e-05,-3.599999999999992e-05,-0.00017108,-1.307289853021189,0,0,13315.372,11386.527000000002,1928.8449999999975,0.5390424436598983,0.4898273958865797,3.1137528375734087,-1131.0659999999953,-807.0607999999982,244491,1,0,0,0
2023-08-22 00:00:00+00:00,26126.92,26139.42,26025.54,26055.99,2759.8298,-3.08e-06,-1.1109999999999919e-05,-0.00017142,-1.0049955626122429,0,0,7480.077,8236.007999999998,-755.9309999999978,0.47595040367877883,0.4884279134928022,-0.4142324365878983,1291.1179999999977,-566.4527999999985,181977,1,0,0,0
2023-08-22 04:00:00+00:00,26056.0,26117.28,26000.0,26106.69,2705.6774,-3.08e-06,-1.1109999999999919e-05,-0.00017142,-1.0049955626122429,0,0,10132.898,8408.482000000002,1724.4159999999974,0.5465018245675348,0.4948861987096157,2.925495108462287,2897.329999999997,-32.51619999999912,208597,1,0,0,0
2023-08-22 08:00:00+00:00,26106.69,26112.44,26027.22,26049.64,2844.91271,-1.928e-05,-3.854999999999992e-05,-0.00018748,-1.2030302907901762,0,0,7015.682,8522.249,-1506.567,0.4515197036207716,0.49170309094349995,-1.5168058941938447,-538.0820000000003,301.793399999999,180099,1,0,0,0
2023-08-22 12:00:00+00:00,26049.63,26100.23,25914.03,25936.61,5083.53852,-1.928e-05,-3.854999999999992e-05,-0.00018748,-1.2030302907901762,0,0,21599.417,22964.619999999995,-1365.202999999994,0.4846826825855118,0.48957853565810827,-0.02292985362265507,-1147.3539999999966,5.112000000000625,417175,1,0,0,0
2023-08-22 16:00:00+00:00,25936.62,26054.73,25726.29,25779.99,10251.20292,3.048e-05,8.120000000000081e-06,-0.00010414000000000002,-0.3040900304805174,0,0,57883.681,58662.387,-778.7060000000056,0.4966592352133235,0.4934668543423273,0.5138823154746497,-3650.4759999999997,-536.3982,916456,1,0,0,0
2023-08-22 20:00:00+00:00,25780.0,26070.04,25300.0,26056.0,10601.90553,3.048e-05,8.120000000000081e-06,-0.00010414000000000002,-0.3040900304805174,0,0,50487.38,51720.695,-1233.3150000000023,0.49396664598173873,0.4958905869538081,0.3460641910074805,-3377.224000000002,-631.8750000000009,766538,0,1,0,0
2023-08-23 00:00:00+00:00,26055.99,26187.99,25990.15,26006.32,4736.45838,7.39e-06,1.8590000000000085e-05,-6.606e-05,-0.6596978349714061,0,0,17143.633,18655.735999999997,-1512.1029999999955,0.4788808707773593,0.4948554889403864,-0.3496806601391505,-3524.1240000000034,-1279.1787999999995,347476,1,0,0,0
2023-08-23 04:00:00+00:00,26006.32,26183.91,25976.72,26057.13,5066.45045,7.39e-06,1.8590000000000085e-05,-6.606e-05,-0.6596978349714061,0,0,17767.515,18357.931000000004,-590.4160000000047,0.4918282531376913,0.49607539339348283,0.2585234181856717,-3335.8340000000026,-1095.9486000000004,348754,0,1,0,0
2023-08-23 08:00:00+00:00,26057.12,26096.0,25902.62,25939.49,3695.73713,-1.02e-05,2.767000000000008e-05,-3.262e-05,-0.9227972500083507,0,0,15319.762,16261.513,-941.7510000000002,0.48509004148819196,0.49441221047108,-0.07401300464063007,-3044.2700000000004,-1011.2582000000017,298167,1,0,0,0
2023-08-23 12:00:00+00:00,25939.49,26185.0,25812.82,26144.0,8219.23356,-1.02e-05,2.767000000000008e-05,-3.262e-05,-0.9227972500083507,0,0,47090.661,42161.703,4928.957999999999,0.5276124787014045,0.4932692139752306,1.7874841931285104,3396.790999999994,130.2745999999992,683370,1,0,0,0
2023-08-23 16:00:00+00:00,26143.99,26819.27,26127.24,26632.0,15370.84219,3.247e-05,2.966000000000008e-05,1.7799999999999931e-06,-0.143875469323588,0,0,78231.394,71306.27100000001,6925.122999999992,0.5231551127938235,0.4979896848867352,1.4832767564225677,10912.32999999999,1761.9621999999981,1087090,1,0,0,0
2023-08-23 20:00:00+00:00,26632.01,26723.99,26222.43,26432.72,6934.97807,3.247e-05,2.966000000000008e-05,1.7799999999999931e-06,-0.143875469323588,0,0,33478.062,37194.847,-3716.7850000000035,0.47370431575131566,0.4907099340051132,-0.6749838969420205,8137.2959999999875,1321.0257999999965,622425,1,0,0,0
2023-08-24 00:00:00+00:00,26432.71,26547.89,26345.76,26442.01,4085.62274,-2.822e-05,-5.949999999999924e-06,1.5299999999999972e-06,-1.138623460328666,0,0,15320.501,14337.356,983.1450000000004,0.516574781515738,0.4972154417946098,1.1169639212762952,4191.482999999989,1635.7379999999976,289382,1,0,0,0
2023-08-24 04:00:00+00:00,26442.01,26516.0,26384.0,26477.38,3595.17305,-2.822e-05,-5.949999999999924e-06,1.5299999999999972e-06,-1.138623460328666,0,0,12241.728,11261.722000000002,980.0059999999976,0.5208481308063284,0.5008319866166915,1.2127213276102855,-1753.6340000000055,2020.089399999997,231710,1,0,0,0
2023-08-24 08:00:00+00:00,26477.39,26577.87,26409.4,26444.02,3940.98697,2.506e-05,2.9310000000000077e-05,1.8429999999999998e-05,-0.15815270915164467,0,0,16906.966,16956.891000000003,-49.92500000000291,0.49926285715180047,0.5010923488105392,0.26068973379241756,1913.225999999995,1024.3127999999967,314672,1,0,0,0
2023-08-24 12:00:00+00:00,26444.02,26444.02,25990.72,25996.34,8755.58585,2.506e-05,2.9310000000000077e-05,1.8429999999999998e-05,-0.15815270915164467,0,0,47701.867,52654.939,-4953.072,0.4753226901222823,0.4992279532245936,-0.7173377036332469,-4022.9910000000054,-1351.3262000000018,811679,1,0,0,0
2023-08-24 16:00:00+00:00,25996.35,26163.0,25864.0,26039.44,6438.38839,4.9e-05,4.5840000000000076e-05,8.361999999999999e-05,0.3120137247702083,0,0,34018.119,34851.87,-833.7510000000038,0.4939469207698,0.5007345582238376,0.052972772898074574,-5836.748000000007,-774.7194000000018,569853,0,1,0,0
2023-08-24 20:00:00+00:00,26039.44,26207.15,25936.01,26180.05,3389.46416,4.9e-05,4.5840000000000076e-05,8.361999999999999e-05,0.3120137247702083,0,0,15864.839,14636.539,1228.2999999999993,0.520135155860827,0.5035652484961511,1.1270696615908715,-4558.523000000005,-725.688400000002,311326,1,0,0,0
2023-08-25 00:00:00+00:00,26180.05,26187.34,26011.41,26106.0,2777.0727,-6.59e-06,6.747000000000007e-05,8.011e-05,-0.6639038527216772,0,0,9857.631,11880.295,-2022.6640000000007,0.45347615039263633,0.5004038593865956,-1.6939548655781647,-1628.1150000000052,-1326.2224000000017,240735,1,0,0,0
2023-08-25 04:00:00+00:00,26106.0,26111.11,25974.22,25980.5,3435.96694,-6.59e-06,6.747000000000007e-05,8.011e-05,-0.6639038527216772,0,0,13731.222,14524.499000000002,-793.2770000000019,0.4859625418866501,0.49623886570512016,-0.30159938084951976,-1587.6410000000033,-1474.8928000000014,261236,1,0,0,0
2023-08-25 08:00:00+00:00,25980.5,26128.75,25980.49,26096.4,2924.78322,2.802e-05,7.043000000000008e-05,0.00012741,0.03607584970842169,0,0,11761.776,11291.943000000001,469.8329999999987,0.5101899611077935,0.49494235053651714,0.6863688390337942,-2346.108000000004,-390.31180000000165,227864,1,0,0,0
2023-08-25 12:00:00+00:00,26096.41,26314.05,25777.15,25932.01,11380.01633,2.802e-05,7.043000000000008e-05,0.00012741,0.03607584970842169,0,0,68166.727,70131.18500000001,-1964.4580000000133,0.492897730805943,0.4968616920419799,-0.052738087591634765,-2287.9020000000164,-616.4532000000036,1075498,1,0,0,0
2023-08-25 16:00:00+00:00,25932.01,26066.62,25832.25,25972.36,4923.47202,5.218e-05,7.361000000000008e-05,0.00014911,0.5569742516002647,0,0,23099.199,22631.822999999997,467.37600000000384,0.5051100541772279,0.49571521930812895,0.4301831591149307,-1027.2490000000107,-768.6380000000026,445983,1,0,0,0
2023-08-25 20:00:00+00:00,25972.37,26085.2,25957.4,26060.01,2312.02651,5.218e-05,7.361000000000008e-05,0.00014911,0.5569742516002647,0,0,9609.355,8144.839,1464.5159999999996,0.5412442265754221,0.49775482888503825,1.7943496794275826,-32.56600000000981,-71.20200000000258,184494,1,0,0,0
2023-08-26 00:00:00+00:00,26060.0,26125.77,26027.2,26087.15,1584.31997,3.82e-05,0.00011840000000000009,0.00017992,0.3297425617825598,0,0,7455.013,6497.919000000001,957.0939999999991,0.5342972358784519,0.5012582667577034,1.424909959362609,2888.9860000000026,278.87219999999763,148889,1,0,0,0
2023-08-26 04:00:00+00:00,26087.16,26088.0,26048.0,26050.81,2188.92461,3.82e-05,0.00011840000000000009,0.00017992,0.3297425617825598,0,0,3699.527,4346.344,-646.817,0.45980441396587146,0.4997064391420623,-1.508406073059288,1774.7929999999988,55.54219999999786,95600,1,0,0,0
2023-08-26 08:00:00+00:00,26050.82,26060.0,26001.83,26045.87,1545.41373,5.334e-05,0.00014372000000000007,0.00024346,0.7090715371795312,0,0,6390.201,6323.897,66.30400000000009,0.5026074991713922,0.5005724969822216,0.1526723999773995,376.5809999999992,461.69460000000055,102053,0,1,0,0
2023-08-26 12:00:00+00:00,26045.86,26078.0,25985.92,26054.0,1689.85745,5.334e-05,0.00014372000000000007,0.00024346,0.7090715371795312,0,0,6517.261,6466.055999999999,51.205000000001746,0.5019719537002756,0.49875617676616646,0.09943755268798486,-529.3079999999982,378.4604000000001,132904,1,0,0,0
2023-08-26 16:00:00+00:00,26054.0,26060.0,26004.77,26034.21,1625.43664,2.096e-05,0.00011250000000000008,0.00023195,0.060981831995825256,0,0,4238.605,4636.461000000001,-397.8560000000016,0.4775857441510857,0.5011671361420114,-0.826028088159031,-280.34699999999975,5.985999999999876,113204,1,0,0,0
2023-08-26 20:00:00+00:00,26034.22,26047.62,25988.2,26017.37,1388.27082,2.096e-05,0.00011250000000000008,0.00023195,0.060981831995825256,0,0,3288.879,4065.6990000000005,-776.8200000000006,0.447187996374503,0.4972896815907967,-1.8614198210824262,-1123.4710000000005,-340.7968000000001,93824,1,0,0,0
2023-08-27 00:00:00+00:00,26017.38,26030.55,25966.11,26021.96,1957.15103,9.9e-07,7.529000000000007e-05,0.00026115999999999997,-0.3475522627211154,0,0,5110.828,4375.288,735.5400000000009,0.5387692918787838,0.5001476146678956,1.5278304204931874,-439.13600000000133,-64.3253999999999,115630,1,0,0,0
2023-08-27 04:00:00+00:00,26021.96,26055.54,26021.96,26043.61,1536.05749,9.9e-07,7.529000000000007e-05,0.00026115999999999997,-0.3475522627211154,0,0,4288.228,3648.7299999999996,639.4980000000005,0.5402860894564392,0.5048864505329453,1.6140275766506638,598.2180000000008,50.313400000000186,91772,1,0,0,0
2023-08-27 08:00:00+00:00,26043.61,26095.6,26033.78,26060.44,2365.95212,3.976e-05,6.171000000000009e-05,0.00027586,0.7148140048348807,0,0,6656.574,6893.673,-237.09900000000016,0.49125111889104306,0.5035005570043267,-0.3012055492085928,1137.9390000000012,-7.3474000000001976,158382,0,1,0,0
2023-08-27 12:00:00+00:00,26060.44,26182.23,26052.8,26122.15,2577.47772,3.976e-05,6.171000000000009e-05,0.00027586,0.7148140048348807,0,0,11356.016,10434.993999999999,921.0220000000008,0.5211330727671641,0.501489441623501,0.8352535256623758,1323.4210000000012,256.4282000000003,224587,1,0,0,0
2023-08-27 16:00:00+00:00,26122.14,26179.0,26037.27,26125.49,2530.06704,1.232e-05,5.307000000000007e-05,0.00023918,0.0661296238130734,0,0,10881.07,11119.782,-238.71199999999953,0.4945749373706073,0.49751721177271657,-0.21282767280052178,445.21100000000115,364.0498000000005,218527,0,1,0,0
2023-08-27 20:00:00+00:00,26125.48,26133.71,26040.17,26101.77,1132.93676,1.232e-05,5.307000000000007e-05,0.00023918,0.0661296238130734,0,0,5523.273,6216.942,-693.6689999999999,0.47045756828133045,0.49858252720426244,-1.111520098263335,-11.35899999999856,78.20800000000035,136590,1,0,0,0
2023-08-28 00:00:00+00:00,26101.78,26105.0,25986.41,26012.98,3309.2282,-3.95e-06,4.813000000000008e-05,0.00024181999999999999,-0.3639658837864276,0,0,12451.402,13890.614,-1439.2119999999995,0.47268219714087184,0.4955899970012104,-1.0099042560079596,-2371.592999999999,-337.53399999999965,235855,1,0,0,0
2023-08-28 04:00:00+00:00,26012.98,26038.83,25872.05,25934.12,3765.35956,-3.95e-06,4.813000000000008e-05,0.00024181999999999999,-0.3639658837864276,0,0,14662.753,16242.128,-1579.375,0.47444780648079504,0.49283758227926233,-0.907411861591528,-3712.2559999999994,-605.9891999999996,280618,1,0,0,0
2023-08-28 08:00:00+00:00,25934.13,26004.0,25864.5,26000.99,3075.66108,-3.95e-06,4.813000000000008e-05,0.00024181999999999999,-0.3639658837864276,0,0,14718.207,12334.149,2384.058000000001,0.5440637776613616,0.4994853856302899,1.5878726624446005,-634.5289999999986,-313.3819999999996,239292,1,0,0,0
2023-08-28 12:00:00+00:00,26000.99,26253.99,25991.44,26104.17,6287.02969,4.424e-05,5.261000000000009e-05,0.00025804,1.2105997024220003,0,0,33838.661,34731.097,-892.4360000000015,0.4934924956275914,0.5041158355555988,-0.21143377690259393,-87.75300000000061,-444.1268,601790,0,1,0,0
2023-08-28 16:00:00+00:00,26104.16,26191.79,25918.0,25996.26,3676.97567,4.424e-05,5.261000000000009e-05,0.00025804,1.2105997024220003,0,0,19421.495,22448.087000000003,-3026.592000000004,0.4638569116835224,0.4966245975360727,-1.2174690340272842,-1534.9700000000048,-910.7114000000008,406550,1,0,0,0
2023-08-28 20:00:00+00:00,25996.27,26178.83,25946.18,26120.0,2578.37235,4.524e-05,8.553000000000008e-05,0.00025110000000000003,1.264067696944615,0,0,14166.553,11086.904999999999,3079.648000000001,0.5609747781868131,0.49869346640911,2.069387003924683,-839.3800000000047,-6.9394000000007505,270094,1,0,0,0
2023-08-29 00:00:00+00:00,26120.0,26206.24,26066.36,26083.19,2640.28117,8.24e-06,9.772000000000009e-05,0.00022114000000000001,-0.0011652477075187319,0,0,11091.925,11641.692,-549.7669999999998,0.48790850131767416,0.4983592046517732,-0.38499380671434075,-496.71100000000297,198.9821999999993,226925,1,0,0,0
2023-08-29 04:00:00+00:00,26083.18,26095.08,25990.58,26004.2,4150.9928,8.24e-06,9.772000000000009e-05,0.00022114000000000001,-0.0011652477075187319,0,0,9642.482,10605.796999999999,-963.3149999999987,0.4762124227940558,0.49386713965446233,-0.7334180592283562,1566.5660000000025,-470.49240000000066,211796,1,0,0,0
2023-08-29 08:00:00+00:00,26004.2,26046.0,25922.0,25975.55,3858.26938,3.769e-05,9.117000000000009e-05,0.00020549,0.9395089794534845,0,0,16520.95,16541.369000000002,-20.419000000001688,0.4996912043586537,0.49437876635326694,0.06733303503602145,-1533.5010000000002,-296.0890000000007,289685,1,0,0,0
2023-08-29 12:00:00+00:00,25975.54,27692.0,25964.79,27423.44,33126.0864,3.769e-05,9.117000000000009e-05,0.00020549,0.9395089794534845,0,0,189145.565,173803.76799999998,15341.79700000002,0.5211349017687822,0.49944649970201216,0.747337726108908,14358.06300000002,3377.588800000004,2233280,1,0,0,0
2023-08-29 16:00:00+00:00,27423.44,28142.85,27350.01,27831.33,23108.38949,-0.00010934,-6.340999999999991e-05,7.519e-05,-3.3235641232708546,0,0,104070.425,96875.104,7195.320999999996,0.5179036603496662,0.5039686460228915,0.6061017703928664,22516.699000000015,4200.7234000000035,1559695,1,0,0,1
2023-08-29 20:00:00+00:00,27831.33,27883.61,27532.79,27716.34,7367.97564,-0.00010934,-6.340999999999991e-05,7.519e-05,-3.3235641232708546,0,0,28641.119,31653.75,-3012.631000000001,0.4750175176597531,0.5040256171407874,-0.7958183212655543,19524.487000000016,3708.150600000003,574505,1,0,0,1
2023-08-30 00:00:00+00:00,27716.34,27768.57,27280.99,27391.13,7647.4885,4.868e-05,-2.296999999999991e-05,0.00012288000000000002,1.0866876007288089,0,0,31357.346,34735.268,-3377.921999999995,0.4744455409192924,0.4970637934665804,-0.864172495073571,804.768,3225.229200000004,582457,1,0,0,0
2023-08-30 04:00:00+00:00,27391.14,27476.03,27371.94,27436.25,3198.93935,4.868e-05,-2.296999999999991e-05,0.00012288000000000002,1.0866876007288089,0,0,11858.927,11448.901000000002,410.025999999998,0.5087958860859965,0.49859413251242096,0.3072453170538442,-5980.526999999998,3311.318200000004,259150,1,0,0,0
2023-08-30 08:00:00+00:00,27436.25,27499.0,27310.05,27338.51,4292.3234,5.731e-05,-3.349999999999912e-06,0.00014043,1.2547671905753295,0,0,16825.743,18764.091000000004,-1938.3480000000054,0.47276823488415254,0.4994852648324839,-0.8965540450140951,-4906.244000000002,-144.71080000000148,361740,1,0,0,0
2023-08-30 12:00:00+00:00,27338.52,27464.45,27017.24,27201.63,12439.12326,5.731e-05,-3.349999999999912e-06,0.00014043,1.2547671905753295,0,0,60650.538,65172.47,-4521.932000000001,0.482030583786393,0.49159084539244197,-0.561693397447557,-6050.254000000008,-2488.161400000001,1008857,1,0,0,0
2023-08-30 16:00:00+00:00,27201.63,27286.88,27067.9,27178.28,5043.37898,3.944e-05,0.0001454300000000001,0.00016755000000000003,0.6965480007269778,0,0,21648.974,21181.046,467.9279999999999,0.5054626171082806,0.4933462569715026,0.24239528583183625,-5992.352000000006,-1792.0496000000007,435604,0,1,0,0
2023-08-30 20:00:00+00:00,27178.27,27337.78,27178.27,27299.99,2827.00499,3.944e-05,0.0001454300000000001,0.00016755000000000003,0.6965480007269778,0,0,11317.827,10352.785000000002,965.0419999999976,0.5222661455061813,0.4979516292427152,0.8637177191177048,-3088.962000000003,-923.4568000000021,220746,1,0,0,0
2023-08-31 00:00:00+00:00,27299.99,27303.36,27178.88,27217.27,2159.40313,2.909e-05,0.00012584000000000008,0.00020059,0.35429510051415447,0,0,7974.941,8103.357000000001,-128.41600000000108,0.496006542483539,0.49758316305520367,-0.0176844836112775,1304.5539999999964,-1031.145200000002,175839,1,0,0,0
2023-08-31 04:00:00+00:00,27217.28,27294.97,27215.0,27261.03,2206.16181,2.909e-05,0.00012584000000000008,0.00020059,0.35429510051415447,0,0,8838.433,7722.041999999998,1116.3910000000033,0.5337064909068129,0.4988403219690067,1.2673100593920528,1953.0169999999998,-420.1974000000002,185781,1,0,0,0
2023-08-31 08:00:00+00:00,27261.03,27587.51,27184.99,27303.96,6087.65912,6.859e-05,0.00013712000000000007,0.00022494000000000002,1.406458973111683,0,0,27616.357,25410.143999999997,2206.2130000000034,0.5208029283320051,0.49913024876724066,0.7666852945444637,3194.1880000000056,925.4316000000006,421720,1,0,0,0
2023-08-31 12:00:00+00:00,27303.95,27315.47,26803.73,26922.01,11366.93936,6.859e-05,0.00013712000000000007,0.00022494000000000002,1.406458973111683,0,0,47527.905,55382.06,-7854.154999999999,0.46183967704196577,0.4978124647054619,-1.2749131786994496,-4531.550999999992,-738.9849999999991,835036,1,0,0,0
2023-08-31 16:00:00+00:00,26922.01,26924.87,25928.0,26162.79,20012.11138,8.105e-05,0.0001787300000000001,0.00026075,1.6176463944899448,0,0,106894.053,117268.406,-10374.353000000003,0.47685974483354504,0.49805388509688714,-0.7472950794468123,-16022.294999999998,-3006.863999999999,1673263,1,0,0,0
2023-08-31 20:00:00+00:00,26162.79,26194.86,25655.01,25940.78,9200.52921,8.105e-05,0.0001787300000000001,0.00026075,1.6176463944899448,0,0,43663.471,46505.108,-2841.6370000000024,0.48424264288339286,0.49559856077662684,-0.5619662091280914,-21070.145000000004,-3549.5081999999993,817318,1,0,0,0
2023-09-01 00:00:00+00:00,25940.77,26100.0,25931.11,26081.01,3653.53305,2.583e-05,0.00017547000000000008,0.00027834,0.07120902263862694,0,0,14869.417,12202.214000000002,2667.2029999999977,0.5492619561784068,0.5032479329060522,1.7910366846091115,-10548.787000000008,-3239.3458000000005,292928,1,0,0,0
2023-09-01 04:00:00+00:00,26081.0,26095.0,25978.0,25990.92,2839.42565,2.583e-05,0.00017547000000000008,0.00027834,0.07120902263862694,0,0,8796.174,10000.479999999998,-1204.3059999999969,0.4679648835372509,0.501841362881138,-1.0844904672675129,-1378.7400000000016,-3921.449600000001,229096,1,0,0,0
2023-09-01 08:00:00+00:00,25990.92,26072.34,25957.37,26047.49,3334.17072,5.968e-05,0.00016656000000000006,0.00030033,0.9470869290611903,0,0,12734.165,11034.693,1699.4720000000016,0.5357499716646043,0.5048700983367704,1.3186850520535287,3162.3690000000024,-2010.7242000000006,271020,1,0,0,0
2023-09-01 12:00:00+00:00,26047.5,26156.0,25566.53,25811.0,12389.595,5.968e-05,0.00016656000000000006,0.00030033,0.9470869290611903,0,0,57197.454,61442.042,-4244.588000000003,0.4821114041145286,0.5008546241976051,-0.5554010188443103,-3749.4219999999987,-784.7712000000007,1043576,1,0,0,0
2023-09-01 16:00:00+00:00,25811.0,25964.17,25333.75,25645.66,13943.51802,5.968e-05,0.00016656000000000006,0.00030033,0.9470869290611903,0,0,66939.981,67978.16699999999,-1038.185999999987,0.49615253390522385,0.5008692233397737,-0.05242764506843933,-3583.3019999999888,-424.0809999999976,1166753,1,0,0,0
2023-09-01 20:00:00+00:00,25645.65,25937.42,25565.55,25805.05,4871.90812,6.254e-05,0.00014805000000000005,0.00047221,0.9803515548151513,0,0,19951.519,18038.618000000002,1912.900999999998,0.5251762845709137,0.5000162027061837,0.927337095195504,-3369.8729999999923,-574.9413999999975,411348,1,0,0,0
2023-09-02 00:00:00+00:00,25805.04,25840.0,25752.47,25798.08,2127.00305,4.998e-05,0.00017220000000000007,0.00047351,0.5944197292441341,0,0,5777.017,6310.005999999999,-532.9889999999996,0.4779520151488088,0.4957311113878641,-0.7847072717485203,341.7260000000115,-440.67799999999806,208983,1,0,0,0
2023-09-02 04:00:00+00:00,25798.07,25853.03,25766.75,25795.47,2209.29066,4.998e-05,0.00017220000000000007,0.00047351,0.5944197292441341,0,0,7036.123,6737.821,298.3019999999997,0.5108284889208203,0.5006299925757495,0.3671386656007695,1678.2139999999981,-720.9119999999984,185342,0,1,0,0
2023-09-02 08:00:00+00:00,25795.46,25860.0,25774.81,25813.54,2779.60231,1.937e-05,0.00013189000000000007,0.00043557000000000003,-0.2806624995384637,0,0,8701.149,9777.476,-1076.3270000000011,0.47087643155267234,0.5000316612476623,-1.0374032205411383,-1311.014000000001,-87.259799999998,225522,0,1,0,0
2023-09-02 12:00:00+00:00,25813.55,25987.5,25785.64,25894.76,4217.26208,1.937e-05,0.00013189000000000007,0.00043557000000000003,-0.2806624995384637,0,0,16564.889,15233.304,1331.5849999999991,0.5209380608514452,0.5037012030444674,0.8070990964195367,553.5599999999977,386.69439999999923,312779,1,0,0,0
2023-09-02 16:00:00+00:00,25894.77,25937.91,25763.2,25833.39,3407.85698,-2.018e-05,4.9170000000000066e-05,0.00037595,-1.3002809354128735,0,0,10646.509,11479.746000000001,-833.237000000001,0.4811708533595043,0.49689209276257723,-0.713836337369974,-577.979000000003,-162.5332000000006,270914,1,0,0,0
2023-09-02 20:00:00+00:00,25833.4,25907.09,25817.84,25869.51,1509.7619,-2.018e-05,4.9170000000000066e-05,0.00037595,-1.3002809354128735,0,0,4945.815,4433.009000000001,512.8059999999987,0.5273385021405668,0.5028294546229088,1.1843161755858687,1011.1539999999968,46.625799999999074,132241,1,0,0,0
2023-09-03 00:00:00+00:00,25869.52,25907.53,25826.29,25863.91,1838.85883,4.839e-05,4.758000000000007e-05,0.00039525,0.5149273774039163,0,0,4791.217,5575.191,-783.9740000000002,0.4621868056900712,0.49547313802545545,-1.4297184011579134,-1104.4050000000025,-169.8294000000009,141666,1,0,0,0
2023-09-03 04:00:00+00:00,25863.91,25956.24,25863.9,25956.22,2043.30026,4.839e-05,4.758000000000007e-05,0.00039525,0.5149273774039163,0,0,6021.782,5037.55,984.232,0.5444978051115564,0.5017117781251583,1.7033652802560022,713.0639999999985,242.2823999999993,146846,1,0,0,0
2023-09-03 08:00:00+00:00,25956.23,25956.3,25877.3,25943.38,2252.14569,2.35e-06,3.056000000000007e-05,0.00032901,-0.7573319574962136,0,0,5694.052,5926.031000000001,-231.97900000000118,0.4900181866170835,0.5010983433963443,-0.3768788716941816,-31.721000000001368,-70.43040000000073,148856,1,0,0,0
2023-09-03 12:00:00+00:00,25943.39,26085.01,25807.32,25873.5,3971.46407,2.35e-06,3.056000000000007e-05,0.00032901,-0.7573319574962136,0,0,20746.736,22034.272999999997,-1287.5369999999966,0.48495200288520546,0.4970759152277734,-0.5285335471681795,-535.2839999999978,-161.29039999999986,427537,1,0,0,0
2023-09-03 16:00:00+00:00,25873.5,26039.99,25800.0,26011.16,4105.96819,2.89e-05,7.964000000000007e-05,0.00027686000000000003,0.004388924536459824,0,0,16667.339,15235.568,1431.7710000000006,0.5224395068449406,0.5015246643973865,0.9081647082787083,-87.74499999999716,22.50260000000053,362048,1,0,0,0
2023-09-03 20:00:00+00:00,26011.16,26135.0,25927.94,25971.21,3262.73963,2.89e-05,7.964000000000007e-05,0.00027686000000000003,0.004388924536459824,0,0,12965.981,12321.112000000001,644.8689999999988,0.5127509516416141,0.5017169106694659,0.49299039514591775,789.1030000000028,308.2712000000003,303470,0,1,0,0
2023-09-04 00:00:00+00:00,25971.21,26108.02,25877.66,25987.56,2742.29835,2.69e-05,5.815000000000007e-05,0.00027793,-0.08478351442058214,0,0,11219.877,10783.759999999998,436.117000000002,0.5099101116783558,0.5056202786820343,0.34218127868499076,2512.7570000000014,198.6482000000007,270036,1,0,0,0
2023-09-04 04:00:00+00:00,25987.56,26018.12,25912.21,25964.96,2506.15902,2.69e-05,5.815000000000007e-05,0.00027793,-0.08478351442058214,0,0,7385.448,7207.937,177.51100000000042,0.5060818994359431,0.5041346625404841,0.1949223190274773,1258.4970000000012,280.546200000001,171571,0,1,0,0
2023-09-04 08:00:00+00:00,25964.97,26011.24,25865.57,25892.49,3211.69182,1.469e-05,7.049000000000007e-05,0.00023294,-0.4204395029561973,0,0,9375.32,11596.965,-2221.6450000000004,0.44703378768694013,0.5007209559732277,-1.9929917268731916,-1608.016999999998,93.72460000000028,235544,1,0,0,0
2023-09-04 12:00:00+00:00,25892.49,25966.8,25717.04,25814.23,5847.53927,1.469e-05,7.049000000000007e-05,0.00023294,-0.4204395029561973,0,0,25884.834,27812.002000000004,-1927.1680000000051,0.4820551065615858,0.49619261641532963,-0.6823704625344343,-3971.302000000005,-578.0632000000008,533053,1,0,0,0
2023-09-04 16:00:00+00:00,25814.24,25948.15,25810.0,25893.18,2750.22985,-1.059e-05,3.100000000000007e-05,0.00015981,-1.0682832513883305,0,0,11322.008,10847.992,474.0159999999996,0.5106904826341904,0.5010429841097415,0.38206239212916204,-3674.797000000006,-612.2338000000007,280887,1,0,0,0
2023-09-04 20:00:00+00:00,25893.19,25920.0,25631.21,25826.02,4719.67778,-1.059e-05,3.100000000000007e-05,0.00015981,-1.0682832513883305,0,0,18916.299,20795.431000000004,-1879.132000000005,0.4763403407507051,0.4942272376736564,-0.843105691491374,-3332.2840000000106,-1075.283600000002,426346,1,0,0,0
2023-09-05 00:00:00+00:00,25826.03,25844.48,25562.62,25692.45,3386.10818,5.3e-07,4.6300000000000675e-06,0.00011036000000000001,-0.7141981743395193,0,0,14045.393,16778.877,-2733.4840000000004,0.4556601989276632,0.4907914389047143,-1.500848568927335,-4138.600000000006,-1657.4826000000023,340985,1,0,0,0
2023-09-05 04:00:00+00:00,25692.45,25756.72,25678.06,25735.56,2479.9426,5.3e-07,4.6300000000000675e-06,0.00011036000000000001,-0.7141981743395193,0,0,10275.363,9740.327,535.0360000000001,0.5133654148320642,0.4936327800994002,0.6035568205838535,-4077.5800000000054,-1106.1464000000021,230606,1,0,0,0
2023-09-05 08:00:00+00:00,25735.57,25812.09,25654.0,25783.68,3542.48738,1.975e-05,9.690000000000066e-06,0.00011073999999999999,-0.1468527683151324,0,0,15679.2,13545.11,2134.09,0.5365122392966677,0.49504005334457296,1.4014598340981252,-64.35800000000017,-293.8948000000011,320669,1,0,0,0
2023-09-05 12:00:00+00:00,25783.69,25915.49,25625.03,25759.37,6381.87118,1.975e-05,9.690000000000066e-06,0.00011073999999999999,-0.1468527683151324,0,0,33797.753,33401.523,396.2299999999959,0.5029481716439921,0.4940597753448107,0.15313185645388072,3065.355999999996,-309.4520000000019,633270,0,1,0,0
2023-09-05 16:00:00+00:00,25759.38,25845.0,25683.93,25683.93,3526.88435,3.366e-05,5.394000000000007e-05,0.00016458,0.23396943735243686,0,0,12180.941,13221.781,-1040.8400000000001,0.479513219095182,0.4910200860864934,-0.7175656142013038,1489.479999999996,-141.79360000000088,295154,1,0,0,0
2023-09-05 20:00:00+00:00,25683.93,25802.73,25675.0,25792.1,2006.09968,3.366e-05,5.394000000000007e-05,0.00016458,0.23396943735243686,0,0,7259.683,6713.994,545.6890000000003,0.5195256051789375,0.4923644566607928,0.7177045124598751,-98.92100000000391,514.0409999999993,172353,1,0,0,0
2023-09-06 00:00:00+00:00,25792.11,25870.51,25773.12,25782.86,2108.7925,1.737e-05,7.078000000000008e-05,0.00013356,-0.24309832960963793,0,0,8173.501,8226.080999999998,-52.57999999999811,0.49839691036027634,0.49750076892812645,0.0010065572103708212,-547.730999999998,396.5177999999996,205369,1,0,0,0
2023-09-06 04:00:00+00:00,25782.87,25792.25,25723.65,25728.93,2565.45965,1.737e-05,7.078000000000008e-05,0.00013356,-0.24309832960963793,0,0,6840.452,7652.409999999999,-811.9579999999987,0.47198765847629,0.49649402411959687,-1.047496950993334,-318.8489999999965,-192.69180000000014,177596,1,0,0,0
2023-09-06 08:00:00+00:00,25728.93,25777.2,25715.16,25733.29,2008.48748,-2.763e-05,2.3400000000000067e-05,0.00010357999999999998,-1.4102247184505805,0,0,6725.793,6955.290000000001,-229.4970000000012,0.4916126157556386,0.4945862374317417,-0.22274143514662073,-1094.034999999998,-317.8371999999996,164468,0,1,0,0
2023-09-06 12:00:00+00:00,25733.28,25778.0,25540.0,25588.02,5745.79519,-2.763e-05,2.3400000000000067e-05,0.00010357999999999998,-1.4102247184505805,0,0,29239.728,29753.584,-513.8559999999998,0.4956447944472078,0.49651668280139194,-0.07611827993370834,-1555.3109999999997,-212.4403999999995,577292,1,0,0,0
2023-09-06 16:00:00+00:00,25588.01,26040.0,25372.51,25689.54,11670.04827,-2.763e-05,2.3400000000000067e-05,0.00010357999999999998,-1.4102247184505805,0,0,63712.671,63868.932,-156.2609999999986,0.49938760371273905,0.5008894232798996,0.07421650821315307,-899.6139999999996,-352.83039999999926,1047073,0,1,0,0
2023-09-06 20:00:00+00:00,25689.54,25786.51,25655.02,25759.95,3163.94077,2.135e-05,1.1090000000000068e-05,9.602999999999999e-05,-0.07220424042018875,0,0,9618.162,10356.056,-737.8940000000002,0.48152883882613073,0.4977057656793062,-0.6145464047874094,-1408.0109999999986,-489.8931999999997,232822,0,1,0,0
2023-09-07 00:00:00+00:00,25759.95,25839.5,25724.78,25837.88,1892.99921,3.83e-05,3.202000000000007e-05,0.00010743,0.3587099980279029,0,0,7385.47,6663.525000000001,721.9449999999997,0.5256938307686777,0.49662392482650725,1.1599243669711166,-172.20999999999913,-183.11260000000001,181360,1,0,0,0
2023-09-07 04:00:00+00:00,25837.88,25850.0,25745.94,25762.89,1972.57261,3.83e-05,3.202000000000007e-05,0.00010743,0.3587099980279029,0,0,7141.587,8010.339999999999,-868.7529999999988,0.4713319302554718,0.4934623006876551,-1.0260279396994707,-884.7019999999993,-310.96379999999954,171740,1,0,0,0
2023-09-07 08:00:00+00:00,25762.89,25762.9,25691.07,25708.6,2016.54017,3.883e-05,9.848000000000007e-05,0.00013157000000000002,0.37931987381134624,0,0,6983.131,7998.28,-1015.1489999999994,0.4661197132900232,0.49212295010713925,-1.223452733877027,-1161.9569999999985,-411.2223999999995,174128,1,0,0,0
2023-09-07 12:00:00+00:00,25708.6,25834.52,25615.38,25779.35,4992.81316,3.883e-05,9.848000000000007e-05,0.00013157000000000002,0.37931987381134624,0,0,25563.82,23788.091999999997,1775.7280000000028,0.5179904681301912,0.49196943640226465,0.889934106102344,-108.17399999999543,-24.82459999999919,529387,1,0,0,0
2023-09-07 16:00:00+00:00,25779.35,25977.75,25773.52,25880.01,5075.15246,6.924e-05,0.00014637000000000005,0.0002114,1.1796923521153015,0,0,24107.099,24053.697000000004,53.40199999999459,0.5005544135939946,0.4921851867256365,0.15389340212338912,813.980999999998,133.43459999999976,524684,1,0,0,0
2023-09-07 20:00:00+00:00,25880.01,26443.14,25858.21,26255.0,11737.41806,6.924e-05,0.00014637000000000005,0.0002114,1.1796923521153015,0,0,61753.051,53901.810000000005,7851.2409999999945,0.5339425465221043,0.49838067553021786,1.4950896234793523,9680.370999999992,1559.2937999999988,1028539,1,0,0,0
2023-09-08 00:00:00+00:00,26255.0,26445.5,26198.91,26252.8,4810.99373,-1.525e-05,9.282000000000005e-05,0.00019562,-1.0851717520311677,0,0,18887.615,17731.539,1156.076000000001,0.5157851270949624,0.5007979266641502,0.7068475110154502,9060.71899999999,1964.2595999999987,440834,0,1,0,0
2023-09-08 04:00:00+00:00,26252.81,26385.0,26190.0,26256.22,3987.88762,-1.525e-05,9.282000000000005e-05,0.00019562,-1.0851717520311677,0,0,17094.026,16581.206000000002,512.8199999999997,0.5076142014403939,0.5019948673634689,0.4461253979931221,9520.136999999995,2269.8533999999986,394496,1,0,0,0
2023-09-08 08:00:00+00:00,26256.21,26266.93,25647.26,25839.51,8537.78801,5.12e-06,5.9110000000000056e-05,0.00018099000000000001,-0.5084758573020477,0,0,43552.481,49009.44,-5456.959000000003,0.4705226569357825,0.4991083726857732,-1.1483933710762424,-3788.063000000002,823.3159999999974,845238,1,0,0,0
2023-09-08 12:00:00+00:00,25839.52,25955.0,25795.45,25844.64,4962.39556,5.12e-06,5.9110000000000056e-05,0.00018099000000000001,-0.5084758573020477,0,0,17992.578,18859.659999999996,-867.0819999999949,0.4882356941252795,0.49977905821568813,-0.3837022854488309,-5811.220999999998,639.2191999999995,441894,0,1,0,0
2023-09-08 16:00:00+00:00,25844.64,25895.63,25719.8,25895.62,4267.45166,-1.691e-05,-2.7039999999999938e-05,0.00013042000000000002,-1.529735002467005,0,0,17458.724,17887.034000000003,-428.31000000000495,0.49394113998064487,0.4966037891368848,-0.09572664247728516,-6752.351000000002,-1016.6910000000004,393004,0,1,0,0
2023-09-08 20:00:00+00:00,25895.63,25934.36,25850.13,25910.5,2433.24813,-1.691e-05,-2.7039999999999938e-05,0.00013042000000000002,-1.529735002467005,0,0,6856.089,7359.369000000001,-503.28000000000065,0.4822981433310133,0.497700410444439,-0.5716594620909551,-1798.6720000000005,-1348.5622000000008,207754,0,1,0,0
2023-09-09 00:00:00+00:00,25910.5,25910.5,25850.82,25875.0,1941.95487,-5.057e-05,-6.235999999999994e-05,6.248e-05,-2.339519820858453,0,0,5066.96,5472.436000000001,-405.47600000000057,0.48076379329517555,0.49916481844495425,-0.5977430966541751,-1337.0660000000062,-1532.2214000000008,153655,1,0,0,1
2023-09-09 04:00:00+00:00,25874.99,25894.21,25836.49,25886.15,1429.45386,-5.057e-05,-6.235999999999994e-05,6.248e-05,-2.339519820858453,0,0,5483.123,4956.145,526.9779999999992,0.5252401796754331,0.4998897895994784,1.3297724430999265,-381.77800000000207,-335.43400000000037,140632,1,0,0,1
2023-09-09 08:00:00+00:00,25886.14,25907.75,25849.05,25863.03,1850.2598,-3.77e-06,-7.124999999999994e-05,8.633999999999999e-05,-0.8119777954004924,0,0,5227.086,5121.588999999999,105.49700000000121,0.5050971259605699,0.500344060836136,0.3981064536186325,226.9989999999998,-140.91820000000115,140146,0,1,0,0
2023-09-09 12:00:00+00:00,25863.03,25928.66,25796.64,25894.09,2845.92701,-3.77e-06,-7.124999999999994e-05,8.633999999999999e-05,-0.8119777954004924,0,0,9993.787,9667.017,326.77000000000044,0.5083101891458762,0.49778082509851307,0.5106385581470478,959.2450000000008,10.097799999999916,224010,1,0,0,0
2023-09-09 16:00:00+00:00,25894.1,25945.09,25845.7,25868.43,1669.62981,1.423e-05,-4.010999999999994e-05,7.922e-05,-0.21631420349730593,0,0,5048.268,5099.563,-51.29500000000007,0.4974726126203718,0.4959495736510541,0.017272188805698533,380.9720000000016,100.49480000000003,166237,1,0,0,0
2023-09-09 20:00:00+00:00,25868.42,25919.5,25857.74,25901.61,1243.39742,1.423e-05,-4.010999999999994e-05,7.922e-05,-0.21631420349730593,0,0,3397.784,3376.052,21.73199999999997,0.501604113238053,0.49534856483081996,0.17754486382715418,297.20700000000033,185.93640000000013,78230,1,0,0,0
2023-09-10 00:00:00+00:00,25901.6,25902.68,25825.8,25861.39,1632.63627,-7.3e-07,9.730000000000061e-06,4.0189999999999986e-05,-0.6563900356460701,0,0,5247.339,4967.529,279.8099999999995,0.5136962122271184,0.49966592035995355,0.7219635362381858,250.2469999999994,136.5028000000002,106073,0,1,0,0
2023-09-10 04:00:00+00:00,25861.39,25873.96,25750.35,25852.25,2547.77243,-7.3e-07,9.730000000000061e-06,4.0189999999999986e-05,-0.6563900356460701,0,0,10517.329,10487.251999999999,30.077000000001135,0.500715962865434,0.500913947233969,0.0659219105274776,331.6190000000006,121.41880000000019,201182,0,1,0,0
2023-09-10 08:00:00+00:00,25852.25,25872.11,25795.33,25795.33,1981.33529,3.294e-05,4.6440000000000064e-05,3.429999999999999e-05,0.4637524355582954,0,0,6561.576,7173.222000000001,-611.6460000000006,0.4777337096621297,0.4992932042021175,-1.0978834998816478,-301.759,-66.26440000000002,177304,1,0,0,0
2023-09-10 12:00:00+00:00,25795.33,25834.82,25712.6,25775.01,2761.76743,3.294e-05,4.6440000000000064e-05,3.429999999999999e-05,0.4637524355582954,0,0,11722.124,11552.961,169.16300000000047,0.5036339931733869,0.5014267891863549,0.338782602339214,-412.40599999999904,-22.172799999999917,287597,0,1,0,0
2023-09-10 16:00:00+00:00,25775.02,25860.0,25570.57,25800.0,4870.21069,2.609e-05,5.830000000000006e-05,-8.850000000000008e-06,0.32321205519052637,0,0,22334.203,23313.494999999995,-979.291999999994,0.48927336927264115,0.5022777467841013,-0.48299820281986355,-1421.7749999999942,-222.37759999999872,491176,0,1,0,0
2023-09-10 20:00:00+00:00,25799.99,26033.66,25771.3,25841.61,4944.54703,2.609e-05,5.830000000000006e-05,-8.850000000000008e-06,0.32321205519052637,0,0,25585.328,23510.055,2075.273000000001,0.5211351136623174,0.5018672401827898,1.302085946322501,1265.1440000000075,136.7150000000016,527095,1,0,0,0
2023-09-11 00:00:00+00:00,25841.6,25876.73,25652.78,25740.39,2981.1259,-3e-06,5.603000000000006e-05,3.399999999999991e-06,-0.6741376715288219,0,0,15180.971,17295.983,-2115.0120000000006,0.46743826406873007,0.49810135399360583,-1.575606073443414,-1019.0309999999936,-292.30279999999874,382364,1,0,0,0
2023-09-11 04:00:00+00:00,25740.38,25900.69,25720.82,25813.65,2792.04715,-3e-06,5.603000000000006e-05,3.399999999999991e-06,-0.6741376715288219,0,0,12434.21,12850.225000000002,-416.01500000000306,0.4917732984739425,0.49644766492641246,-0.3181269010842477,-455.75400000000263,-253.17659999999924,301315,0,1,0,0
2023-09-11 08:00:00+00:00,25813.65,25830.95,25577.3,25601.27,6042.88827,1.823e-05,4.132000000000006e-05,1.650999999999999e-05,0.13160626662543806,0,0,29375.803,30789.286,-1413.4830000000002,0.48825329586066096,0.49552573325044136,-0.5049091387213925,-3944.510000000004,-569.7057999999994,581201,1,0,0,0
2023-09-11 12:00:00+00:00,25601.27,25755.09,24951.0,25115.97,18581.63736,1.823e-05,4.132000000000006e-05,1.650999999999999e-05,0.13160626662543806,0,0,98394.207,104384.443,-5990.236000000004,0.48522961860136654,0.4938882837867727,-0.6474775106666812,-7819.734000000008,-1571.8946000000014,1652419,1,0,0,0
2023-09-11 16:00:00+00:00,25115.98,25250.49,24990.38,25020.66,7066.27583,1.823e-05,4.132000000000006e-05,1.650999999999999e-05,0.13160626662543806,0,0,32133.411,33136.66,-1003.2490000000034,0.49231463223013805,0.4917501257870748,-0.2471943094536323,-8406.968000000008,-2187.5990000000024,768303,1,0,0,0
2023-09-11 20:00:00+00:00,25020.66,25217.0,24901.0,25162.52,4218.34549,1.838e-05,3.361000000000006e-05,5.1799999999999985e-05,0.20313280612289492,0,0,20952.382,20288.793,663.5889999999999,0.5080452242206969,0.492483051922601,0.5674058597717192,-6329.896000000008,-1631.8788000000022,500911,1,0,0,0
2023-09-12 00:00:00+00:00,25162.53,25950.0,25131.48,25797.97,9471.3342,2.73e-05,6.391000000000006e-05,0.00012967,0.6014708937886744,0,0,59935.224,49082.113,10853.111000000004,0.5497769955617243,0.49968738051256045,2.573459304167672,10513.451000000001,621.9463999999992,816927,1,0,0,0
2023-09-12 04:00:00+00:00,25797.98,25990.0,25612.7,25822.71,10644.05116,2.73e-05,6.391000000000006e-05,0.00012967,0.6014708937886744,0,0,50058.454,45871.13500000001,4187.318999999989,0.5218249605968811,0.5015064772549099,1.098882314834757,15704.018999999993,1742.106799999997,827406,1,0,0,0
2023-09-12 08:00:00+00:00,25822.71,26331.38,25735.29,26098.99,12127.23937,5.425e-05,9.993000000000005e-05,0.00018769,1.573327985691712,0,0,55537.238,52238.85100000001,3298.386999999988,0.5153020351295174,0.5041093438405976,0.7171059767481627,18338.81699999998,3599.8313999999955,942431,1,0,0,0
2023-09-12 12:00:00+00:00,26098.98,26392.0,26033.73,26205.97,9779.83697,5.425e-05,9.993000000000005e-05,0.00018769,1.573327985691712,0,0,52701.361,51896.002,805.3589999999967,0.5038498054678491,0.5023808130211507,0.13343779755822527,8291.064999999973,3961.5529999999953,984220,1,0,0,0
2023-09-12 16:00:00+00:00,26205.98,26567.0,25882.43,26066.33,10617.06419,-3.502e-05,4.653000000000006e-05,0.00013843999999999998,-1.8072396829379247,0,0,69182.738,64899.691000000006,4283.046999999991,0.515971693800386,0.5072341559943163,0.7527103937842208,8386.792999999976,4685.444599999993,1141486,0,1,0,0
2023-09-12 20:00:00+00:00,26066.34,26159.11,25790.0,25840.1,3794.85948,-3.502e-05,4.653000000000006e-05,0.00013843999999999998,-1.8072396829379247,0,0,17670.149,22976.721999999998,-5306.572999999997,0.43472347477866136,0.5015291736247882,-2.9819025714434497,-218.16700000000856,1453.5077999999935,456072,1,0,0,0
2023-09-13 00:00:00+00:00,25840.1,25985.91,25764.17,25879.24,4479.57494,2.342e-05,4.2650000000000054e-05,0.00016258999999999997,0.43064867025770304,0,0,16939.653,16581.287000000004,358.36599999999453,0.5053454049916261,0.5032383845378847,0.33507964919446526,-665.1600000000108,687.7171999999948,383808,1,0,0,0
2023-09-13 04:00:00+00:00,25879.24,26109.94,25850.91,25879.91,4004.23224,2.342e-05,4.2650000000000054e-05,0.00016258999999999997,0.43064867025770304,0,0,24251.88,22410.094999999998,1841.7850000000035,0.5197353948263014,0.5066889621603783,0.9806573976380601,-3106.4219999999987,396.3967999999979,495956,1,0,0,0
2023-09-13 08:00:00+00:00,25879.91,26247.79,25866.17,26198.41,5303.36042,1.26e-05,1.0000000000000565e-06,0.00014225,-0.0007880220912938875,0,0,35746.278,28623.195,7123.082999999999,0.555329666905926,0.5129904656279569,2.322241250126442,9323.233999999997,1659.9415999999983,630940,1,0,0,0
2023-09-13 12:00:00+00:00,26198.41,26387.76,26016.22,26241.31,8919.40709,1.26e-05,1.0000000000000565e-06,0.00014225,-0.0007880220912938875,0,0,50629.905,49939.069,690.8359999999957,0.5034346378039016,0.5125294069862775,0.06327690720735475,9655.703999999998,941.4993999999991,1011279,1,0,0,0
2023-09-13 16:00:00+00:00,26241.31,26405.22,26055.0,26140.01,6947.90282,3.099e-05,6.701000000000005e-05,0.00014714999999999997,0.707896259523984,0,0,34443.414,36052.106999999996,-1608.6929999999993,0.4885901048947493,0.5064107179195799,-0.5706226950669698,6205.225999999995,1681.0753999999986,688874,1,0,0,0
2023-09-13 20:00:00+00:00,26140.0,26305.46,26140.0,26222.0,1956.35002,3.099e-05,6.701000000000005e-05,0.00014714999999999997,0.707896259523984,0,0,9293.812,10342.023,-1048.2109999999993,0.47330872356586823,0.5015590942164787,-1.201460562285534,-1966.068000000003,1399.7599999999998,254532,0,1,0,0
2023-09-14 00:00:00+00:00,26222.0,26541.77,26126.77,26265.68,7110.56563,4.61e-06,4.8200000000000054e-05,0.00015476,-0.28494457809015505,0,0,37907.694,38613.44499999999,-705.7509999999893,0.49538852264078304,0.4995677429676052,-0.2847400644884629,-3362.654999999988,890.2528000000013,772468,0,1,0,0
2023-09-14 04:00:00+00:00,26265.69,26390.1,26163.96,26344.45,3606.44973,4.61e-06,4.8200000000000054e-05,0.00015476,-0.28494457809015505,0,0,16392.874,15380.284,1012.5900000000001,0.51593467668527,0.5007762300893472,0.6225628078048775,-741.3719999999885,-331.8457999999984,331092,1,0,0,0
2023-09-14 08:00:00+00:00,26344.44,26489.5,26270.0,26446.15,4402.22373,4.61e-06,4.8200000000000054e-05,0.00015476,-0.28494457809015505,0,0,18904.356,17019.786999999997,1884.5690000000031,0.5262298393590071,0.5018020446452094,1.0220984047614454,2191.408000000014,-93.09919999999693,370150,1,0,0,0
2023-09-14 12:00:00+00:00,26446.15,26798.5,26342.08,26693.97,14426.13224,3.428e-05,6.988000000000006e-05,0.00017080999999999997,0.8316944272236669,0,0,72600.515,70519.097,2081.418000000005,0.5072716030001535,0.5090568574673586,0.21121921268122934,4978.577000000008,644.923000000004,1360896,1,0,0,0
2023-09-14 16:00:00+00:00,26693.97,26860.49,26546.6,26678.14,5794.82245,-4.748e-05,-8.589999999999943e-06,0.00010494999999999998,-2.1019803261026326,0,0,32021.269,30654.853000000003,1366.4159999999974,0.5109006106025513,0.5096123780284512,0.34712660660520034,5332.403000000006,1127.8484000000033,647643,0,1,0,1
2023-09-14 20:00:00+00:00,26678.13,26723.64,26473.0,26522.73,2992.97872,-4.748e-05,-8.589999999999943e-06,0.00010494999999999998,-2.1019803261026326,0,0,13782.184,16870.112999999998,-3087.9289999999983,0.44962972921735683,0.5026018114675567,-2.033051593824887,359.9050000000043,651.4128000000015,323968,1,0,0,1
2023-09-15 00:00:00+00:00,26522.73,26624.52,26448.19,26615.39,2958.71535,-2.641e-05,-3.960999999999994e-05,5.1239999999999984e-05,-1.281597560004782,0,0,14410.076,13300.001000000002,1110.074999999997,0.520030168086505,0.49907186158561456,0.7376248959376224,-611.4380000000037,670.9098000000009,301004,1,0,0,0
2023-09-15 04:00:00+00:00,26615.4,26655.84,26550.99,26565.69,2763.44322,-2.641e-05,-3.960999999999994e-05,5.1239999999999984e-05,-1.281597560004782,0,0,9758.057,10950.927,-1192.869999999999,0.4711992147948929,0.49584831928471373,-1.1179625258480088,-3170.724,55.42200000000048,207701,1,0,0,0
2023-09-15 08:00:00+00:00,26565.69,26690.0,26375.01,26425.16,4924.84493,-7.61e-06,-8.149999999999993e-05,-1.0620000000000007e-05,-0.5939752580078518,0,0,20628.385,22959.229000000003,-2330.8440000000046,0.473262541968918,0.49431556299213064,-1.0271666254137843,-2413.6390000000065,-827.0304000000015,416963,1,0,0,0
2023-09-15 12:00:00+00:00,26425.17,26526.99,26224.0,26321.21,6805.88938,-7.61e-06,-8.149999999999993e-05,-1.0620000000000007e-05,-0.5939752580078518,0,0,35593.414,33629.943999999996,1963.4700000000012,0.5141821348799636,0.49840290412354016,0.520954759197763,-1560.2440000000024,-707.6196000000007,725284,0,1,0,0
2023-09-15 16:00:00+00:00,26321.2,26444.45,26315.02,26397.38,2849.35983,7.561e-05,4.159000000000006e-05,0.00010001,2.0822508670886926,0,0,12132.061,11885.562,246.4989999999998,0.5051316277218607,0.49937721463164797,0.15694640574564814,-120.87500000000364,-40.7340000000011,295044,1,0,1,0
2023-09-15 20:00:00+00:00,26397.38,26888.0,26373.21,26600.0,5925.04098,7.561e-05,4.159000000000006e-05,0.00010001,2.0822508670886926,0,0,35800.461,30608.653,5191.8080000000045,0.539089574361736,0.5016927043992945,1.394014990493642,7401.7770000000055,775.6126000000004,652620,1,0,1,0
2023-09-16 00:00:00+00:00,26599.99,26777.0,26571.42,26616.43,3344.48979,-1.381e-05,5.4190000000000055e-05,6.277999999999999e-05,-0.7569844445190198,0,0,16473.283,16514.043999999998,-40.7609999999986,0.4993821718261683,0.49900793764601065,-0.12639580373374104,5397.546000000006,1006.0344000000005,362037,0,1,0,0
2023-09-16 04:00:00+00:00,26616.44,26621.36,26467.45,26494.5,2906.09112,-1.381e-05,5.4190000000000055e-05,6.277999999999999e-05,-0.7569844445190198,0,0,13777.023,18390.786,-4613.763000000001,0.4282860234590425,0.4911093796918995,-2.4597837629489208,537.2840000000051,549.4506000000013,280351,1,0,0,0
2023-09-16 08:00:00+00:00,26494.5,26581.98,26445.0,26524.09,2406.5603,-4.32e-05,1.8600000000000066e-05,6.980000000000004e-06,-1.6381331099173488,0,0,14093.622,17472.185,-3378.563000000002,0.4464838171252837,0.4846677003441727,-1.703138719754784,-8033.087000000001,-518.9559999999994,258011,0,1,0,0
2023-09-16 12:00:00+00:00,26524.08,26576.38,26481.87,26507.12,2133.43562,-4.32e-05,1.8600000000000066e-05,6.980000000000004e-06,-1.6381331099173488,0,0,7047.282,8370.130000000001,-1322.8480000000009,0.45709889571609036,0.4854146169940462,-1.294072179430414,-9315.174000000003,-832.8253999999995,200469,1,0,0,0
2023-09-16 16:00:00+00:00,26507.12,26622.22,26496.14,26532.8,2049.68196,-3.161e-05,-8.861999999999993e-05,-5.561999999999999e-05,-1.1936931218879725,0,0,10563.397,8750.714,1812.683000000001,0.5469263897261438,0.48810423915801004,1.421239011403816,-2888.728000000002,-1508.6504,211622,1,0,0,0
2023-09-16 20:00:00+00:00,26532.79,26579.99,26507.0,26559.67,1120.67472,-3.161e-05,-8.861999999999993e-05,-5.561999999999999e-05,-1.1936931218879725,0,0,4084.403,4945.596,-861.1929999999998,0.4523148895143842,0.48621580662995906,-1.3469219464344553,-371.3579999999997,-1672.7368000000006,133833,0,1,0,0
2023-09-17 00:00:00+00:00,26559.67,26559.68,26416.16,26529.25,2710.33559,8.97e-06,-6.583999999999993e-05,-5.1259999999999994e-05,0.07145414726250211,0,0,10317.499,14584.082999999999,-4266.583999999999,0.414331065391749,0.48032265897224224,-2.209219044299448,-3315.093999999998,-1603.3010000000002,239881,1,0,0,0
2023-09-17 04:00:00+00:00,26529.25,26570.0,26490.88,26495.93,1526.00497,8.97e-06,-6.583999999999993e-05,-5.1259999999999994e-05,0.07145414726250211,0,0,5746.943,6460.0960000000005,-713.1530000000002,0.4707892716653072,0.47598337265077656,-0.5928328084557418,-5840.9299999999985,-1070.2189999999998,135675,1,0,0,0
2023-09-17 08:00:00+00:00,26495.94,26623.25,26493.13,26566.67,2353.14044,1.142e-05,-1.1219999999999935e-05,-7.411999999999999e-05,0.17845451285037914,0,0,9365.669,9215.341999999999,150.32700000000114,0.504045178166032,0.4758747276951937,0.3498591569519739,-4829.409999999998,-775.5839999999995,216414,1,0,0,0
2023-09-17 12:00:00+00:00,26566.68,26600.0,26525.28,26549.98,2199.71373,1.142e-05,-1.1219999999999935e-05,-7.411999999999999e-05,0.17845451285037914,0,0,7309.079,7874.343000000001,-565.264000000001,0.4813854874085697,0.4701043189998771,-0.2666514875397443,-1128.0900000000001,-1251.1734,182417,1,0,0,0
2023-09-17 16:00:00+00:00,26549.98,26551.0,26464.64,26505.15,1859.40393,6.49e-06,2.688000000000006e-05,-2.014999999999999e-05,0.09631505790502833,0,0,8612.474,10295.385,-1682.911,0.45549705019484227,0.4657158068367445,-0.932364300061269,-2097.848,-1415.5169999999998,204099,1,0,0,0
2023-09-17 20:00:00+00:00,26505.14,26534.09,26399.0,26527.51,2349.50411,6.49e-06,2.688000000000006e-05,-2.014999999999999e-05,0.09631505790502833,0,0,11972.919,12485.562,-512.643,0.48952013822935286,0.4718392183137755,-0.03350614544516157,-2760.818000000001,-664.7288000000001,268229,0,1,0,0
2023-09-18 00:00:00+00:00,26527.5,26750.0,26377.35,26658.66,5170.61491,-5.08e-06,1.283000000000006e-05,1.1800000000000124e-06,-0.3096024617861298,0,0,31100.952,27910.279,3190.6730000000025,0.527034455525932,0.4798942821538404,1.0237112586995818,995.1190000000024,116.0364000000005,515243,1,0,0,0
2023-09-18 04:00:00+00:00,26658.66,26800.0,26567.09,26710.67,2963.99415,-5.08e-06,1.283000000000006e-05,1.1800000000000124e-06,-0.3096024617861298,0,0,17103.551,17786.222999999998,-682.6719999999987,0.49021673227232715,0.48320606580946396,-0.005544962236509203,1995.3580000000038,-50.563399999999454,302292,0,1,0,0
2023-09-18 08:00:00+00:00,26710.67,27240.0,26684.02,27196.98,10966.96512,5.79e-06,7.200000000000059e-06,1.4580000000000013e-05,0.06063707054256324,0,0,62811.296,54740.07399999999,8071.222000000009,0.534330616478566,0.48194648848470634,1.3428299031266606,10579.223000000013,1676.7338000000025,1083951,1,0,0,0
2023-09-18 12:00:00+00:00,27196.98,27409.0,27130.0,27269.42,10343.13705,5.79e-06,7.200000000000059e-06,1.4580000000000013e-05,0.06063707054256324,0,0,49943.851,50001.02,-57.16899999999441,0.4997139973295879,0.48668639926622664,0.3052773171534275,7331.381000000016,2001.8822000000036,953853,0,1,0,0
2023-09-18 16:00:00+00:00,27269.43,27310.0,26631.0,26814.79,10706.60074,-6.774e-05,-6.702999999999993e-05,-0.00012877,-2.195828151330733,0,0,64910.718,67030.218,-2119.4999999999927,0.4919679969528184,0.4944500924223335,0.06845772764925909,5894.553000000022,1680.510800000005,1161558,1,0,0,1
2023-09-18 20:00:00+00:00,26814.78,26881.45,26728.0,26762.51,2849.12059,-6.774e-05,-6.702999999999993e-05,-0.00012877,-2.195828151330733,0,0,14580.643,14620.206999999999,-39.56399999999849,0.499322553966751,0.4973034206524779,0.2647637612183068,-2216.2329999999856,1034.4634000000049,362845,1,0,0,1
2023-09-19 00:00:00+00:00,26762.5,26840.67,26667.79,26818.42,3113.83028,2.468e-05,-3.726999999999993e-05,-9.027999999999998e-05,0.650212978545081,0,0,14783.112,13907.274,875.8379999999997,0.5152636147871974,0.4984252643145945,0.7201032238044609,-1283.2259999999915,1346.1654000000046,351014,1,0,0,0
2023-09-19 04:00:00+00:00,26818.41,26874.73,26750.88,26847.21,2439.90451,2.468e-05,-3.726999999999993e-05,-9.027999999999998e-05,0.650212978545081,0,0,8889.296,10030.152,-1140.8559999999998,0.4698496488903905,0.49727168046277653,-0.5964191799734876,-304.5819999999985,-496.2501999999971,258737,0,1,0,0
2023-09-19 08:00:00+00:00,26847.21,27466.0,26847.21,27237.56,9626.79138,2.468e-05,-3.726999999999993e-05,-9.027999999999998e-05,0.650212978545081,0,0,64230.753,61942.17300000001,2288.579999999987,0.5090692198102784,0.5026288974243202,0.6090487709677322,2023.5619999999872,-27.10040000000081,1084251,1,0,0,0
2023-09-19 12:00:00+00:00,27237.57,27480.0,26881.37,27422.24,11536.82998,-1.972e-05,-6.277999999999994e-05,-6.68e-05,-0.7790995979904094,0,0,74269.302,74210.91399999999,58.388000000006286,0.5001966187872464,0.5036965454801094,0.34656388696061846,1206.1119999999937,408.477199999999,1299777,1,0,0,0
2023-09-19 16:00:00+00:00,27422.24,27483.57,27069.9,27185.44,6638.06144,-1.756e-05,-1.2599999999999934e-05,-5.2749999999999995e-05,-0.6704616930569445,0,0,37998.807,40563.537,-2564.729999999996,0.4836771036261342,0.49936081029012974,-0.1326568661900855,-217.76200000000244,-96.5560000000005,736185,1,0,0,0
2023-09-19 20:00:00+00:00,27185.43,27222.81,26990.01,27210.26,2835.10428,-1.756e-05,-1.2599999999999934e-05,-5.2749999999999995e-05,-0.6704616930569445,0,0,16303.442,16382.985,-79.54300000000148,0.49878324112941436,0.5002174611758384,0.29001762217855015,-2585.884999999991,-287.63220000000075,352956,0,1,0,0
2023-09-20 00:00:00+00:00,27210.25,27388.63,27085.0,27119.48,4518.58217,-2.614e-05,-6.341999999999993e-05,-8.786e-05,-0.9064577682855242,0,0,22713.966,23388.894999999997,-674.9289999999964,0.4926801831235593,0.49605241784033777,0.12793244553938585,-3319.201999999994,-194.44680000000008,453254,1,0,0,0
2023-09-20 04:00:00+00:00,27119.48,27159.91,26936.79,27105.62,4997.15729,-2.614e-05,-6.341999999999993e-05,-8.786e-05,-0.9064577682855242,0,0,21676.407,20763.052000000003,913.3549999999959,0.5107606814686304,0.49715708625424204,0.6653198244897517,158.882999999998,-469.4917999999983,423841,0,1,0,0
2023-09-20 08:00:00+00:00,27105.61,27197.66,26950.0,27098.08,5250.00781,-3.777e-05,-8.146999999999994e-05,-0.00013705,-1.1905131916383065,0,0,24467.199,25291.478000000003,-824.2790000000023,0.49171723355908353,0.4971320099148686,0.03489761553621402,-585.8530000000028,-646.0252,475457,1,0,0,0
2023-09-20 12:00:00+00:00,27098.07,27237.87,26997.94,27180.63,6236.27587,-3.777e-05,-8.146999999999994e-05,-0.00013705,-1.1905131916383065,0,0,29042.622,28490.404,552.2180000000008,0.5047991391935477,0.4976796684375483,0.4698035679604664,641.2939999999944,-22.635600000000704,591917,1,0,0,0
2023-09-20 16:00:00+00:00,27180.62,27300.0,26800.0,26930.61,8978.6126,-9.91e-06,-7.381999999999993e-05,-0.00015345,-0.27829790406368154,0,0,52185.911,55442.977000000006,-3257.066000000006,0.4848689972528565,0.49464020668411407,-0.15562133372591355,-3529.1270000000077,-658.1402000000016,1032363,1,0,0,0
2023-09-20 20:00:00+00:00,26930.62,27241.31,26921.7,27125.0,4226.58293,-9.91e-06,-7.381999999999993e-05,-0.00015345,-0.27829790406368154,0,0,23312.332,22146.204,1166.127999999997,0.5128262819550545,0.4989378699905805,0.8127468071736419,-1538.7200000000084,-289.928800000003,454856,1,0,0,0
2023-09-21 00:00:00+00:00,27125.01,27159.6,26936.66,27035.0,3714.08467,-9.91e-06,-7.381999999999993e-05,-0.00015345,-0.27829790406368154,0,0,14615.931,15436.682,-820.7510000000002,0.4863447647630507,0.4966654244858577,-0.06745124895837934,-2911.6890000000094,-636.7500000000022,333072,1,0,0,0
2023-09-21 04:00:00+00:00,27034.99,27103.17,26979.92,26990.11,2893.95429,-2.9e-07,-4.796999999999992e-05,-0.00014866,0.025076278119236475,0,0,12035.192,11741.582000000002,293.60999999999694,0.5061743027039748,0.4972631928775305,0.5558795510324696,638.9869999999937,-413.17220000000236,280725,0,1,0,0
2023-09-21 08:00:00+00:00,26990.11,27017.0,26618.9,26730.78,8251.18162,4.303e-05,3.283000000000008e-05,-0.00011142000000000001,1.3419807701678999,0,0,46135.716,47487.026,-1351.3099999999977,0.49278321713756257,0.4981738042286734,0.011758602376853665,-1878.451000000001,-793.877800000002,872187,1,0,0,0
2023-09-21 12:00:00+00:00,26730.77,26776.98,26377.7,26584.02,13026.53324,4.303e-05,3.283000000000008e-05,-0.00011142000000000001,1.3419807701678999,0,0,55410.447,59447.962,-4037.5149999999994,0.48242394686139173,0.4965378748018712,-0.43042591508332867,-5095.215,-949.9676000000006,1033653,1,0,0,0
2023-09-21 16:00:00+00:00,26584.01,26696.6,26545.82,26599.95,4279.24653,7.429e-05,0.00011703000000000006,3.060999999999999e-05,2.0839931551149045,0,0,18770.979,17960.908000000003,810.0709999999963,0.511026808941234,0.49837253738363857,0.805204654071841,-4578.754000000001,-1021.1790000000008,367647,1,0,1,0
2023-09-21 20:00:00+00:00,26599.95,26621.57,26497.94,26568.08,2311.82627,7.429e-05,0.00011703000000000006,3.060999999999999e-05,2.0839931551149045,0,0,9318.536,9631.908,-313.3719999999994,0.4917318032231857,0.4964696495590942,-0.07669843691607972,-3540.8160000000025,-919.7032000000006,217519,1,0,1,0
2023-09-22 00:00:00+00:00,26568.08,26670.13,26468.77,26627.77,3453.40638,-6.2e-07,0.00011670000000000006,5.309999999999992e-06,-0.03769997255791395,0,0,17621.592,19485.346,-1863.7540000000008,0.47488671795015797,0.49478659799820157,-1.215112656909297,-1367.055000000004,-1351.1760000000002,362130,0,1,0,0
2023-09-22 04:00:00+00:00,26627.77,26705.46,26573.93,26674.8,2976.05949,-6.2e-07,0.00011670000000000006,5.309999999999992e-06,-0.03769997255791395,0,0,11792.473,10958.091999999999,834.3810000000012,0.5183375885390099,0.49614044293274784,1.2703621038419923,-1342.744999999999,-914.0378000000004,261610,1,0,0,0
2023-09-22 08:00:00+00:00,26674.8,26743.38,26590.0,26640.26,3120.40678,1.034e-05,8.401000000000006e-05,3.5369999999999995e-05,0.3361302072316874,0,0,15005.587,14528.024000000001,477.5629999999983,0.5080850763558848,0.49846205084305073,0.6478818047212346,-551.8100000000013,-11.022200000000884,279666,0,1,0,0
2023-09-22 12:00:00+00:00,26640.26,26698.29,26556.6,26631.01,3906.70541,1.034e-05,8.401000000000006e-05,3.5369999999999995e-05,0.3361302072316874,0,0,17737.483,19709.254,-1971.7710000000006,0.4736723255753899,0.4945466552050843,-1.3559624975452271,-659.8270000000011,-567.3906000000003,366754,1,0,0,0
2023-09-22 16:00:00+00:00,26631.01,26644.98,26531.01,26540.1,2659.9022,2.136e-05,3.108000000000006e-05,7.429e-05,0.6201325659225487,0,0,12502.849,14186.699999999999,-1683.8509999999987,0.46845486223839905,0.492757664952619,-1.783514494887342,-3178.059000000001,-841.4864000000001,314031,1,0,0,0
2023-09-22 20:00:00+00:00,26540.1,26597.96,26488.0,26580.14,2081.74894,2.136e-05,3.108000000000006e-05,7.429e-05,0.6201325659225487,0,0,10602.387,9404.860999999999,1197.5260000000017,0.5299273043449054,0.4951329651167121,1.8179717497228034,-2458.0959999999977,-229.23039999999963,193732,1,0,0,0
2023-09-23 00:00:00+00:00,26580.14,26614.98,26524.59,26532.2,1739.54774,6.676e-05,9.846000000000006e-05,0.00016719,1.8561755569214102,0,0,5322.071,6751.298000000001,-1429.2270000000008,0.4408107629278952,0.48993571969574534,-2.8430852282757337,-1915.5519999999979,-681.952,146002,1,0,0,0
2023-09-23 04:00:00+00:00,26532.21,26586.75,26509.0,26585.31,1797.98817,6.676e-05,9.846000000000006e-05,0.00016719,1.8561755569214102,0,0,5490.355,4927.496000000001,562.8589999999986,0.5270141605979966,0.4943947410694058,1.4883507376832272,331.15799999999945,-664.8928,107626,1,0,0,0
2023-09-23 08:00:00+00:00,26585.32,26594.78,26554.49,26575.21,1236.67479,1.556e-05,0.00010368000000000006,0.00022052,0.3730511437476577,0,0,3178.878,3522.3749999999995,-343.4969999999994,0.4743706885861495,0.4907291290338975,-1.0736964403954588,-1209.8650000000016,-339.2379999999997,93100,1,0,0,0
2023-09-23 12:00:00+00:00,26575.21,26588.5,26546.2,26581.55,2014.77977,1.556e-05,0.00010368000000000006,0.00022052,0.3730511437476577,0,0,4593.587,4725.825,-132.23799999999937,0.49290523908589945,0.4908464726201688,-0.09972549897982197,87.1239999999998,-28.915399999999863,113829,0,1,0,0
2023-09-23 16:00:00+00:00,26581.55,26632.81,26559.83,26610.09,1599.62309,2.09e-06,8.441000000000007e-05,0.00023252,0.012051487596126002,0,0,5864.328,5809.390999999999,54.93700000000172,0.5023530204898714,0.49359310287414015,0.37244348553024603,-420.79799999999705,-257.43319999999983,141337,1,0,0,0
2023-09-23 20:00:00+00:00,26610.09,26612.61,26558.07,26575.96,1052.08904,2.09e-06,8.441000000000007e-05,0.00023252,0.012051487596126002,0,0,3312.905,4337.975,-1025.0700000000002,0.4330096668618512,0.48506031070642425,-2.682434442294424,-1102.3709999999978,-176.60179999999974,96825,1,0,0,0
2023-09-24 00:00:00+00:00,26575.97,26590.01,26558.85,26570.93,877.32467,-1.392e-05,3.7300000000000676e-06,0.00021888999999999999,-0.43639596569877165,0,0,2974.322,2382.299,592.0230000000001,0.5552608631448819,0.4897778893853239,2.459768682147285,-378.1099999999983,-170.7689999999994,80761,0,1,0,0
2023-09-24 04:00:00+00:00,26570.93,26573.7,26549.31,26563.44,1568.51411,-1.392e-05,3.7300000000000676e-06,0.00021888999999999999,-0.43639596569877165,0,0,3505.274,4061.6430000000005,-556.3690000000006,0.46323674489888017,0.48873433131767297,-1.2315341236957273,-989.4160000000006,-213.34339999999966,82484,1,0,0,0
2023-09-24 08:00:00+00:00,26563.43,26611.8,26563.43,26596.71,1426.11493,4.721e-05,3.5380000000000064e-05,0.00022307,1.3124249878251382,0,0,5476.262,4164.671000000001,1311.5909999999985,0.5680219953815673,0.4986910446319898,2.539053256595885,1347.244999999998,75.42239999999993,96737,1,0,0,0
2023-09-24 12:00:00+00:00,26596.71,26628.8,26563.8,26578.06,1682.81945,4.721e-05,3.5380000000000064e-05,0.00022307,1.3124249878251382,0,0,4942.541,4643.1050000000005,299.4359999999997,0.5156189786270012,0.49726021206019944,0.667426861829943,1054.6579999999976,124.32219999999953,102267,0,1,0,0
2023-09-24 16:00:00+00:00,26578.06,26738.54,26335.81,26449.17,6185.41964,2.887e-05,6.216000000000007e-05,0.00017765,0.7323255313480146,0,0,33577.436,36617.641,-3040.2050000000017,0.4783445995792554,0.5010135957253354,-0.6289383662218302,-1429.1780000000035,-278.7048000000008,585861,1,0,0,0
2023-09-24 20:00:00+00:00,26449.18,26521.67,26122.08,26248.38,3966.46491,2.887e-05,6.216000000000007e-05,0.00017765,0.7323255313480146,0,0,20122.104,24165.475,-4043.370999999999,0.45435095921590113,0.49374727558712583,-1.3665089818348155,-6784.140000000001,-1205.7836000000007,417823,1,0,0,0
2023-09-25 00:00:00+00:00,26248.39,26343.1,26000.0,26157.45,6213.18391,-1.26e-05,6.348000000000006e-05,0.00016567,-0.5091880751158476,0,0,35933.542,34420.61,1512.9320000000007,0.5107522580898992,0.4973854325375008,0.5118753909701894,-5570.644,-791.9234000000004,634951,0,1,0,0
2023-09-25 04:00:00+00:00,26157.44,26195.44,26040.12,26189.21,3167.49454,-1.26e-05,6.348000000000006e-05,0.00016567,-0.5091880751158476,0,0,14902.046,14207.818000000001,694.2279999999992,0.5119242741910439,0.4992873360480153,0.5495038889647877,-1836.2109999999993,-915.3960000000003,331596,1,0,0,0
2023-09-25 08:00:00+00:00,26189.21,26233.43,26020.01,26075.41,3525.81677,8.565e-05,0.00010192000000000005,0.00024098,2.132523343749639,0,0,15871.895,17989.878,-2117.983,0.46872604692022474,0.49592463869105063,-0.8617280165022327,89.17699999999968,-1398.8798000000002,295294,1,0,1,0
2023-09-25 12:00:00+00:00,26075.4,26300.0,25990.46,26243.72,5448.76058,8.565e-05,0.00010192000000000005,0.00024098,2.132523343749639,0,0,29930.395,28243.306,1687.089,0.5145004441096158,0.5040737164158271,0.6388043089011104,263.3339999999989,-453.42099999999994,500407,1,0,1,0
2023-09-25 16:00:00+00:00,26243.73,26425.63,26222.32,26331.83,5674.61846,4.792e-05,0.00012097000000000006,0.00026754,1.173416561241697,0,0,27007.089,26500.008,507.0809999999983,0.5047384461915397,0.4990214747204928,0.2958462264666106,76.18699999999808,456.6693999999996,527690,1,0,0,0
2023-09-25 20:00:00+00:00,26331.84,26446.15,26263.83,26304.81,2236.32964,4.792e-05,0.00012097000000000006,0.00026754,1.173416561241697,0,0,12402.329,10976.92,1425.4089999999997,0.5304844907550281,0.5057462493061077,1.1056926997310215,3619.578999999998,439.1647999999994,229863,0,1,0,0
2023-09-26 00:00:00+00:00,26304.8,26397.46,26234.37,26353.87,2622.22978,-3.91e-05,9.447000000000006e-05,0.00016167999999999998,-1.2501744011113127,0,0,10522.401,9730.340000000002,792.0609999999979,0.5195544148814226,0.5008994912560932,0.710723064906183,2724.550999999996,458.7313999999991,210792,1,0,0,0
2023-09-26 04:00:00+00:00,26353.87,26363.84,26253.64,26272.01,1936.44889,-3.91e-05,9.447000000000006e-05,0.00016167999999999998,-1.2501744011113127,0,0,7092.343,8821.673999999999,-1729.3309999999992,0.4456664209922611,0.49390423549261914,-1.5336424125682167,488.1389999999983,536.4617999999994,180199,1,0,0,0
2023-09-26 08:00:00+00:00,26272.0,26334.75,26188.26,26273.83,3123.5531,-1.215e-05,-3.329999999999946e-06,0.00013397,-0.5448222135328307,0,0,14952.514,14931.883000000002,20.630999999997584,0.5003451801286135,0.4961042935475549,0.1435914955546055,-916.6390000000038,203.17019999999883,281384,1,0,0,0
2023-09-26 12:00:00+00:00,26273.82,26306.39,26088.34,26126.66,4953.27044,-1.215e-05,-3.329999999999946e-06,0.00013397,-0.5448222135328307,0,0,27785.138,26808.896,976.2419999999984,0.5089409220062397,0.5015632898265889,0.381335503930026,-732.4580000000033,297.00239999999883,473650,0,1,0,0
2023-09-26 16:00:00+00:00,26126.66,26295.99,26115.0,26247.7,3410.21082,5.626e-05,5.010000000000055e-06,0.00018814,1.3174788481040047,0,0,19610.113,16530.024,3080.089,0.5426131339789885,0.5047493774154977,1.3459270249127093,4076.961999999996,627.9383999999989,371011,1,0,0,0
2023-09-26 20:00:00+00:00,26247.7,26288.68,26100.0,26221.67,2449.63763,5.626e-05,5.010000000000055e-06,0.00018814,1.3174788481040047,0,0,12088.182,11617.661,470.52100000000064,0.5099241566731038,0.5045493656637038,0.3493289657324268,4526.851999999999,563.6303999999994,271020,0,1,0,0
2023-09-27 00:00:00+00:00,26221.68,26289.5,26202.96,26278.04,1904.53237,9.944e-05,0.00014355000000000005,0.0003015,2.2283659015036807,0,0,9138.857,9463.885999999999,-325.02899999999863,0.4912639496229132,0.5068031559339726,-0.22604968701690503,3225.581000000002,844.4907999999996,206766,0,1,1,0
2023-09-27 04:00:00+00:00,26278.03,26289.0,26231.74,26246.34,1738.93762,9.944e-05,0.00014355000000000005,0.0003015,2.2283659015036807,0,0,5013.101,5629.320000000001,-616.219000000001,0.4710489276829022,0.5024580042913012,-0.7832950871259764,-470.72699999999895,717.1207999999999,164761,1,0,1,0
2023-09-27 08:00:00+00:00,26246.35,26848.07,26223.72,26766.7,10440.3616,9.944e-05,0.00014355000000000005,0.0003015,2.2283659015036807,0,0,60469.47,49557.099,10912.371,0.5495897086457363,0.5069431305367209,1.470672558328723,9971.123,2704.3466,890601,1,0,1,0
2023-09-27 12:00:00+00:00,26766.69,26850.0,26169.38,26304.42,13541.28007,3.378e-05,0.00018948000000000006,0.00028806999999999997,0.5175851332469208,0,0,71696.964,77050.182,-5353.2179999999935,0.4820056446662849,0.5020952459278466,-0.4883414185377879,4942.934000000005,1017.6852000000014,1229554,1,0,0,0
2023-09-27 16:00:00+00:00,26304.42,26313.79,26112.06,26267.8,4419.72965,2.074e-05,0.00015396000000000008,0.00027994,0.1715743146830231,0,0,20534.097,22378.752,-1844.6549999999988,0.4785069618658971,0.497990500626294,-0.6039374047721727,3714.498000000007,554.6500000000015,426794,1,0,0,0
2023-09-27 20:00:00+00:00,26267.81,26385.0,26226.91,26372.99,2726.73847,2.074e-05,0.00015396000000000008,0.00027994,0.1715743146830231,0,0,11380.464,10690.648000000001,689.8159999999989,0.5156271238168697,0.5049865709087549,0.498699873370792,-6508.056999999993,757.6190000000009,240252,1,0,0,0
2023-09-28 00:00:00+00:00,26373.0,26557.75,26342.4,26379.15,4434.7586,6.74e-06,6.126000000000007e-05,0.00029928,-0.19768317139640415,0,0,25516.959,24425.933,1091.025999999998,0.510922735511592,0.5060443264470528,0.30695402283916795,-63.81300000000192,1099.0680000000007,446446,1,0,0,0
2023-09-28 04:00:00+00:00,26379.15,26513.46,26347.17,26459.99,3685.9607,6.74e-06,6.126000000000007e-05,0.00029928,-0.19768317139640415,0,0,14627.077,14047.223,579.8539999999994,0.5101110401997607,0.5061613382664049,0.3022800209147506,2360.6959999999963,-967.4353999999992,272976,1,0,0,0
2023-09-28 08:00:00+00:00,26459.99,26623.84,26389.29,26476.93,4838.50281,-1.581e-05,1.167000000000007e-05,0.00019782,-0.751616355225105,0,0,23021.468,22273.174,748.2940000000017,0.508260292685391,0.5027260541370451,0.21101842397605686,2419.173999999999,252.86699999999982,437558,1,0,0,0
2023-09-28 12:00:00+00:00,26476.93,27064.0,26460.0,27020.0,13494.26165,-1.581e-05,1.167000000000007e-05,0.00019782,-0.751616355225105,0,0,72056.892,60487.854999999996,11569.037000000011,0.5436420049147629,0.506097838961211,1.2473307209345947,12897.185000000012,2935.6054000000017,1164746,1,0,0,0
2023-09-28 16:00:00+00:00,27019.99,27308.48,26848.71,27100.0,14201.72571,-4.732e-05,-5.638999999999993e-05,0.00010258000000000001,-1.625137144384914,0,0,66204.976,68762.978,-2558.0020000000077,0.49052366904813566,0.5060238109037332,-0.3823093391524458,9759.329000000005,2286.0418000000004,1212740,0,1,0,0
2023-09-28 20:00:00+00:00,27100.0,27166.42,26895.0,27021.39,3862.62544,-4.732e-05,-5.638999999999993e-05,0.00010258000000000001,-1.625137144384914,0,0,18629.359,19533.963999999996,-904.6049999999959,0.4881482411791028,0.5077337422533533,-0.5577926442680827,8106.430000000008,1886.9156000000016,390899,1,0,0,0
2023-09-29 00:00:00+00:00,27021.39,27134.16,26859.7,26957.99,4943.53529,-3.894e-05,-0.00010206999999999994,0.00010273999999999998,-1.3084982183809146,0,0,20029.325,22810.393,-2781.0679999999993,0.46754100949030525,0.4995288723378102,-1.1849890226703677,-6243.675000000003,1214.731200000002,433188,1,0,0,0
2023-09-29 04:00:00+00:00,26958.0,27244.89,26895.94,27179.98,4950.61601,-3.894e-05,-0.00010206999999999994,0.00010273999999999998,-1.3084982183809146,0,0,21128.7,17993.98,3134.720000000001,0.5400626950914406,0.5053345773803257,1.2384377186903592,-550.9529999999941,1692.0164000000018,389152,1,0,0,0
2023-09-29 08:00:00+00:00,27179.99,27179.99,26963.7,26970.78,3627.86592,-2.567e-05,-0.00011192999999999994,8.921999999999999e-05,-0.9599080820002045,0,0,16512.291,18773.056,-2260.7649999999994,0.4679645349668802,0.5042803346904241,-1.2296533393664464,-1907.1129999999976,-1073.9440000000002,389745,1,0,0,0
2023-09-29 12:00:00+00:00,26970.78,27149.05,26665.16,26888.57,9460.87808,-2.567e-05,-0.00011192999999999994,8.921999999999999e-05,-0.9599080820002045,0,0,55863.417,56827.145000000004,-963.7280000000028,0.4957240074816558,0.5022900230569027,-0.17433348780480035,-89.77300000000105,-755.0891999999992,1023007,1,0,0,0
2023-09-29 16:00:00+00:00,26888.57,26954.09,26750.0,26926.52,3506.19154,4.76e-06,-5.984999999999994e-05,3.771999999999999e-05,-0.2068951745064237,0,0,17158.157,16195.664000000004,962.4929999999949,0.5144285267945762,0.5026406021852011,0.48294577182174686,-2262.0000000000073,-381.6696000000011,374865,1,0,0,0
2023-09-29 20:00:00+00:00,26926.53,26984.99,26866.13,26906.96,1989.67535,4.76e-06,-5.984999999999994e-05,3.771999999999999e-05,-0.2068951745064237,0,0,6732.463,7373.052,-640.5889999999999,0.4772929595268234,0.4993587941179073,-0.9841753147819368,-641.8240000000078,46.426199999998786,185760,1,0,0,0
2023-09-30 00:00:00+00:00,26906.96,26946.98,26886.31,26915.3,1275.44354,6.43e-06,-1.4479999999999933e-05,-5.5289999999999994e-05,-0.1952787614060115,0,0,5540.993,4866.0380000000005,674.9549999999999,0.5324278365270556,0.5017755485020738,1.127797060666594,996.8589999999949,-445.52680000000146,146469,1,0,0,0
2023-09-30 04:00:00+00:00,26915.3,26958.04,26911.51,26931.75,1683.47171,6.43e-06,-1.4479999999999933e-05,-5.5289999999999994e-05,-0.1952787614060115,0,0,5215.085,4382.285999999999,832.7990000000009,0.5433868295807258,0.5017500309686701,1.4536992694907354,867.1650000000009,173.18599999999861,110362,1,0,0,0
2023-09-30 08:00:00+00:00,26931.76,26997.0,26923.18,26936.02,2013.51121,1.864e-05,2.983000000000007e-05,-7.043000000000002e-05,0.07714217963607602,0,0,6815.655,6762.797,52.858000000000175,0.5019463927110396,0.5028923033349606,-0.12584795473497562,1560.612000000001,376.5031999999992,165386,1,0,0,0
2023-09-30 12:00:00+00:00,26936.02,27094.99,26903.01,26996.29,3558.71394,1.864e-05,2.983000000000007e-05,-7.043000000000002e-05,0.07714217963607602,0,0,15213.906,13606.555999999999,1607.3500000000022,0.5278855696345187,0.5068660361805021,0.8394528801182931,2493.0070000000032,505.47460000000063,310472,1,0,0,0
2023-09-30 16:00:00+00:00,26996.29,27043.61,26970.72,27020.7,2382.42914,1.525e-05,4.032000000000007e-05,-7.592e-05,-0.03742531609846746,0,0,6804.65,7373.907000000001,-569.2570000000014,0.4799254254152943,0.5081044777730009,-0.9282454090782305,1090.951000000001,519.7410000000003,178900,0,1,0,0
2023-09-30 20:00:00+00:00,27020.7,27081.78,26946.73,26962.56,1891.05353,1.525e-05,4.032000000000007e-05,-7.592e-05,-0.03742531609846746,0,0,7226.612,8508.669000000002,-1282.0570000000016,0.45926170622564666,0.5000243788864216,-1.5630177099777323,-243.96400000000085,128.33860000000004,201587,1,0,0,0
2023-10-01 00:00:00+00:00,26962.57,27048.0,26954.09,27044.76,1349.47617,2.95e-06,3.684000000000007e-05,-7.971000000000001e-05,-0.3760403801984782,0,0,5895.518,5097.174999999999,798.3430000000008,0.5363124395450688,0.5068591693442406,1.1808182736328743,-1052.9710000000023,121.44740000000002,138773,1,0,0,0
2023-10-01 04:00:00+00:00,27044.77,27158.59,27020.9,27107.95,2655.15215,2.95e-06,3.684000000000007e-05,-7.971000000000001e-05,-0.3760403801984782,0,0,9937.877,9793.41,144.46700000000055,0.503660861047736,0.5076528547008484,-0.05058455526843695,-339.2470000000003,139.7692000000001,207778,1,0,0,0
2023-10-01 08:00:00+00:00,27107.94,27289.08,27086.74,27187.71,3969.23722,-6.19e-06,1.2010000000000068e-05,-7.009e-05,-0.582518608096103,0,0,20087.028,19380.007000000005,707.0209999999934,0.5089571081283404,0.5071057128342249,0.14204355973106503,1649.8309999999947,-40.296600000001675,377569,1,0,0,0
2023-10-01 12:00:00+00:00,27187.71,27229.29,27083.24,27153.18,3029.81327,-6.19e-06,1.2010000000000068e-05,-7.009e-05,-0.582518608096103,0,0,14604.468,15031.813999999998,-427.34599999999773,0.4927901549863779,0.5086554323801804,-0.4574335160542786,424.1419999999962,-11.914400000000933,290629,1,0,0,0
2023-10-01 16:00:00+00:00,27153.17,27155.0,27035.78,27103.02,2119.78834,-2.263e-05,-2.586999999999993e-05,-4.5400000000000006e-05,-0.9747377713880903,0,0,8755.569,9729.096000000001,-973.5270000000019,0.4736666312318887,0.5027793118506636,-1.1202969096031337,-693.8520000000062,49.791599999999015,207645,1,0,0,0
2023-10-01 20:00:00+00:00,27103.02,28065.51,27033.1,27992.57,11479.34753,-2.263e-05,-2.586999999999993e-05,-4.5400000000000006e-05,-0.9747377713880903,0,0,68955.679,53115.30499999999,15840.37400000001,0.5648818149938073,0.5049288103919718,2.159398006426439,14439.501000000011,3058.197800000001,1090616,1,0,0,0
2023-10-02 00:00:00+00:00,27992.58,28210.0,27826.65,28126.54,8265.67461,5.831e-05,2.9490000000000072e-05,5.185e-05,1.2257951301380579,0,0,33570.897,30222.503000000004,3348.393999999993,0.5262440471898346,0.5073585758398513,0.7371808894023846,18215.241,3698.9831999999997,598198,1,0,0,0
2023-10-02 04:00:00+00:00,28126.54,28430.0,27910.95,28311.91,8806.14392,5.831e-05,2.9490000000000072e-05,5.185e-05,1.2257951301380579,0,0,42922.207,39619.267,3302.9400000000023,0.5200077599777295,0.5065707948741724,0.46934154740586853,22491.708000000006,4218.167000000001,724955,1,0,0,0
2023-10-02 08:00:00+00:00,28311.91,28484.28,28187.69,28198.04,9240.50392,7.28e-06,4.296000000000007e-05,8.48e-05,-0.17744687465975387,0,0,39594.227,45962.077999999994,-6367.850999999995,0.4627856123520061,0.5048568135678436,-1.502949469800163,283.4830000000002,3030.0660000000016,708985,1,0,0,0
2023-10-02 12:00:00+00:00,28198.05,28580.0,27983.0,28026.31,11992.24274,7.28e-06,4.296000000000007e-05,8.48e-05,-0.17744687465975387,0,0,72915.168,69294.201,3620.967000000004,0.5127311126737367,0.5102037542126526,0.27684357251336267,556.0560000000114,3948.964800000003,1165751,0,1,0,0
2023-10-02 16:00:00+00:00,28026.3,28123.39,27631.41,27964.99,9935.03954,-1.477e-05,5.082000000000007e-05,6.527e-05,-0.7447331810567407,0,0,65955.911,64233.79500000001,1722.11599999998,0.5066138716067151,0.5072338974188172,0.01827599328235492,-1024.768000000011,1125.3131999999969,1097336,0,1,0,0
2023-10-02 20:00:00+00:00,27965.0,27965.94,27281.44,27494.51,8831.53768,-1.477e-05,5.082000000000007e-05,6.527e-05,-0.7447331810567407,0,0,40086.521,48900.945,-8814.423999999999,0.4504737891963347,0.501915190233677,-1.8722618468064056,-3471.341000000015,-1307.2504000000015,784802,1,0,0,0
2023-10-03 00:00:00+00:00,27494.51,27640.0,27381.48,27601.55,5450.72832,4.172e-05,3.423000000000007e-05,0.00010056,0.8429105232301959,0,0,20069.333,19178.052000000003,891.2809999999954,0.5113546545839932,0.5021549448792424,0.2586001091009323,-6201.027000000024,-1789.582200000003,422008,1,0,0,0
2023-10-03 04:00:00+00:00,27601.54,27676.52,27521.43,27540.64,3052.3436,4.172e-05,3.423000000000007e-05,0.00010056,0.8429105232301959,0,0,11780.81,12285.247000000001,-504.4370000000017,0.48951974143500115,0.5018279035241047,-0.4801112741363348,-8427.580000000005,-616.8994000000042,285576,1,0,0,0
2023-10-03 08:00:00+00:00,27540.65,27642.83,27475.0,27559.99,3884.9952,1.667e-05,4.3620000000000074e-05,9.859e-05,0.13888262889643035,0,0,16371.81,16727.393000000004,-355.5830000000042,0.4946285262518254,0.5039240930260984,-0.28575265824317786,31.260999999989508,-1412.2094000000059,371095,0,1,0,0
2023-10-03 12:00:00+00:00,27560.0,27579.7,27234.55,27345.0,8008.49633,1.667e-05,4.3620000000000074e-05,9.859e-05,0.13888262889643035,0,0,43717.368,46698.424,-2981.055999999997,0.4835147382218363,0.4957873853489013,-0.6219852284109174,-3841.0760000000028,-2352.8438000000015,869366,1,0,0,0
2023-10-03 16:00:00+00:00,27345.0,27486.2,27250.0,27275.0,4195.05272,2.5e-05,8.339000000000007e-05,0.00010834,0.3508715391147997,0,0,24209.335,23718.928,490.40699999999924,0.505116052296742,0.493674585859592,0.13712445986281496,-2846.232000000002,-491.8776000000016,522517,0,1,0,0
2023-10-03 20:00:00+00:00,27275.0,27469.65,27160.5,27426.46,4337.34938,2.5e-05,8.339000000000007e-05,0.00010834,0.3508715391147997,0,0,23935.225,24385.974000000002,-450.74900000000343,0.4953359083660155,0.49120740069842056,-0.22442305804326443,-2941.398000000001,-760.2836000000013,505331,0,1,0,0
2023-10-04 00:00:00+00:00,27426.45,27510.29,27202.0,27430.43,6836.89213,6.031e-05,0.00010198000000000006,0.00016570000000000002,1.2478229407036359,0,0,30555.832,26665.95,3889.881999999998,0.5339895216824949,0.49832779163146956,1.0981987873627075,3929.5399999999936,118.58019999999851,566864,1,0,0,0
2023-10-04 04:00:00+00:00,27430.43,27454.98,27350.75,27453.78,2257.47331,6.031e-05,0.00010198000000000006,0.00016570000000000002,1.2478229407036359,0,0,9187.457,8884.741,302.71600000000035,0.5083751849110993,0.49789219885520575,0.21247781785138883,3741.8489999999947,250.2399999999994,216458,1,0,0,0
2023-10-04 08:00:00+00:00,27453.77,27643.09,27434.1,27572.43,4588.85168,6.2e-05,0.00014731000000000005,0.00023389,1.2617082397071175,0,0,21811.414,21247.872999999996,563.5410000000047,0.5065437799748055,0.4978851896920148,0.09863786198896599,4756.139000000003,959.1593999999998,375961,1,0,0,0
2023-10-04 12:00:00+00:00,27572.43,27633.42,27329.85,27404.22,5939.67141,6.2e-05,0.00014731000000000005,0.00023389,1.2617082397071175,0,0,26398.897,29161.908999999996,-2763.011999999995,0.4751352419185568,0.500351334964237,-1.0687928875849169,-1896.75499999999,308.47560000000084,549422,1,0,0,0
2023-10-04 16:00:00+00:00,27404.21,27839.72,27400.94,27618.1,6502.51104,-2.857e-05,9.374000000000006e-05,0.00022794999999999998,-1.1182051989466446,0,0,37805.439,34808.846999999994,2996.592000000004,0.5206336257303419,0.5012792320788719,0.6467246614426108,797.1210000000137,997.9438000000024,789164,1,0,0,0
2023-10-04 20:00:00+00:00,27618.1,27831.51,27564.71,27778.57,3690.74243,-2.857e-05,9.374000000000006e-05,0.00022794999999999998,-1.1182051989466446,0,0,17165.193,17090.770000000004,74.42299999999523,0.5010862780299009,0.5024358857383618,-0.12379333868965692,308.00300000000425,234.85200000000185,382846,1,0,0,0
2023-10-05 00:00:00+00:00,27778.57,27896.07,27650.01,27651.73,3136.44638,-3.807e-05,-4.6399999999999285e-06,0.00013157,-1.3169479891481652,0,0,16563.333,18241.559999999998,-1678.226999999999,0.47589093292141427,0.5005621264053207,-1.0222886693312498,1392.7880000000005,-161.336599999998,353992,1,0,0,0
2023-10-05 04:00:00+00:00,27651.73,27702.2,27550.77,27607.98,2665.09726,-3.807e-05,-4.6399999999999285e-06,0.00013157,-1.3169479891481652,0,0,11021.955,12281.292,-1259.3369999999995,0.47297936635182214,0.49950858921831937,-1.0711652653294892,-2863.1410000000033,-525.9121999999988,252987,1,0,0,0
2023-10-05 08:00:00+00:00,27607.98,27774.55,27593.23,27725.68,2893.52044,-4.268e-05,-0.00010931999999999994,8.161e-05,-1.370987556934255,0,0,14225.832,12630.549,1595.2829999999994,0.5297002600611006,0.5019670099947552,1.109518055225863,-1342.280999999999,345.74680000000006,255455,1,0,0,0
2023-10-05 12:00:00+00:00,27725.68,28120.39,27403.59,27555.0,13145.99675,-4.268e-05,-0.00010931999999999994,8.161e-05,-1.370987556934255,0,0,90900.2,91312.39700000001,-412.19700000001467,0.4988689119007507,0.5023203103482288,-0.04588712690380371,-76.25100000001476,-336.0110000000037,1385077,1,0,0,0
2023-10-05 16:00:00+00:00,27555.0,27617.57,27352.0,27471.28,6407.84463,-4.268e-05,-0.00010931999999999994,8.161e-05,-1.370987556934255,0,0,39363.912,41405.92300000001,-2042.0110000000132,0.48735907408997425,0.49765726558897666,-0.5128112307791586,-858.9250000000284,-759.2978000000054,719164,1,0,0,0
2023-10-05 20:00:00+00:00,27471.28,27509.45,27388.0,27410.39,2432.59073,-2.302e-05,-0.00010376999999999992,7.336e-05,-0.7872366926928862,0,0,10991.894,11251.239999999998,-259.34599999999773,0.4941702010157382,0.49623676719944054,-0.3028797834582829,-2713.5540000000256,-475.52160000000515,256210,1,0,0,0
2023-10-06 00:00:00+00:00,27410.39,27590.0,27389.99,27559.2,3193.26664,-1.106e-05,-7.675999999999994e-05,2.0579999999999996e-05,-0.4999465858838147,0,0,15955.956,12604.625999999998,3351.3300000000017,0.5586705481001754,0.5014494440119776,2.2201416888912857,1049.9729999999909,446.6117999999951,290246,1,0,0,0
2023-10-06 04:00:00+00:00,27559.2,27651.0,27464.48,27638.52,3024.13516,-1.106e-05,-7.675999999999994e-05,2.0579999999999996e-05,-0.4999465858838147,0,0,15034.95,14113.899999999998,921.0500000000029,0.5157990795520235,0.5055158277753242,0.5166112585489357,4013.034000000007,311.76519999999584,283590,1,0,0,0
2023-10-06 08:00:00+00:00,27638.51,27801.0,27588.53,27760.0,5204.72994,1.436e-05,-1.9719999999999933e-05,1.8269999999999993e-05,0.18083814016548172,0,0,26473.029,26157.007999999998,316.02100000000064,0.5030022874580157,0.5037526939480915,0.023760248892271234,4588.401000000005,457.4087999999989,513005,1,0,0,0
2023-10-06 12:00:00+00:00,27760.0,28044.86,27175.94,27941.12,14574.01071,1.436e-05,-1.9719999999999933e-05,1.8269999999999993e-05,0.18083814016548172,0,0,96893.946,95552.25,1341.6959999999963,0.5034858989886192,0.5039926560439634,0.02881004653019322,2578.767,1134.1502000000007,1545610,1,0,0,0
2023-10-06 16:00:00+00:00,27941.12,28038.0,27789.14,27952.36,7070.26306,-3.149e-05,-2.818999999999993e-05,-3.822000000000001e-05,-1.0285975947901596,0,0,37132.615,37041.358,91.25699999999779,0.5006151551299537,0.5064650782648173,-0.1220178861865571,1748.9739999999947,1204.2707999999998,736374,1,0,0,0
2023-10-06 20:00:00+00:00,27952.35,28295.0,27877.6,27931.09,4916.83726,-3.149e-05,-2.818999999999993e-05,-3.822000000000001e-05,-1.0285975947901596,0,0,32940.803,28545.463000000003,4395.3399999999965,0.5357424534448066,0.5127413869741158,1.4443075506154888,5828.292999999991,1413.0727999999988,661798,0,1,0,0
2023-10-07 00:00:00+00:00,27931.1,27955.9,27842.08,27900.41,2783.26342,2.124e-05,4.110000000000067e-06,-7.729000000000001e-05,0.6139517771274368,0,0,12801.582,14064.652,-1263.0699999999997,0.47649335593518616,0.5074206965615243,-1.0697482886669287,3223.5269999999946,976.2487999999983,290475,1,0,0,0
2023-10-07 04:00:00+00:00,27900.41,27944.84,27875.0,27890.8,1744.73112,2.124e-05,4.110000000000067e-06,-7.729000000000001e-05,0.6139517771274368,0,0,6609.203,6756.683,-147.47999999999956,0.49448296955398247,0.5069821023268475,-0.25084230160594556,2984.7899999999972,883.5485999999983,178909,1,0,0,0
2023-10-07 08:00:00+00:00,27890.79,28029.67,27880.01,27942.12,2905.54923,2.849e-05,1.824000000000007e-05,-0.00011080000000000002,0.8598796337906837,0,0,14918.805,13871.433,1047.3719999999994,0.5181897072195096,0.5100651656398011,0.7432627423276438,-363.1779999999999,824.6837999999989,293786,1,0,0,0
2023-10-07 12:00:00+00:00,27942.12,27986.27,27895.28,27939.8,1884.78495,2.849e-05,1.824000000000007e-05,-0.00011080000000000002,0.8598796337906837,0,0,8716.652,9183.201,-466.54899999999907,0.4869677980037043,0.5093449253385977,-0.6500227753095345,433.34300000000076,713.1225999999995,220693,1,0,0,0
2023-10-07 16:00:00+00:00,27939.8,27964.2,27850.0,27865.48,2398.58265,2.083e-05,7.056000000000007e-05,-6.14e-05,0.6096265880355616,0,0,9177.684,10682.894000000002,-1505.2100000000028,0.4621055842382834,0.4996884289524085,-1.6383160061785427,-924.3870000000024,-466.9874000000003,225798,1,0,0,0
2023-10-07 20:00:00+00:00,27865.49,27959.75,27856.66,27956.67,1631.92688,2.083e-05,7.056000000000007e-05,-6.14e-05,0.6096265880355616,0,0,5200.67,5065.686,134.98400000000038,0.5065740950343043,0.4987659305006365,0.23967466561216885,-1836.7750000000015,-187.37660000000034,123767,1,0,0,0
2023-10-08 00:00:00+00:00,27956.67,28095.14,27943.9,28064.87,3093.52502,3.14e-06,5.2460000000000064e-05,-2.019000000000001e-05,0.035972507698083814,0,0,12612.69,10747.271999999999,1865.4180000000015,0.5399276762522132,0.5024584693800562,1.6962534297617629,495.1919999999991,215.2029999999999,257505,1,0,0,0
2023-10-08 04:00:00+00:00,28064.87,28076.04,27878.06,27905.61,4667.47017,3.14e-06,5.2460000000000064e-05,-2.019000000000001e-05,0.035972507698083814,0,0,13486.327,14531.01,-1044.683000000001,0.48135649009040365,0.5002455284902346,-0.9365656258017635,955.719000000001,-203.20800000000017,275405,1,0,0,0
2023-10-08 08:00:00+00:00,27905.61,27937.5,27775.0,27811.63,3177.47074,3.14e-06,5.2460000000000064e-05,-2.019000000000001e-05,0.035972507698083814,0,0,14860.672,16221.211999999998,-1360.5399999999972,0.4781136175657821,0.49799537473381755,-1.0389964273238883,-539.8049999999967,-382.0061999999998,329324,1,0,0,0
2023-10-08 12:00:00+00:00,27811.63,27999.72,27687.5,27892.74,3957.49167,9.74e-06,3.371000000000007e-05,3.222999999999999e-05,0.22489406674198228,0,0,25370.857,24943.337000000003,427.5199999999968,0.5042485029174868,0.4948459796810855,0.08400237374752696,-1977.7030000000013,4.539800000000104,518629,1,0,0,0
2023-10-08 16:00:00+00:00,27892.74,27948.68,27807.82,27894.99,2423.88211,5.163e-05,6.451000000000007e-05,0.00010687999999999998,1.5052287051618878,0,0,11414.27,11835.792000000001,-421.52200000000084,0.4909350349259283,0.4962901475801599,-0.4868402100077575,-1354.5420000000013,-106.76140000000014,265323,0,1,0,0
2023-10-08 20:00:00+00:00,27894.99,27980.0,27800.0,27917.05,2373.7295,5.163e-05,6.451000000000007e-05,0.00010687999999999998,1.5052287051618878,0,0,11043.297,11313.570999999998,-270.2739999999976,0.49395545923516665,0.4962373965482782,-0.3503620266496188,-264.27600000000166,-533.8997999999999,294059,0,1,0,0
2023-10-09 00:00:00+00:00,27917.06,27987.93,27796.53,27921.73,2583.18056,3.992e-05,0.00010129000000000006,0.00015785999999999998,1.0525247855652302,0,0,13117.803,13344.721000000001,-226.91800000000148,0.4957124649183124,0.4939896723181585,-0.22379281233026274,-918.7139999999999,-370.3468000000001,304862,0,1,0,0
2023-10-09 04:00:00+00:00,27921.72,27944.0,27808.4,27813.27,2493.15029,3.992e-05,0.00010129000000000006,0.00015785999999999998,1.0525247855652302,0,0,8500.854,10309.147,-1808.2930000000015,0.4519326713486086,0.4904861596526489,-1.9990275744914696,-2305.4850000000006,-459.8974000000009,224446,1,0,0,0
2023-10-09 08:00:00+00:00,27813.27,27842.03,27412.21,27468.92,9638.88315,3.515e-05,0.00012670000000000007,0.00017864999999999998,0.8327457832381578,0,0,45103.318,48161.388000000006,-3058.070000000007,0.48360542733067746,0.49263614396188826,-0.6093623775147762,-5093.28100000001,-1157.0154000000016,871835,1,0,0,0
2023-10-09 12:00:00+00:00,27468.91,27578.81,27374.73,27443.31,6434.2211,3.515e-05,0.00012670000000000007,0.00017864999999999998,0.8327457832381578,0,0,30783.047,30188.167999999998,594.8790000000008,0.5048783594028756,0.49246657039874553,0.25778688144640755,-4271.484000000008,-953.7352000000013,582254,0,1,0,0
2023-10-09 16:00:00+00:00,27443.32,27750.03,27260.0,27616.66,8727.0625,7.838e-05,0.00015345000000000007,0.00028852,2.056356290831134,0,0,49900.284,49693.671,206.61299999999756,0.5010372768106257,0.48857753045458685,0.12185427425494103,-2256.5780000000086,-858.3578000000023,907813,1,0,1,0
2023-10-09 20:00:00+00:00,27616.66,27653.27,27556.2,27590.12,1658.24879,7.838e-05,0.00015345000000000007,0.00028852,2.056356290831134,0,0,7161.489,8052.691000000001,-891.2020000000011,0.4707114678543306,0.4875130282309795,-1.1386620752805765,-89.71000000000276,-991.2146000000023,200487,1,0,1,0
2023-10-10 00:00:00+00:00,27590.12,27697.56,27492.6,27632.32,2606.13865,6.349e-05,0.00017702000000000006,0.00033077,1.4672598616943249,0,0,12601.54,11968.579999999998,632.9600000000028,0.5128806859714158,0.4909897350715428,0.6228324683445569,-51.629000000000815,-502.9640000000014,259089,1,0,0,0
2023-10-10 04:00:00+00:00,27632.32,27706.34,27579.87,27651.45,2137.06344,6.349e-05,0.00017702000000000006,0.00033077,1.4672598616943249,0,0,9209.513,9449.370999999997,-239.85799999999654,0.4935725523562932,0.4899221400154235,-0.24730541951892956,-498.0999999999949,60.67840000000069,204648,0,1,0,0
2023-10-10 08:00:00+00:00,27651.46,27735.0,27500.0,27508.87,3351.41272,1.894e-05,0.00016081000000000008,0.00032122,0.11331102385037099,0,0,14071.843,16852.853,-2781.0099999999984,0.45503577464431666,0.48633221398726223,-1.790679249738837,-2387.907999999992,-614.4993999999991,320910,1,0,0,0
2023-10-10 12:00:00+00:00,27508.86,27630.0,27338.87,27408.01,7509.23729,1.894e-05,0.00016081000000000008,0.00032122,0.11331102385037099,0,0,47248.062,47090.547,157.51499999999942,0.5008348384700054,0.48702015191074616,0.17572078701838603,-2863.3529999999955,-624.3189999999988,840223,0,1,0,0
2023-10-10 16:00:00+00:00,27408.01,27511.96,27298.0,27397.3,5069.48339,4.548e-05,0.00012791000000000007,0.00034586999999999997,0.8768025683663239,0,0,26802.385,28063.906,-1261.5210000000006,0.4885036788799884,0.4862992733069137,-0.35616042271451465,-3885.0159999999996,-698.3827999999987,588931,1,0,0,0
2023-10-10 20:00:00+00:00,27397.31,27470.01,27322.69,27390.12,2103.50834,4.548e-05,0.00012791000000000007,0.00034586999999999997,0.8768025683663239,0,0,7772.451,8648.445,-875.9939999999997,0.4733268513484282,0.48843869130689577,-0.9629125722772547,-1980.000000000001,-1000.1735999999992,202700,1,0,0,0
2023-10-11 00:00:00+00:00,27390.12,27477.39,27011.01,27016.05,6378.12491,5.918e-05,0.00012360000000000005,0.00040191,1.2023776628668246,0,0,31876.888,39760.768000000004,-7883.880000000005,0.44497391148588106,0.48457553972241607,-2.1185352891976432,-10021.395000000004,-2528.9780000000005,607820,1,0,0,0
2023-10-11 04:00:00+00:00,27016.04,27143.91,26964.89,27021.95,4779.75697,5.918e-05,0.00012360000000000005,0.00040191,1.2023776628668246,0,0,19206.827,19278.596999999998,-71.7699999999968,0.4990675690619909,0.48399446068832763,0.3339156814340456,-8831.644,-1987.1300000000003,363438,0,1,0,0
2023-10-11 08:00:00+00:00,27021.95,27332.0,27017.0,27196.26,4863.81154,8.33e-05,0.00018796000000000004,0.00047546999999999997,1.7359773743870468,0,0,28835.969,28587.740999999998,248.2280000000028,0.5021613720186313,0.4841068702091282,0.47653373795171644,-7707.421999999999,-1968.9873999999995,558098,1,0,0,0
2023-10-11 12:00:00+00:00,27196.26,27262.45,26727.56,26779.46,8800.53993,8.33e-05,0.00018796000000000004,0.00047546999999999997,1.7359773743870468,0,0,45283.257,54485.236000000004,-9201.979000000007,0.45388334170788763,0.4824240575944839,-1.5828931713292418,-9025.521,-3557.0790000000006,949137,1,0,0,0
2023-10-11 16:00:00+00:00,26779.45,26795.63,26538.66,26763.2,9821.60446,6.319e-05,0.00020567000000000008,0.00048703,1.100784411049493,0,0,46290.163,45818.304000000004,471.85899999999674,0.5025614311874281,0.4813921321160851,0.5433027733850837,-8481.892000000007,-3287.5084000000015,893377,0,1,0,0
2023-10-11 20:00:00+00:00,26763.19,26885.41,26680.0,26875.52,2705.60925,6.319e-05,0.00020567000000000008,0.00048703,1.100784411049493,0,0,15271.238,13491.583,1779.6549999999988,0.5309367255736146,0.4851285494378172,1.815017549324079,-6950.465000000011,-1354.801400000001,304276,1,0,0,0
2023-10-12 00:00:00+00:00,26875.52,26947.04,26735.83,26847.07,4058.09199,0.0001,0.00024649000000000003,0.00054711,1.975819570711488,0,0,15585.907,15081.946,503.96099999999933,0.5082164375836808,0.4904466157317537,0.7586431988761441,2755.474999999995,-1239.6552000000015,315612,0,1,0,0
2023-10-12 04:00:00+00:00,26847.07,26920.81,26783.14,26810.66,2775.84887,0.0001,0.00024649000000000003,0.00054711,1.975819570711488,0,0,10423.145,12111.8,-1688.6549999999988,0.46253252448585963,0.4866163843333391,-1.1801663715359798,594.9609999999993,-1627.031800000002,258587,1,0,0,0
2023-10-12 08:00:00+00:00,26810.66,26867.14,26655.6,26837.84,5012.39582,2.661e-05,0.00018980000000000003,0.0005385699999999999,0.016994273451562715,0,0,20584.496,20601.392,-16.89600000000064,0.4997948811981424,0.48774550456515453,0.46026236476734156,-1201.5900000000001,209.98479999999927,420701,0,1,0,0
2023-10-12 12:00:00+00:00,26837.84,26862.74,26621.76,26675.0,4568.56033,2.661e-05,0.00018980000000000003,0.0005385699999999999,0.016994273451562715,0,0,25356.978,26985.608000000004,-1628.6300000000047,0.4844425913538165,0.48885707856569327,-0.212077311169923,-3334.181000000004,-210.11300000000102,549042,1,0,0,0
2023-10-12 16:00:00+00:00,26674.99,26804.99,26555.0,26712.9,4951.99519,7.304e-05,0.00019965000000000006,0.00053323,1.1685147064735588,0,0,29113.485,29155.525999999998,-42.04099999999744,0.49963925078460664,0.4943236124955659,0.41116797088360424,-1687.5670000000027,-574.4522000000003,579372,0,1,0,0
2023-10-12 20:00:00+00:00,26712.91,26775.0,26706.44,26759.63,2061.74892,7.304e-05,0.00019965000000000006,0.00053323,1.1685147064735588,0,0,7217.001,8061.755999999999,-844.7549999999992,0.472355244605304,0.4916523800498972,-0.7656453091717379,-2515.4260000000013,-844.1954,182983,0,1,0,0
2023-10-13 00:00:00+00:00,26759.63,26876.06,26750.0,26781.69,2278.52858,2.294e-05,0.00012259000000000006,0.00049268,-0.14136792831534328,0,0,12392.777,11609.090999999999,783.6860000000015,0.5163255209969491,0.49306879494772893,1.3374950445850622,-103.10999999999513,-349.7271999999999,236354,1,0,0,0
2023-10-13 04:00:00+00:00,26781.69,26943.0,26773.84,26875.0,2673.92674,2.294e-05,0.00012259000000000006,0.00049268,-0.14136792831534328,0,0,11913.552,10624.617000000002,1288.9349999999977,0.5285944923032567,0.5005399100072658,1.752457961686606,1227.866,-88.56100000000023,225181,1,0,0,0
2023-10-13 08:00:00+00:00,26874.99,26903.94,26737.4,26820.92,3719.69143,2.039e-05,0.00011637000000000005,0.00049413,-0.2124608034618466,0,0,12480.627,13517.573,-1036.946,0.4800573501242394,0.49828950190094695,-0.4642555770246281,1035.6749999999993,29.775800000000707,256706,1,0,0,0
2023-10-13 12:00:00+00:00,26820.91,26966.85,26685.96,26706.83,5169.59481,2.039e-05,0.00011637000000000005,0.00049413,-0.2124608034618466,0,0,25584.02,27289.429,-1705.4089999999997,0.4838727278789776,0.49358310213148326,-0.2606083982917921,-1453.420000000002,-302.89779999999973,539616,1,0,0,0
2023-10-13 16:00:00+00:00,26706.83,26807.1,26685.0,26778.57,3064.36424,2.326e-05,6.659000000000005e-05,0.00047190999999999997,-0.13472783626626367,0,0,12297.648,12128.74,168.90799999999945,0.5034574903174387,0.4931072074048591,0.6159188695893795,-2573.447,-100.1652,249344,1,0,0,0
2023-10-13 20:00:00+00:00,26778.57,27130.0,26747.24,26862.0,7209.65919,2.326e-05,6.659000000000005e-05,0.00047190999999999997,-0.13472783626626367,0,0,46133.2,47250.880000000005,-1117.6800000000076,0.49401568233043575,0.4962555231893167,0.18491023364320947,-2654.1810000000078,-480.4384000000018,742195,0,1,0,0
2023-10-14 00:00:00+00:00,26862.0,26989.58,26845.0,26930.78,2165.1795,1.05e-06,4.4700000000000057e-05,0.00041378,-0.6748996379838328,0,0,10708.341,8942.650000000001,1765.690999999999,0.5449262584263562,0.500768660912138,2.213383216445386,816.9189999999908,-385.0872000000016,194250,1,0,0,0
2023-10-14 04:00:00+00:00,26930.77,26939.35,26841.76,26868.8,2702.47424,1.05e-06,4.4700000000000057e-05,0.00041378,-0.6748996379838328,0,0,6610.863,8143.558,-1532.6949999999997,0.44805980526108075,0.4971303823028645,-1.7851924879775443,-884.6840000000084,-484.23700000000156,158706,1,0,0,0
2023-10-14 08:00:00+00:00,26868.8,26900.0,26847.87,26872.35,1215.45022,2.211e-05,4.6420000000000054e-05,0.00035258999999999996,-0.0791959784053069,0,0,5149.842,4214.051,935.7909999999993,0.5499680528173485,0.5021632625061387,2.123817589296786,1168.7869999999984,44.002999999998245,114649,1,0,0,0
2023-10-14 12:00:00+00:00,26872.35,26943.39,26850.44,26942.56,1523.17658,2.211e-05,4.6420000000000054e-05,0.00035258999999999996,-0.0791959784053069,0,0,6712.148,6572.068,140.07999999999993,0.5052724225501903,0.5054549803006273,0.4365806842430548,-456.8240000000005,38.237399999998345,150485,1,0,0,0
2023-10-14 16:00:00+00:00,26942.56,26953.18,26850.0,26864.29,1640.26284,2.456e-05,4.772000000000005e-05,0.00031396,-0.06321636433314688,0,0,5730.834,7248.308,-1517.4740000000002,0.44154182148558047,0.4979766103494905,-1.7846803371270492,-441.603000000001,-41.72140000000017,156308,1,0,0,0
2023-10-14 20:00:00+00:00,26864.29,26883.57,26789.0,26852.48,1170.71238,2.456e-05,4.772000000000005e-05,0.00031396,-0.06321636433314688,0,0,5722.423,6409.695000000001,-687.2720000000008,0.4716755145309335,0.4922847125722581,-0.7146250327121453,-2064.666000000001,-532.3140000000001,138337,1,0,0,0
2023-10-15 00:00:00+00:00,26852.48,26916.77,26815.76,26880.46,1322.5614,-1.509e-05,3.1580000000000053e-05,0.00019886999999999997,-1.2449841221237454,0,0,5736.232,4990.290000000001,745.9419999999991,0.5347709164256597,0.4977560692024001,1.461866914033105,-1458.804000000002,-76.58660000000036,127256,1,0,0,0
2023-10-15 04:00:00+00:00,26880.46,26889.22,26871.86,26882.52,757.14626,-1.509e-05,3.1580000000000053e-05,0.00019886999999999997,-1.2449841221237454,0,0,2336.667,2115.981,220.6859999999997,0.5247814334301746,0.5018469397575199,1.0588076375087483,279.35599999999795,-219.60760000000028,62149,1,0,0,0
2023-10-15 08:00:00+00:00,26882.51,26919.0,26843.79,26852.47,1287.85693,4.292e-05,5.239000000000006e-05,0.00021517999999999998,0.39448717762697694,0,0,4478.161,5252.5689999999995,-774.4079999999994,0.4602081241592358,0.49752200314169953,-1.142503937953113,192.21999999999935,-402.5052000000002,120684,1,0,0,0
2023-10-15 12:00:00+00:00,26852.48,26965.28,26808.25,26898.87,2674.18648,4.292e-05,5.239000000000006e-05,0.00021517999999999998,0.39448717762697694,0,0,13565.975,13112.956,453.01900000000023,0.5084902015002025,0.4989694550586762,0.49458015648163745,-100.70299999999952,-8.406600000000072,256998,1,0,0,0
2023-10-15 16:00:00+00:00,26898.87,27081.0,26893.41,27043.75,2777.70323,2.224e-05,5.007000000000006e-05,0.00016437999999999997,-0.32213547668133546,0,0,18524.222,14995.428,3528.7940000000017,0.5526376916226751,0.49974059837830814,1.8086565133544692,3207.4050000000025,834.8066000000005,316107,1,0,0,0
2023-10-15 20:00:00+00:00,27043.75,27293.33,27015.0,27154.15,6455.2374,2.224e-05,5.007000000000006e-05,0.00016437999999999997,-0.32213547668133546,0,0,40127.243,34764.738,5362.505000000005,0.5358015967023225,0.5085147775224323,1.1843523901975124,9344.318000000007,1758.1192000000017,638005,1,0,0,0
2023-10-16 00:00:00+00:00,27154.14,27285.91,27112.66,27235.92,4516.03559,5.11e-06,7.027000000000006e-05,0.00014654999999999998,-0.9298176918359641,0,0,14769.582,15563.911999999998,-794.3299999999981,0.4869067177028799,0.5022086440109854,-0.4185886772754056,8096.969000000008,1555.116000000002,323446,0,1,0,0
2023-10-16 04:00:00+00:00,27235.92,27980.0,27193.98,27849.06,14546.31979,5.11e-06,7.027000000000006e-05,0.00014654999999999998,-0.9298176918359641,0,0,72734.334,62684.52799999999,10049.806000000011,0.5371063744428749,0.5053920392002539,1.1698415795256696,14617.981000000018,3719.958800000004,1064790,1,0,0,0
2023-10-16 08:00:00+00:00,27849.05,27902.99,27641.72,27749.6,5907.32864,2.8e-07,2.763000000000006e-05,0.00012643999999999996,-1.0632586670324122,0,0,24092.93,27576.191,-3483.2609999999986,0.4662926237897486,0.5078671194306706,-1.0539141494059612,5772.215000000015,2932.702800000004,497532,1,0,0,0
2023-10-16 12:00:00+00:00,27749.61,30000.0,27709.04,28064.16,36786.47368,2.8e-07,2.763000000000006e-05,0.00012643999999999996,-1.0632586670324122,0,0,239515.544,220915.173,18600.370999999985,0.5201988815181503,0.5127194561293924,0.5990592649754534,25166.915999999997,5947.0182,3392652,1,0,0,0
2023-10-16 16:00:00+00:00,28064.16,28808.51,28064.16,28468.85,11103.90409,9.644e-05,0.00010183000000000006,0.00019962,2.0337830645336092,0,0,50458.624,48944.776999999995,1513.8470000000088,0.5076146640093331,0.5100038308877598,0.1826447855369218,16630.956999999995,5177.286600000001,1026450,1,0,1,0
2023-10-16 20:00:00+00:00,28468.86,28643.0,28230.37,28500.78,5539.16266,9.644e-05,0.00010183000000000006,0.00019962,2.0337830645336092,0,0,22305.923,23442.264,-1136.3410000000003,0.4875804805117195,0.5062837355959142,-0.42930891468654236,18977.876999999993,5108.884400000001,549351,0,1,1,0
2023-10-17 00:00:00+00:00,28500.77,28549.34,28231.01,28269.99,6029.14123,2.04e-06,9.876000000000006e-05,0.00020061,-1.1148096622726809,0,0,16576.095,19549.167,-2973.072,0.45885051297344226,0.5061479744773348,-1.2861695721642807,-2595.5659999999916,2504.308799999999,425736,1,0,0,0
2023-10-17 04:00:00+00:00,28270.0,28475.82,28069.32,28430.63,7626.94163,2.04e-06,9.876000000000006e-05,0.00020061,-1.1148096622726809,0,0,27733.207,25826.670000000002,1906.5369999999966,0.5177981831436991,0.5070787726416845,0.5572602153879429,-2202.876000000004,3582.268399999998,549779,1,0,0,0
2023-10-17 08:00:00+00:00,28430.62,28609.38,28350.11,28422.63,5901.16695,1.493e-05,0.00011341000000000005,0.00019343,-0.6672546278502673,0,0,26319.836,27402.329,-1082.4930000000022,0.48992508027180215,0.5008075115065972,-0.3433136338506907,-2149.0280000000057,-354.3043999999994,594473,1,0,0,0
2023-10-17 12:00:00+00:00,28422.63,28580.34,28135.35,28461.72,9714.28566,1.493e-05,0.00011341000000000005,0.00019343,-0.6672546278502673,0,0,48628.189,50225.648,-1597.4590000000026,0.4919200961314228,0.49641936144950727,-0.2872879559453702,-773.4150000000081,-976.5656000000017,1045373,0,1,0,0
2023-10-17 16:00:00+00:00,28461.72,28613.65,28306.42,28516.47,5911.15044,-2.311e-05,-6.139999999999948e-06,0.00014576,-1.7719255391266637,0,0,23840.43,23546.211000000003,294.2189999999973,0.5031044508936601,0.49803913476858525,0.07537918870687864,-2385.7330000000075,-690.4536000000022,536797,1,0,0,0
2023-10-17 20:00:00+00:00,28516.47,28556.56,28373.33,28395.91,3245.75941,-2.311e-05,-6.139999999999948e-06,0.00014576,-1.7719255391266637,0,0,11570.579,12971.396999999999,-1400.8179999999993,0.47146077398168756,0.4914745747224666,-0.9594556772697642,-2704.0580000000045,-376.002800000002,267563,1,0,0,0
2023-10-18 00:00:00+00:00,28395.91,28514.66,28320.29,28514.42,2906.41295,-3.343e-05,-4.160999999999995e-05,0.00012742,-1.9439430651823995,0,0,13277.927,12625.452000000001,652.4749999999985,0.5125943993638822,0.4961047522798799,0.3917153425495737,-454.12400000000343,-626.8152000000016,327328,1,0,0,0
2023-10-18 04:00:00+00:00,28514.43,28982.36,28441.71,28494.55,9157.86875,-3.343e-05,-4.160999999999995e-05,0.00012742,-1.9439430651823995,0,0,50584.134,48294.59100000001,2289.5429999999906,0.5115775309602748,0.4952426172240923,0.38175073307981516,1541.1999999999898,47.591999999996915,909486,0,1,0,0
2023-10-18 08:00:00+00:00,28494.55,28599.0,28236.41,28340.64,5054.62129,-1.216e-05,-6.869999999999995e-05,7.233999999999997e-05,-1.2677171278866048,0,0,27083.895,28982.052,-1898.1569999999992,0.483072104355965,0.4927883612587555,-0.5694475593864055,1043.8609999999899,-12.547600000002422,542588,1,0,0,0
2023-10-18 12:00:00+00:00,28340.65,28405.29,28142.87,28247.45,6975.16584,-1.216e-05,-6.869999999999995e-05,7.233999999999997e-05,-1.2677171278866048,0,0,28823.1,29322.516000000003,-499.4160000000047,0.49570547158705824,0.4936008603662894,-0.1629134899889783,-108.03000000001339,-171.27460000000283,645824,1,0,0,0
2023-10-18 16:00:00+00:00,28247.46,28437.41,28230.2,28245.62,5434.84346,1.644e-05,-2.9149999999999943e-05,6.653999999999997e-05,-0.40952237688181053,0,0,19611.572,18235.494,1376.0780000000013,0.5181794541220184,0.49953375448114706,0.5690028775898237,-1021.4950000000026,384.1045999999973,424095,0,1,0,0
2023-10-18 20:00:00+00:00,28245.63,28374.27,28190.81,28320.0,2633.56362,1.644e-05,-2.9149999999999943e-05,6.653999999999997e-05,-0.40952237688181053,0,0,10052.747,10283.148000000001,-230.40100000000166,0.4943351153219467,0.49718744769897183,-0.224255688702666,646.260999999995,207.52939999999725,252411,0,1,0,0
2023-10-19 00:00:00+00:00,28320.0,28418.0,28100.66,28260.0,5118.8446,-1.028e-05,-5.999999999999946e-06,5.114999999999998e-05,-1.1107795571171761,0,0,18349.32,19237.023,-887.7030000000013,0.4881911496417728,0.49701405463596887,-0.37941646954007996,257.97399999999834,-427.91980000000115,394166,1,0,0,0
2023-10-19 04:00:00+00:00,28260.0,28349.39,28230.0,28330.82,3083.94309,-1.028e-05,-5.999999999999946e-06,5.114999999999998e-05,-1.1107795571171761,0,0,10061.271,9969.022,92.2489999999998,0.5023027371591618,0.4980523187387428,0.04783723141505171,-1025.8550000000032,-29.838600000001314,241239,1,0,0,0
2023-10-19 08:00:00+00:00,28330.82,28514.21,28280.96,28450.69,5223.26623,-1.028e-05,-5.999999999999946e-06,5.114999999999998e-05,-1.1107795571171761,0,0,20792.71,20425.828999999998,366.8810000000012,0.5044504367318793,0.4981869173225647,0.19323586753608182,-428.5730000000003,143.42079999999987,418803,1,0,0,0
2023-10-19 12:00:00+00:00,28450.7,28814.14,28420.0,28680.09,10201.17617,-6.24e-06,-7.999999999994587e-08,4.4629999999999984e-05,-0.9424210237976893,0,0,55580.416,55354.58500000001,225.83099999999104,0.5010178527875074,0.5011426252031466,0.0654003460507554,684.960999999992,-86.6286000000022,1031491,1,0,0,0
2023-10-19 16:00:00+00:00,28680.09,28916.89,28457.56,28750.75,8031.46796,-0.00011006,-0.00012657999999999994,-0.00016187000000000002,-3.0889206279563326,0,0,43869.702,43802.704000000005,66.99799999999232,0.5003820928559893,0.49992139455235735,-0.039335429968959064,659.7099999999846,-27.148800000003394,862634,1,0,0,1
2023-10-19 20:00:00+00:00,28750.75,28882.07,28598.6,28713.71,4236.80374,-0.00011006,-0.00012657999999999994,-0.00016187000000000002,-3.0889206279563326,0,0,17989.164,18241.461,-252.29699999999866,0.49651818040676915,0.4984154594970069,-0.24789858412654936,40.53199999998469,99.93239999999714,405542,1,0,0,1
2023-10-20 00:00:00+00:00,28713.71,29400.0,28578.29,29235.38,9163.6178,-9.272e-05,-0.00020901999999999995,-0.00025663000000000004,-2.3372730687123062,0,0,61504.399,49472.816,12031.582999999999,0.5542074469971155,0.5055289937611219,2.158011644740679,11846.283999999992,2487.7991999999967,970941,1,0,0,1
2023-10-20 04:00:00+00:00,29235.37,29400.0,29111.28,29240.51,9839.47459,-9.272e-05,-0.00020901999999999995,-0.00025663000000000004,-2.3372730687123062,0,0,32563.238,32638.063,-74.82499999999709,0.49942620009990296,0.5059010666124063,-0.10660402764007389,11704.461000000003,2399.4579999999974,724878,0,1,0,1
2023-10-20 08:00:00+00:00,29240.52,30207.55,29227.75,29839.99,19249.91571,-9.272e-05,-0.00020901999999999995,-0.00025663000000000004,-2.3372730687123062,0,0,101190.774,86533.552,14657.222000000009,0.5390392186039864,0.5079870430606032,1.4959758216328978,26613.98000000001,5285.736200000001,1730729,1,0,0,1
2023-10-20 12:00:00+00:00,29839.99,29910.0,29380.0,29550.98,12314.89184,1.938e-05,-0.00018339999999999996,-0.00025218000000000007,0.07134237920507167,0,0,53421.461,61559.38999999999,-8137.928999999989,0.46461180740434777,0.5050147122688432,-1.5929390868331406,6444.468000000023,3644.7508000000043,1147306,1,0,0,0
2023-10-20 16:00:00+00:00,29550.98,29592.71,29321.0,29561.41,5075.99041,2.687e-05,-4.646999999999995e-05,-0.00020220000000000004,0.24712290548380725,0,0,18875.944,19013.333000000002,-137.38900000000285,0.4981869672519747,0.5060142940298634,-0.13876648000508426,6381.904000000017,3667.7324000000035,436973,0,1,0,0
2023-10-20 20:00:00+00:00,29561.4,29790.59,29513.5,29669.04,3778.20885,2.687e-05,-4.646999999999995e-05,-0.00020220000000000004,0.24712290548380725,0,0,18783.813,15448.544000000005,3335.268999999993,0.5487151527427689,0.5106555355882241,2.0366666145549903,-4940.048999999999,1928.4696000000026,379706,1,0,0,0
2023-10-21 00:00:00+00:00,29669.05,29699.68,29464.77,29604.43,2997.17987,-1.585e-05,3.0400000000000055e-05,-0.00018462000000000003,-0.628113239106781,0,0,15112.024,14804.136,307.887999999999,0.5051458475954133,0.5107250766745776,0.12344133337531843,3505.767999999989,2005.0122000000017,320974,0,1,0,0
2023-10-21 04:00:00+00:00,29604.42,29730.88,29541.86,29695.8,2576.21292,-1.585e-05,3.0400000000000055e-05,-0.00018462000000000003,-0.628113239106781,0,0,12672.485,10761.918999999998,1910.5660000000025,0.5407641261113362,0.5146997040069603,1.6579120777285754,5553.7229999999945,-544.3189999999995,274561,1,0,0,0
2023-10-21 08:00:00+00:00,29695.8,29878.83,29634.56,29804.99,4484.08264,4.374e-05,5.476000000000005e-05,-0.00012872000000000003,0.725347304833486,0,0,19009.938,16521.965,2487.972999999998,0.5350104102220474,0.5181625357435662,1.3272973198512634,4706.427,1580.861399999998,415291,1,0,0,0
2023-10-21 12:00:00+00:00,29804.99,29980.0,29678.69,29937.36,5565.77149,4.374e-05,5.476000000000005e-05,-0.00012872000000000003,0.725347304833486,0,0,23268.878,22656.912999999997,611.9650000000038,0.5066625417513223,0.5191769718780215,0.10535287234610505,5010.504000000004,1730.7321999999992,531485,1,0,0,0
2023-10-21 16:00:00+00:00,29937.37,30379.99,29846.0,30145.04,8767.01436,5.827e-05,8.616000000000006e-05,-8.689000000000003e-05,1.061701651203249,0,0,50115.039,45111.986,5003.053,0.5262690817023844,0.5163831353485484,0.9299336956087516,8102.991000000002,2064.2890000000007,997036,1,0,0,0
2023-10-21 20:00:00+00:00,30145.03,30158.2,29850.0,29909.8,3127.25769,5.827e-05,8.616000000000006e-05,-8.689000000000003e-05,1.061701651203249,0,0,12972.665,15188.007999999998,-2215.342999999997,0.46066601462259094,0.5125071168008172,-1.7927950319330943,3399.6750000000065,1559.6428000000014,374574,1,0,0,0
2023-10-22 00:00:00+00:00,29909.8,30075.0,29843.2,29907.38,3204.67567,2.567e-05,0.00012768000000000005,-5.0940000000000024e-05,0.40790389208935435,0,0,13015.123,12125.473000000002,889.6499999999978,0.5176934946172318,0.5103725444021417,0.5160879674220102,3677.3600000000006,1355.4596000000006,314364,0,1,0,0
2023-10-22 04:00:00+00:00,29907.38,30248.0,29640.0,29816.26,7070.12608,2.567e-05,0.00012768000000000005,-5.0940000000000024e-05,0.40790389208935435,0,0,30233.52,33332.704,-3099.1839999999975,0.4756223997197002,0.5114736036336771,-1.2436250599721161,-4424.876999999997,238.0282000000014,656878,1,0,0,0
2023-10-22 08:00:00+00:00,29816.27,29991.05,29780.11,29909.67,3326.38573,2.579e-05,0.00010973000000000005,-1.8910000000000027e-05,0.41162417838885856,0,0,17826.049,17619.315000000002,206.73399999999674,0.5029162346872781,0.5119465303772073,-0.08981966264242082,-2002.800000000003,156.98199999999997,448664,1,0,0,0
2023-10-22 12:00:00+00:00,29909.66,29974.46,29781.0,29825.6,3134.79556,2.579e-05,0.00010973000000000005,-1.8910000000000027e-05,0.41162417838885856,0,0,11246.784,11994.592,-747.8080000000009,0.48391214014178846,0.5054662291171093,-0.8929438641852674,-3640.2580000000016,-993.1902000000002,316326,1,0,0,0
2023-10-22 16:00:00+00:00,29825.61,29946.77,29805.13,29842.75,2320.10659,3.115e-05,8.261000000000005e-05,0.00012229999999999996,0.5999298668553332,0,0,9112.766,8591.467,521.2989999999991,0.5147224395431307,0.506423888311881,0.4111194648522326,-19.775000000005093,-445.8618000000009,244598,1,0,0,0
2023-10-22 20:00:00+00:00,29842.75,30051.79,29714.28,29992.46,3796.456,3.115e-05,8.261000000000005e-05,0.00012229999999999996,0.5999298668553332,0,0,17276.839,16228.125999999997,1048.7130000000034,0.5156501133488723,0.5039124870356347,0.40181034564404305,822.2040000000015,-414.0491999999998,422012,1,0,0,0
2023-10-23 00:00:00+00:00,29992.46,30799.0,29883.6,30736.69,12607.00915,8.25e-05,0.00013944000000000006,0.00029752,1.7549902457340698,0,0,70539.447,58153.747,12385.699999999997,0.5481210373875716,0.5052235497521871,1.696436239160954,13955.712,2682.927599999999,1219998,1,0,0,0
2023-10-23 04:00:00+00:00,30736.68,30985.12,30426.82,30518.02,11075.97196,8.25e-05,0.00013944000000000006,0.00029752,1.7549902457340698,0,0,54191.906,55656.986000000004,-1465.0800000000017,0.4933313847171076,0.5038904340487657,-0.5781972015595521,11969.332999999999,2348.564799999999,1129323,1,0,0,0
2023-10-23 08:00:00+00:00,30518.02,30784.54,30355.06,30657.04,7640.53796,8.25e-05,0.00013944000000000006,0.00029752,1.7549902457340698,0,0,34492.64,33045.56,1447.0800000000017,0.5107130483193215,0.5023348307104594,0.11200787977789388,12367.699999999997,2787.5424,714287,1,0,0,0
2023-10-23 12:00:00+00:00,30657.04,30970.0,30395.01,30883.33,8833.86153,9.59e-05,0.00020955000000000005,0.00037403999999999996,1.8866789225413427,0,0,44951.316,44710.347,240.96899999999732,0.5013437682948173,0.5064026060776821,-0.29591601975023224,222.96899999999732,2731.4763999999996,961872,1,0,0,0
2023-10-23 16:00:00+00:00,30883.33,31440.06,30777.0,31354.42,19477.08264,9.59e-05,0.00020955000000000005,0.00037403999999999996,1.8866789225413427,0,0,109188.083,104862.403,4325.679999999993,0.5101043451963945,0.5056436911355983,0.09013139736579376,6013.728999999992,3386.8697999999977,2017838,1,0,0,0
2023-10-23 20:00:00+00:00,31354.42,34741.91,31318.88,33069.99,33879.17922,6.48e-06,0.00018488000000000006,0.00035364999999999995,-0.11301260331804551,0,0,201007.463,176941.63800000004,24065.824999999953,0.5318373888657563,0.5112651900502038,0.957803249620699,28632.473999999944,5722.894799999989,3473246,1,0,0,0
2023-10-24 00:00:00+00:00,33069.99,35280.0,32832.34,34061.6,34138.22019,0.0001,0.00020238000000000005,0.00046950000000000003,1.8057688648314116,0,0,145026.673,136248.729,8777.944000000018,0.5156038244680919,0.5125339490282853,0.2337695300158869,37169.448999999964,7771.499599999993,2924751,1,0,0,0
2023-10-24 04:00:00+00:00,34061.59,34594.56,33706.32,33999.98,18126.45664,0.0001,0.00020238000000000005,0.00046950000000000003,1.8057688648314116,0,0,60524.158,60389.418,134.74000000000524,0.5005571748204685,0.5141984524961531,-0.4100533531914824,32978.50899999998,7509.031599999993,1473753,0,1,0,0
2023-10-24 08:00:00+00:00,33999.98,34876.4,33948.97,34542.91,16414.89876,0.0001,0.00020648000000000007,0.00052576,1.662870480943345,0,0,53240.026,52021.515,1218.5109999999986,0.5057880161568221,0.5133050101575224,-0.1874381028680527,10131.195000000022,7704.539999999994,1266200,1,0,0,0
2023-10-24 12:00:00+00:00,34542.9,34835.74,33200.0,33668.9,23998.26959,0.0001,0.00020648000000000007,0.00052576,1.662870480943345,0,0,100024.016,108260.67499999999,-8236.658999999985,0.4802274018305071,0.5097627390056858,-1.2249927504785028,-6883.407999999981,5192.072199999998,2363364,1,0,0,0
2023-10-24 16:00:00+00:00,33668.89,34386.12,33380.01,33796.5,13340.86259,0.0001,0.00030000000000000003,0.00056749,1.5428547556394894,0,0,60133.955,58394.937000000005,1739.0179999999964,0.5073358401089246,0.505684219277821,-0.09889940648415059,-5279.12999999999,726.7108000000065,1658341,1,0,0,0
2023-10-24 20:00:00+00:00,33796.5,34250.0,33485.1,33922.73,9246.31641,0.0001,0.00030000000000000003,0.00056749,1.5428547556394894,0,0,44343.397,43385.564,957.8329999999987,0.5054590467565209,0.5068969854817624,-0.19118365042080232,-5539.80799999999,-837.3113999999972,1170263,1,0,0,0
2023-10-25 00:00:00+00:00,33922.73,34399.82,33773.74,33999.39,7966.44126,0.0001,0.00030000000000000003,0.00064182,1.4262625053454823,0,0,27500.364,30094.884,-2594.519999999997,0.4774762667920104,0.5035733073290313,-1.3092310319900293,102.33099999999831,-1383.1633999999976,844421,0,1,0,0
2023-10-25 04:00:00+00:00,33999.39,34204.78,33679.05,33857.53,6800.4179,0.0001,0.00030000000000000003,0.00064182,1.4262625053454823,0,0,25807.766,28301.518,-2493.7520000000004,0.47695633895284956,0.5011345643948346,-1.2643923777331578,-4130.4389999999985,-2125.6159999999973,815871,1,0,0,0
2023-10-25 08:00:00+00:00,33857.53,34446.42,33783.0,34199.2,7981.4462,0.0001,0.00030000000000000003,0.00071603,1.347949449566308,0,0,38938.061,34852.333,4085.728000000003,0.5276846875217932,0.5028925986273745,0.9273208981097097,-1002.5439999999944,338.8614000000001,993288,1,0,0,0
2023-10-25 12:00:00+00:00,34199.2,35000.0,34199.19,34839.8,14860.99739,0.0001,0.00030000000000000003,0.00071603,1.347949449566308,0,0,70262.479,62985.257,7277.222000000009,0.5273071131204811,0.5024395710528469,0.8611585989959017,8869.198000000011,1446.5022000000026,1799703,1,0,0,0
2023-10-25 16:00:00+00:00,34839.8,35132.85,34380.85,34738.54,10912.04662,0.0001,0.00030000000000000003,0.00071603,1.347949449566308,0,0,47741.046,49222.066999999995,-1481.0209999999934,0.4923629669356841,0.5001154852996061,-0.7171133108809559,9881.929000000018,958.7314000000042,1342321,1,0,0,0
2023-10-25 20:00:00+00:00,34738.54,34850.23,34250.0,34496.05,6365.67592,0.0001,0.00030000000000000003,0.00078488,1.263461508469394,0,0,23422.132,26239.236999999997,-2817.104999999996,0.4716368572118904,0.4972234535387483,-1.5674596429420977,2979.0960000000196,914.2144000000044,734807,1,0,0,0
2023-10-26 00:00:00+00:00,34496.05,34824.13,34421.98,34793.29,4707.32825,0.0001,0.00030000000000000003,0.00078488,1.263461508469394,0,0,17859.021,17536.905,322.1160000000018,0.5045501846737955,0.4970996703904456,-0.048846452167436195,-3976.0099999999875,1477.388000000005,564471,1,0,0,0
2023-10-26 04:00:00+00:00,34793.29,34810.0,34410.02,34647.34,6314.66045,0.0001,0.00030000000000000003,0.00080238,1.1808491995636206,0,0,20883.852,22063.739,-1179.8870000000024,0.48626364165571007,0.497703294372966,-0.8383369908953279,-3674.8759999999966,424.2650000000038,610410,1,0,0,0
2023-10-26 08:00:00+00:00,34647.35,34745.86,33960.39,34102.66,9246.8653,0.0001,0.00030000000000000003,0.00080648,1.1045752661755806,0,0,36953.052,41831.846,-4878.793999999994,0.4690372512762535,0.49387343548969886,-1.5516239690899953,-5736.564999999995,-2006.9381999999969,1029864,1,0,0,0
2023-10-26 12:00:00+00:00,34102.66,34370.0,33862.0,34044.43,10140.67337,0.0001,0.00030000000000000003,0.00080648,1.1045752661755806,0,0,48352.487,52330.814999999995,-3978.327999999994,0.48024335753310915,0.49135186656735763,-0.9603930736176491,-10037.008999999991,-2506.399599999997,1202094,1,0,0,0
2023-10-26 16:00:00+00:00,34044.44,34123.6,33751.0,34044.02,6049.7206,0.0001,0.00030000000000000003,0.0009000000000000001,1.1001167953542008,0,0,27733.817,27106.554,627.262999999999,0.5057189893919573,0.4941761388273524,0.27375882103334936,-8229.85899999999,-1817.525999999998,720986,0,1,0,0
2023-10-26 20:00:00+00:00,34044.02,34278.0,34023.74,34151.66,3285.41458,0.0001,0.00030000000000000003,0.0009000000000000001,1.1001167953542008,0,0,13610.312,13290.564,319.7479999999996,0.5059430778388034,0.4970748127159477,0.22673807432531393,-3031.3169999999955,-1817.9995999999985,400808,1,0,0,0
2023-10-27 00:00:00+00:00,34151.66,34171.28,33780.0,34117.08,4153.96403,0.0001,0.00030000000000000003,0.0009000000000000001,1.0306492666360192,0,0,20215.795,20904.609000000004,-688.8140000000058,0.49162442567441694,0.4934687865312101,-0.46942957872794217,258.19699999999284,-1719.7849999999992,572627,1,0,0,0
2023-10-27 04:00:00+00:00,34117.09,34245.0,33921.84,33942.0,4632.17928,0.0001,0.00030000000000000003,0.0009000000000000001,1.0306492666360192,0,0,16388.955,18265.756,-1876.8009999999995,0.47292141608106325,0.48803021682726844,-1.4261456778819823,-2245.8670000000056,-1119.3864,485375,1,0,0,0
2023-10-27 08:00:00+00:00,33941.99,34177.0,33935.59,34047.01,4103.34074,0.0001,0.00030000000000000003,0.0009000000000000001,0.9693840747323783,0,0,15883.844,15761.991,121.85299999999916,0.5019252612547591,0.48898644625917587,0.07117091228217366,-2443.762000000006,-299.3502000000015,430992,1,0,0,0
2023-10-27 12:00:00+00:00,34047.0,34195.21,33820.48,33999.48,8705.71,0.0001,0.00030000000000000003,0.0009000000000000001,0.9693840747323783,0,0,34702.796,36079.172999999995,-1376.3769999999931,0.49027734732838535,0.4908504952708254,-0.5448345622397763,-3131.3249999999935,-700.0781999999999,906570,1,0,0,0
2023-10-27 16:00:00+00:00,33999.48,34033.48,33390.95,33698.54,7648.42293,0.0001,0.00030000000000000003,0.0009000000000000001,0.9067561697853794,0,0,34697.758,40738.032999999996,-6040.274999999994,0.45996413028929467,0.48639188983237525,-1.9077880193161425,-7294.798999999988,-1972.0827999999988,877090,1,0,0,0
2023-10-27 20:00:00+00:00,33698.54,33941.11,33679.44,33892.02,3086.78408,0.0001,0.00030000000000000003,0.0009000000000000001,0.9067561697853794,0,0,12039.366,12374.902,-335.53600000000006,0.49312828056118657,0.48707835372292285,-0.2501227282512183,-7752.187999999987,-1901.4271999999976,341072,0,1,0,0
2023-10-28 00:00:00+00:00,33892.01,34146.0,33860.0,34060.0,2335.65739,0.0001,0.00030000000000000003,0.0009000000000000001,0.8483636719659597,0,0,11804.928,10585.881000000001,1219.0469999999987,0.5272220400790342,0.49289683260320094,1.587856616159479,-5156.763999999996,-1282.2575999999979,314616,1,0,0,0
2023-10-28 04:00:00+00:00,34059.99,34185.0,34019.33,34044.99,2291.45877,0.0001,0.00030000000000000003,0.0009000000000000001,0.8483636719659597,0,0,9212.578,9344.622000000001,-132.0440000000017,0.4964422434418985,0.49451672119407997,-0.0612568123498475,751.4669999999969,-1333.036999999998,295864,1,0,0,0
2023-10-28 08:00:00+00:00,34045.0,34493.33,34031.26,34175.84,4892.05545,0.0001,0.00030000000000000003,0.0009000000000000001,0.8483636719659597,0,0,21130.93,19171.953,1958.976999999999,0.5243031869457081,0.49637514094945506,1.367826429644589,3045.979999999996,-665.9661999999996,471481,1,0,0,0
2023-10-28 12:00:00+00:00,34175.85,34239.7,33907.79,34192.98,3899.8391,0.0001,0.00030000000000000003,0.0009000000000000001,0.7920234947355427,0,0,17459.258,18084.975,-625.7169999999969,0.49119805173458103,0.4949006383390328,-0.3383110487975265,1201.2160000000003,416.9453999999998,459962,0,1,0,0
2023-10-28 16:00:00+00:00,34192.97,34219.58,34077.0,34112.07,2130.66221,0.0001,0.00030000000000000003,0.0009000000000000001,0.7426489003220162,0,0,5493.112,6627.322999999999,-1134.2109999999993,0.45321079647718915,0.49105927541930994,-2.0566027244549945,199.0490000000027,257.21039999999994,222534,1,0,0,0
2023-10-28 20:00:00+00:00,34112.07,34190.0,34060.78,34081.0,1330.45852,0.0001,0.00030000000000000003,0.0009000000000000001,0.7426489003220162,0,0,4460.348,4939.023999999999,-478.6759999999995,0.4745368094804632,0.49122081475924995,-0.9728269889652972,-2238.6039999999957,-82.3341999999997,187633,1,0,0,0
2023-10-29 00:00:00+00:00,34081.01,34099.62,33952.0,33970.87,2004.83179,0.0001,0.00030000000000000003,0.0009000000000000001,0.6903754121055803,0,0,7302.315,8091.94,-789.625,0.4743532571079276,0.4884636143445668,-0.918813792253332,-2402.511999999999,-213.85039999999935,254454,1,0,0,0
2023-10-29 04:00:00+00:00,33970.87,34136.28,33930.0,34076.61,1406.72939,0.0001,0.00030000000000000003,0.0009000000000000001,0.6903754121055803,0,0,6885.743,6358.824999999999,526.9180000000015,0.5198918530223108,0.4914250649139594,1.313193737570743,-741.382999999998,-500.26219999999887,206941,1,0,0,0
2023-10-29 08:00:00+00:00,34076.6,34321.89,34074.44,34253.81,2878.54864,0.0001,0.00030000000000000003,0.0009000000000000001,0.6398270101534043,0,0,16118.515,13146.57,2971.9449999999997,0.5507762919533635,0.5005062810803663,2.4586859266331715,2709.238000000001,219.27020000000047,386111,1,0,0,0
2023-10-29 12:00:00+00:00,34253.81,34559.22,34253.8,34449.99,5341.38473,0.0001,0.00030000000000000003,0.0009000000000000001,0.6398270101534043,0,0,23734.495,22667.954,1066.5409999999974,0.5114922921417359,0.5023426822384212,0.6906820512525929,4565.403999999999,659.4205999999998,591640,1,0,0,0
2023-10-29 16:00:00+00:00,34449.99,34750.11,34372.0,34561.97,5585.25816,0.0001,0.00030000000000000003,0.0009000000000000001,0.6257950959594363,0,0,22348.222,22748.987999999998,-400.765999999996,0.4955566430827983,0.4991761425387976,0.010602256369272216,3637.720000000001,675.0026000000005,627978,0,1,0,0
2023-10-29 20:00:00+00:00,34561.97,34720.0,34400.61,34525.89,3468.76905,0.0001,0.00030000000000000003,0.0009000000000000001,0.6257950959594363,0,0,12562.73,13931.253,-1368.523000000001,0.4741729471178418,0.49694921290639194,-0.8745749907745369,-702.7479999999996,559.2230000000003,396754,1,0,0,0
2023-10-30 00:00:00+00:00,34525.88,34570.51,34181.47,34270.42,4239.81737,0.0001,0.00030000000000000003,0.0009000000000000001,0.6389986919710826,0,0,14960.63,17254.325000000004,-2293.695000000005,0.464400152041187,0.4909589094159398,-1.2562907860833905,-4062.984000000002,-4.89960000000101,433823,1,0,0,0
2023-10-30 04:00:00+00:00,34270.42,34348.55,34114.74,34193.46,3937.4944,0.0001,0.00030000000000000003,0.0009000000000000001,0.6389986919710826,0,0,14696.148,17483.457000000002,-2787.309000000003,0.4566913733092746,0.48750824157340916,-1.5061595749079468,-6449.527000000009,-1156.7504000000015,435900,1,0,0,0
2023-10-30 08:00:00+00:00,34193.46,34679.81,34161.1,34608.51,6064.00017,0.0001,0.00030000000000000003,0.0009000000000000001,0.5883222399612158,0,0,28759.49,25990.067999999996,2769.422000000006,0.5252917292957873,0.49471633485526906,1.3365348153046794,-2311.582000000002,-816.1741999999998,684502,1,0,0,0
2023-10-30 12:00:00+00:00,34608.51,34856.0,34470.0,34656.32,8870.13568,0.0001,0.00030000000000000003,0.0009000000000000001,0.5883222399612158,0,0,37674.27,39038.079000000005,-1363.8090000000084,0.4911108901123598,0.49637374291845865,-0.03290817856547478,-1381.6960000000054,-1008.7828000000023,925243,0,1,0,0
2023-10-30 16:00:00+00:00,34656.33,34656.33,34062.84,34432.11,7331.80509,0.0001,0.00030000000000000003,0.0009000000000000001,0.5380865525409856,0,0,31215.515,34827.465,-3611.949999999997,0.47265455011266905,0.49620387221893275,-0.7905983766875522,-2206.3369999999995,-1457.4682000000016,731754,1,0,0,0
2023-10-30 20:00:00+00:00,34432.12,34569.68,34320.0,34474.73,3214.70705,0.0001,0.00030000000000000003,0.0009000000000000001,0.5380865525409856,0,0,10214.084,9727.817000000001,486.2669999999998,0.5121920924188722,0.4954338961585889,0.8356499926173211,-4489.492000000006,-901.4758000000005,306685,1,0,0,0
2023-10-31 00:00:00+00:00,34474.74,34600.0,34202.33,34209.33,5051.31409,0.0001,0.00030000000000000003,0.0009000000000000001,0.5380865525409856,0,0,15002.919,17405.860999999997,-2402.9419999999973,0.4629276078889733,0.4866490277521499,-1.1785762891548681,-5528.6249999999945,-824.6023999999994,429169,1,0,0,0
2023-10-31 04:00:00+00:00,34209.32,34352.25,34082.89,34145.21,5057.82579,0.0001,0.00030000000000000003,0.0009000000000000001,0.5033456828174262,0,0,18426.327,19415.24,-988.9130000000005,0.48693350885812947,0.4841931494237893,-0.17819590072144537,-2905.587999999998,-1576.2694000000006,471395,1,0,0,0
2023-10-31 08:00:00+00:00,34145.22,34535.75,34025.0,34488.27,5689.4344,0.0001,0.00030000000000000003,0.0009000000000000001,0.4537977871346775,0,0,29037.573,24081.891999999996,4955.681000000004,0.5466465635525509,0.4893021414707645,2.0626149358556245,1563.8260000000064,-312.3713999999982,644792,1,0,0,0
2023-10-31 12:00:00+00:00,34488.26,34514.0,34130.0,34272.19,6831.14765,0.0001,0.00030000000000000003,0.0009000000000000001,0.4537977871346775,0,0,31209.664,33603.58899999999,-2393.924999999992,0.4815321335591658,0.4900380601148969,-0.4805161185501562,1572.8430000000117,-68.76639999999716,783873,1,0,0,0
2023-10-31 16:00:00+00:00,34272.19,34588.0,34223.26,34540.3,4824.38383,0.0001,0.00030000000000000003,0.0009000000000000001,0.4103589452732244,0,0,24050.053,20682.136,3367.9170000000013,0.5376453408081594,0.4973625789915942,1.5979076602081956,5929.673000000013,507.56360000000313,510922,1,0,0,0
2023-10-31 20:00:00+00:00,34540.3,34720.49,34430.0,34639.77,5283.79246,0.0001,0.00030000000000000003,0.0009000000000000001,0.4103589452732244,0,0,19706.401,19828.912,-122.5109999999986,0.4984506130000792,0.5015385029606747,0.1424858539228536,851.4810000000107,963.6498000000029,478427,0,1,0,0
2023-11-01 00:00:00+00:00,34639.78,34668.05,34400.0,34418.4,3748.08595,0.0001,0.00030000000000000003,0.0009000000000000001,0.35446150849699287,0,0,11038.69,14943.316,-3904.626,0.4248590351337768,0.49149523354447355,-2.284983829105748,-659.2199999999975,380.5072000000029,356006,1,0,0,0
2023-11-01 04:00:00+00:00,34418.39,34498.57,34316.0,34451.28,3216.51258,0.0001,0.00030000000000000003,0.0009000000000000001,0.35446150849699287,0,0,11162.204,9845.499000000002,1316.704999999998,0.5313386237419674,0.4955180069074343,1.2258027788519954,-2710.4320000000007,-347.2879999999983,283376,1,0,0,0
2023-11-01 08:00:00+00:00,34451.28,34493.48,34345.0,34424.07,3350.79713,0.0001,0.00030000000000000003,0.0009000000000000001,0.2932529372069033,0,0,9555.153,10109.425000000001,-554.2720000000008,0.4859068422419235,0.49684323612035985,-0.2629205853413173,-3142.193000000003,20.64259999999995,258775,1,0,0,0
2023-11-01 12:00:00+00:00,34424.07,35200.0,34097.39,34291.94,18986.89718,0.0001,0.00030000000000000003,0.0009000000000000001,0.2932529372069033,0,0,96239.276,99171.51400000001,-2932.238000000012,0.49249724644171383,0.49487375152264396,-0.046879502682385964,-2169.805000000015,-1239.3884000000028,1865919,1,0,0,0
2023-11-01 16:00:00+00:00,34291.94,34738.07,34280.02,34557.67,9620.10712,0.0001,0.00030000000000000003,0.0009000000000000001,0.2224788049558721,0,0,39152.544,37753.958999999995,1398.5850000000064,0.5090927616355148,0.4994902668972981,0.45793935686475723,-2087.9250000000065,-935.1692000000018,919710,1,0,0,0
2023-11-01 20:00:00+00:00,34557.67,35582.0,34540.0,35421.43,14550.88169,0.0001,0.00030000000000000003,0.0009000000000000001,0.2224788049558721,0,0,68285.804,61957.40299999999,6328.401000000013,0.5242945530356912,0.5032263713150542,0.9225757552686114,4794.748000000007,1111.4362000000008,1359221,1,0,0,0
2023-11-02 00:00:00+00:00,35421.43,35984.99,35362.0,35571.68,9449.66438,0.0001,0.00030000000000000003,0.0009000000000000001,0.2224788049558721,0,0,42413.124,43418.77,-1005.6459999999934,0.49414176972489976,0.4979758919322892,-0.0455689394688575,6721.340000000026,646.9660000000025,1023578,0,1,0,0
2023-11-02 04:00:00+00:00,35571.68,35600.0,35063.25,35279.85,6885.55379,0.0001,0.00030000000000000003,0.0009000000000000001,0.19068232968712057,0,0,29682.704,36693.966,-7011.261999999999,0.4471857958526694,0.4945412581616395,-1.5168297473912171,-1688.5069999999796,-644.4319999999971,771375,1,0,0,0
2023-11-02 08:00:00+00:00,35279.86,35478.02,35095.0,35373.56,5508.48405,0.0001,0.00030000000000000003,0.0009000000000000001,0.18257311655132416,0,0,18363.529,19476.122,-1112.5930000000008,0.4852985826957019,0.4893065823503937,-0.23949245144167358,-9129.500999999993,-280.5029999999948,447046,0,1,0,0
2023-11-02 12:00:00+00:00,35373.56,35457.96,34537.99,34640.01,12490.69697,0.0001,0.00030000000000000003,0.0009000000000000001,0.18257311655132416,0,0,52938.141,60290.312999999995,-7352.171999999991,0.46753390274144346,0.48621491132453015,-0.7917449097436416,-15476.026999999991,-2030.6543999999944,951183,1,0,0,0
2023-11-02 16:00:00+00:00,34640.01,35017.42,34300.0,35000.01,8717.23406,0.0001,0.00030000000000000003,0.0009000000000000001,0.0,0,0,35587.881,35059.411,528.4700000000012,0.5037401999782243,0.49410302780897497,0.34598925214842347,-7936.294999999991,-3190.6405999999965,664861,1,0,0,0
2023-11-02 20:00:00+00:00,35000.0,35097.19,34706.51,34941.59,4963.94407,0.0001,0.00030000000000000003,0.0009000000000000001,0.0,0,0,16719.489,19578.277000000002,-2858.7880000000005,0.46062033128980995,0.4870311985637592,-1.0718315405627485,-9682.48999999999,-3561.268999999998,382462,1,0,0,0
2023-11-03 00:00:00+00:00,34941.58,34946.5,34366.7,34681.92,6231.00684,0.0001,0.00030000000000000003,0.0009000000000000001,0.0,0,0,21668.686,22668.481999999996,-999.7959999999948,0.4887250805013077,0.48731302238969754,-0.15764448000294887,-3330.113999999994,-2358.9757999999974,502233,1,0,0,0
2023-11-03 04:00:00+00:00,34681.91,34696.4,34310.0,34464.97,5176.71251,0.0001,0.00030000000000000003,0.0009000000000000001,0.0,0,0,19434.093,22103.273,-2669.1800000000003,0.46787013408601785,0.484850311154128,-0.7972080895123471,-6527.763999999996,-2670.2931999999973,460870,1,0,0,0
2023-11-03 08:00:00+00:00,34464.98,34626.12,34120.0,34252.4,9096.58315,0.0001,0.00030000000000000003,0.0009000000000000001,0.0,0,0,32705.071,33053.569,-348.49800000000323,0.4973501733004211,0.48367605232061867,0.266666378027362,-4017.4739999999983,-1269.5583999999994,701806,1,0,0,0
2023-11-03 12:00:00+00:00,34252.39,34848.79,34150.68,34763.71,8827.89146,0.0001,0.00030000000000000003,0.0009000000000000001,0.0,0,0,37788.323,36404.528,1383.7949999999983,0.5093256626571744,0.48217916328276694,0.701523549913169,-1633.8830000000053,-1098.4934,785379,1,0,0,0
2023-11-03 16:00:00+00:00,34763.71,34822.15,34323.37,34530.71,6448.30059,0.0001,0.00030000000000000003,0.0009000000000000001,0.0,0,0,26671.775,32705.949,-6034.173999999999,0.44918823429473315,0.47768380973975033,-1.364141303146146,-4998.877000000004,-1733.5705999999998,571155,1,0,0,0
2023-11-03 20:00:00+00:00,34530.71,34740.0,34485.65,34716.78,3290.71189,0.0001,0.00030000000000000003,0.0009000000000000001,0.0,0,0,10933.951,9910.499000000002,1023.4519999999975,0.5245497482543314,0.48542020497991656,1.1792710292792048,-3626.9270000000033,-1328.9210000000014,257354,1,0,0,0
2023-11-04 00:00:00+00:00,34716.78,34786.68,34632.47,34708.9,2289.85455,0.0001,0.00030000000000000003,0.0009000000000000001,0.0,0,0,7640.215,8581.679,-941.4639999999999,0.4709816868486503,0.4839885153952113,-0.6605503277465192,-5952.1860000000015,-983.3778000000013,209272,1,0,0,0
2023-11-04 04:00:00+00:00,34708.91,35000.0,34585.18,34767.99,4121.79956,0.0001,0.00030000000000000003,0.0009000000000000001,0.0,0,0,21200.39,19408.373,1792.0169999999998,0.522064412550562,0.48944156637612324,1.0238984349564904,1874.0049999999974,-555.2748000000007,389880,1,0,0,0
2023-11-04 08:00:00+00:00,34767.99,34884.93,34680.13,34712.37,2852.30152,0.0001,0.00030000000000000003,0.0009000000000000001,0.0,0,0,8355.986,8726.292999999998,-370.30699999999706,0.489161077394884,0.4879836541177891,-0.0718277000041658,480.2460000000028,-906.0951999999997,224608,1,0,0,0
2023-11-04 12:00:00+00:00,34712.37,34803.97,34644.0,34709.91,2652.63136,0.0001,0.00030000000000000003,0.0009000000000000001,0.0,0,0,7928.534,8231.107,-302.5730000000003,0.4906380036536703,0.4909854213541752,-0.01908680385198135,1119.1370000000024,240.225,197246,1,0,0,0
2023-11-04 16:00:00+00:00,34709.91,34795.46,34692.52,34730.73,1532.96881,0.0001,0.00030000000000000003,0.0009000000000000001,0.0,0,0,4290.606,4225.603000000001,65.00299999999879,0.5038164281783126,0.49249455612187576,0.4117557324189852,-607.8769999999986,48.53520000000026,127419,1,0,0,0
2023-11-04 20:00:00+00:00,34730.74,35255.0,34708.54,35062.07,4927.99965,0.0001,0.00030000000000000003,0.0009000000000000001,0.0,0,0,24057.919,18100.169,5957.75,0.5706596323818101,0.502773505951455,2.433483667021594,5720.1799999999985,1428.3780000000002,433085,1,0,0,0
2023-11-05 00:00:00+00:00,35062.06,35300.0,34935.0,35277.01,3702.56606,0.0001,0.00030000000000000003,0.0009000000000000001,0.0,0,0,16494.921,14541.585000000003,1953.3359999999957,0.5314683618059326,0.5061853248020061,1.1090140362798562,7976.0889999999945,1460.6417999999994,355597,1,0,0,0
2023-11-05 04:00:00+00:00,35277.02,35305.75,35043.92,35162.46,3529.75253,0.0001,0.00030000000000000003,0.0009000000000000001,0.0,0,0,13284.39,14337.865000000002,-1053.4750000000022,0.4809306843340632,0.503345826969695,-0.48393097048993233,6857.6109999999935,1324.0081999999984,308171,1,0,0,0
2023-11-05 08:00:00+00:00,35162.46,35188.68,35000.2,35085.98,3592.01797,0.0001,0.00030000000000000003,0.0009000000000000001,0.0,0,0,9765.926,10087.983,-322.0570000000007,0.49188933020696324,0.507615936560918,-0.0839810135004178,577.8039999999928,1320.1113999999984,268930,1,0,0,0
2023-11-05 12:00:00+00:00,35085.97,35172.2,34757.47,34882.92,4242.30621,0.0001,0.00030000000000000003,0.0009000000000000001,0.0,0,0,20958.166,24280.431999999997,-3322.265999999996,0.4632806259822641,0.5014890243337112,-0.9964448420463478,-4697.797999999999,642.6575999999993,475953,1,0,0,0
2023-11-05 16:00:00+00:00,34882.92,35278.54,34867.14,34988.21,3621.09621,0.0001,0.00030000000000000003,0.0009000000000000001,0.0,0,0,19711.601,17793.229000000003,1918.3719999999958,0.5255749992734269,0.5069483555761889,1.0675797589980722,-1725.951000000001,-165.2180000000015,413685,1,0,0,0
2023-11-05 20:00:00+00:00,34988.2,35380.0,34448.0,35011.88,5840.99478,0.0001,0.00030000000000000003,0.0009000000000000001,0.0,0,0,33991.596,36115.645,-2124.048999999999,0.4848514292553604,0.5032270572466688,-0.26899248282060845,-3527.9429999999993,-980.6950000000004,660899,0,1,0,0
2023-11-06 00:00:00+00:00,35011.89,35118.71,34830.0,34978.38,3649.8404,0.0001,0.00030000000000000003,0.0009000000000000001,0.0,0,0,14619.476,14972.076,-352.59999999999854,0.49404221853588487,0.5037151713607688,-0.044926691573271886,-558.2770000000019,-840.5199999999998,347103,1,0,0,0
2023-11-06 04:00:00+00:00,34978.38,35024.99,34725.9,34904.72,3041.02859,0.0001,0.00030000000000000003,0.0009000000000000001,0.0,0,0,10895.936,11141.798,-245.862000000001,0.494421794908678,0.5040935504862696,0.01458414645616173,-2722.5109999999986,-825.2809999999997,288522,1,0,0,0
2023-11-06 08:00:00+00:00,34904.72,35276.33,34827.01,35232.45,4297.55628,0.0001,0.00030000000000000003,0.0009000000000000001,0.0,0,0,21605.021,20364.902000000002,1240.1189999999988,0.5147739013007004,0.5051892977985084,0.7428036353479182,641.6569999999992,87.19599999999919,447141,1,0,0,0
2023-11-06 12:00:00+00:00,35232.45,35250.0,34902.06,35080.95,5415.59252,0.0001,0.00030000000000000003,0.0009000000000000001,0.0,0,0,26185.166,27236.060999999998,-1050.8949999999968,0.49016406905067905,0.49713974146539525,-0.17861740591120942,-56.63799999999901,-506.6573999999993,578194,1,0,0,0
2023-11-06 16:00:00+00:00,35080.95,35111.1,34810.64,35054.68,3397.16247,0.0001,0.00030000000000000003,0.0009000000000000001,0.0,0,0,16680.938,16883.352000000003,-202.4140000000043,0.4969846822322176,0.49369137350802383,0.09309013427219849,-13.190000000002328,-122.33040000000037,402646,1,0,0,0
2023-11-06 20:00:00+00:00,35054.67,35150.0,34892.03,35046.09,2545.2906,0.0001,0.00030000000000000003,0.0009000000000000001,0.0,0,0,10756.504,10885.985,-129.48099999999977,0.49700863888622054,0.49529916896323956,0.13126318602788192,-1382.7900000000009,-77.70660000000062,269069,1,0,0,0
2023-11-07 00:00:00+00:00,35046.09,35053.41,34790.64,34919.01,3383.15291,0.0001,0.00030000000000000003,0.0009000000000000001,0.0,0,0,12108.882,12800.294,-691.4120000000003,0.486121339381118,0.494722369880655,-0.2782856709037039,-1023.3070000000043,-166.81660000000048,302022,1,0,0,0
2023-11-07 04:00:00+00:00,34919.01,34971.77,34822.36,34937.71,2463.23402,0.0001,0.00030000000000000003,0.0009000000000000001,0.0,0,0,7593.495,7971.961,-378.46600000000035,0.48784275899144874,0.49717858318157343,-0.28008654630231805,-1199.3590000000004,-490.5336000000003,214340,0,1,0,0
2023-11-07 08:00:00+00:00,34937.71,34975.9,34551.0,34627.83,5977.50833,0.0001,0.00030000000000000003,0.0009000000000000001,0.0,0,0,25808.798,32206.285,-6397.487000000001,0.4448635883189204,0.48910744208612283,-1.860128149758305,-7467.365000000002,-1559.8520000000012,586530,1,0,0,0
2023-11-07 12:00:00+00:00,34627.83,34840.88,34523.06,34721.23,5012.74142,0.0001,0.00030000000000000003,0.0009000000000000001,0.0,0,0,21205.929,22252.446,-1046.5169999999998,0.48795954749803694,0.48941825391039046,-0.2368019644527376,-7822.470000000001,-1728.6726000000003,496625,0,1,0,0
2023-11-07 16:00:00+00:00,34721.23,35579.7,34560.0,35453.98,12011.04393,0.0001,0.00030000000000000003,0.0009000000000000001,0.0,0,0,58901.297,52959.113000000005,5942.183999999994,0.5265607108001839,0.49267010313682036,1.2098736514813793,-1501.820000000007,-514.3396000000015,1031028,1,0,0,0
2023-11-07 20:00:00+00:00,35453.98,35888.0,35200.18,35399.12,9841.05631,0.0001,0.00030000000000000003,0.0009000000000000001,0.0,0,0,45759.417,43958.032999999996,1801.3840000000055,0.5100392064197099,0.49423184428792355,0.5316753583336057,6697.0509999999995,-15.780400000000373,845385,0,1,0,0
2023-11-08 00:00:00+00:00,35399.13,35419.29,35231.08,35269.68,2888.44478,0.0001,0.00030000000000000003,0.0009000000000000001,0.0,0,0,11120.497,12075.542000000001,-955.0450000000019,0.47941361885104605,0.4906958160429581,-0.6493841215623128,6788.522999999997,-131.0962000000007,258858,1,0,0,0
2023-11-08 04:00:00+00:00,35269.69,35361.7,35167.78,35226.4,2664.83548,0.0001,0.00030000000000000003,0.0009000000000000001,0.0,0,0,11988.127,11799.853,188.27400000000125,0.5039573347547796,0.49207514261336815,0.26292421484282813,1034.6130000000048,1186.0559999999998,262683,0,1,0,0
2023-11-08 08:00:00+00:00,35226.39,35437.09,35185.95,35330.79,4576.58915,0.0001,0.00030000000000000003,0.0009000000000000001,0.0,0,0,13831.299,15573.029,-1741.7299999999996,0.4703831014264295,0.48941498453278937,-1.014156910440075,-2508.501,1047.0133999999998,311306,0,1,0,0
2023-11-08 12:00:00+00:00,35330.8,35469.29,35100.0,35225.68,4799.53965,0.0001,0.00030000000000000003,0.0009000000000000001,0.0,0,0,21870.406,24206.584,-2336.178,0.47464919040935616,0.4871790396851029,-0.7974846811057329,-3889.633999999998,-608.658999999999,438976,1,0,0,0
2023-11-08 16:00:00+00:00,35225.67,35768.84,35185.0,35621.99,6363.85633,0.0001,0.00030000000000000003,0.0009000000000000001,0.0,0,0,34797.891,32068.407999999996,2729.4830000000075,0.5204100050460397,0.49060790625159506,0.9203561387312531,-1348.424999999992,-423.0391999999985,626151,1,0,0,0
2023-11-08 20:00:00+00:00,35622.0,36106.0,35390.0,35624.72,12108.07598,0.0001,0.00030000000000000003,0.0009000000000000001,0.0,0,0,74250.509,71197.30399999999,3053.2050000000163,0.510495877995773,0.49287321815202756,0.5472080536439337,3446.510000000024,378.6108000000051,1200507,1,0,0,0
2023-11-09 00:00:00+00:00,35624.72,36550.0,35534.05,36438.37,11800.31687,0.0001,0.00030000000000000003,0.0009000000000000001,0.0,0,0,61999.092,54652.843,7346.248999999996,0.5314879003078689,0.5015356493509223,1.312979006634416,13128.93700000002,1810.205800000004,1059459,1,0,0,0
2023-11-09 04:00:00+00:00,36438.38,36863.91,36415.01,36533.04,9881.69266,0.0001,0.00030000000000000003,0.0009000000000000001,0.0,0,0,38477.997,38172.11099999999,305.88600000001315,0.5019953396543161,0.5029392285665503,0.14315183757225797,10705.340000000026,2219.7290000000066,789164,1,0,0,0
2023-11-09 08:00:00+00:00,36533.05,36990.0,36530.0,36805.71,7641.34765,0.0001,0.00030000000000000003,0.0009000000000000001,0.0,0,0,34079.73,33150.026999999995,929.7030000000086,0.5069143712656883,0.5009745946131007,0.3220796430988609,8581.838000000018,2872.9052000000083,662012,1,0,0,0
2023-11-09 12:00:00+00:00,36805.71,37972.24,36759.0,37084.02,25282.63532,0.0001,0.00030000000000000003,0.0009000000000000001,0.0,0,0,131013.685,120166.391,10847.293999999994,0.52159266406146,0.5021299403772757,0.8756959940136136,12082.883000000016,4496.467400000006,2067894,1,0,0,0
2023-11-09 16:00:00+00:00,37084.03,37211.1,35600.0,36382.2,20436.92683,0.00020027,0.0004002700000000001,0.0010002700000000002,5.29462246746375,0,0,100765.903,105868.248,-5102.345000000001,0.48765367444029134,0.5029539459362002,-0.4865751728792498,6674.652000000002,2865.357400000002,1940598,1,0,1,0
2023-11-09 20:00:00+00:00,36382.21,36784.57,36139.57,36701.09,7494.96952,0.00020027,0.0004002700000000001,0.0010002700000000002,5.29462246746375,0,0,31267.891,29264.019000000004,2003.8719999999958,0.5165521953627433,0.5042134319969966,0.897016919001471,7748.820999999989,1796.882000000002,626091,1,0,1,0
2023-11-10 00:00:00+00:00,36701.1,36919.06,36446.2,36733.27,5576.15963,0.0001,0.0004002700000000001,0.00100027,-0.18257318853323332,0,0,17821.03,20441.749000000003,-2620.7190000000046,0.4657536766997504,0.5037504895243287,-1.4436171641156346,-5719.19200000001,1211.5609999999986,427013,0,1,0,0
2023-11-10 04:00:00+00:00,36733.27,36807.69,36427.61,36439.98,6598.97934,0.0001,0.0004002700000000001,0.00100027,-0.18257318853323332,0,0,13639.352,15222.603999999998,-1583.2519999999968,0.47257199061629784,0.5035427695450229,-1.0869439152188227,-2200.0990000000056,708.9699999999975,350814,1,0,0,0
2023-11-10 08:00:00+00:00,36439.98,37147.2,36324.71,37071.09,7391.3202,0.00011682,0.00041709000000000006,0.00101709,0.6998101002636168,0,0,31591.742,29463.385000000002,2128.3569999999963,0.5174297975008716,0.5032447487905061,0.996264467708723,-2075.614000000005,-1034.8174000000022,636094,1,0,0,0
2023-11-10 12:00:00+00:00,37071.1,37260.19,36822.0,37082.14,9124.64217,0.00011682,0.00041709000000000006,0.00101709,0.6998101002636168,0,0,31636.764,36670.414000000004,-5033.650000000005,0.4631543115424853,0.49851059214517723,-1.5490710719753729,-4488.5450000000055,-1021.0784000000028,726766,0,1,0,0
2023-11-10 16:00:00+00:00,37082.13,37455.0,37080.0,37225.96,9459.37419,0.0001,0.00031682000000000005,0.00101709,-0.211454580887892,0,0,26507.953,27383.786,-875.8329999999987,0.4918741441986127,0.4945492165342517,-0.15486516660825916,-3781.1260000000075,-1597.0194000000017,585065,0,1,0,0
2023-11-10 20:00:00+00:00,37225.96,37526.0,37070.19,37301.63,5263.57345,0.0001,0.00031682000000000005,0.00101709,-0.211454580887892,0,0,18721.553,18220.265,501.28800000000047,0.5067848312175649,0.49502816569057656,0.5331515438951454,-5408.195000000003,-972.6180000000007,398244,1,0,0,0
2023-11-11 00:00:00+00:00,37301.63,37408.26,36900.1,37039.97,5167.05914,0.0001,0.0003168200000000001,0.00101709,-0.2114545808878913,0,0,17893.451,19160.489,-1267.0380000000005,0.48290278982477974,0.49262700754648564,-0.6035687924905849,-1641.5829999999987,-909.3752000000015,430577,1,0,0,0
2023-11-11 04:00:00+00:00,37039.97,37134.85,36920.73,37006.4,3675.17773,0.0001,0.0003168200000000001,0.00101709,-0.2114545808878913,0,0,9959.179,10827.503,-868.3240000000005,0.47911345350835693,0.48837908649117534,-0.7539036653848071,-1634.0740000000005,-1508.7114000000008,277842,1,0,0,0
2023-11-11 08:00:00+00:00,37006.4,37056.25,36910.0,36988.52,2618.7763,0.00016607,0.00036607,0.0010831600000000001,2.7706326121439395,0,0,8821.313,8445.094,376.21900000000096,0.5108945364255575,0.490703172689702,0.7729433999628906,-1759.143,-426.73759999999965,223709,0,1,1,0
2023-11-11 12:00:00+00:00,36988.51,37274.3,36951.1,37050.77,4126.50062,0.00016607,0.00036607,0.0010831600000000001,2.7706326121439395,0,0,14732.087,14945.599000000002,-213.51200000000244,0.4964028192764085,0.4886882350810685,0.06772980276017662,-705.617000000002,-294.2734000000004,332642,0,1,1,0
2023-11-11 16:00:00+00:00,37050.78,37175.0,37030.2,37148.79,3185.90598,0.00014648,0.00041255,0.00112964,1.7011975832186588,0,0,8403.9,7718.048000000001,685.851999999999,0.5212707546259298,0.49423994287368644,1.1917457433373209,848.5589999999975,-257.3606000000007,197681,1,0,0,0
2023-11-11 20:00:00+00:00,37148.79,37155.0,36666.93,37130.0,4211.55258,0.00014648,0.00041255,0.00112964,1.7011975832186588,0,0,17914.339,20418.282,-2503.9429999999993,0.46733926699142225,0.49371667051119894,-1.2493170272621619,-2031.6030000000028,-504.74160000000046,390697,1,0,0,0
2023-11-12 00:00:00+00:00,37129.99,37180.0,36731.1,36988.77,3440.45414,0.0001543,0.00046685,0.0011839399999999999,1.8450946204358196,0,0,13659.091,14198.732,-539.6409999999996,0.4903143723757596,0.49100512799868773,-0.21133741577344425,-2357.732,-439.0050000000003,330683,1,0,0,0
2023-11-12 04:00:00+00:00,36988.76,37171.1,36913.28,37127.95,2922.37844,0.0001543,0.00046685,0.0011839399999999999,1.8450946204358196,0,0,9228.691,8726.103999999998,502.5870000000032,0.5139958991456044,0.49608928675899966,0.8195304258788849,-2540.9969999999958,-413.73139999999984,216721,1,0,0,0
2023-11-12 08:00:00+00:00,37127.95,37132.36,37026.69,37055.5,2825.04469,0.00023487,0.0005356500000000001,0.00131881,3.631108171669084,0,0,6028.036,6510.758,-482.72199999999975,0.48075086009069135,0.4949769583482075,-0.8050294124476989,-519.7759999999962,-467.5733999999993,171076,1,0,1,0
2023-11-12 12:00:00+00:00,37055.49,37222.22,36931.1,37152.11,3875.65107,0.00023487,0.0005356500000000001,0.00131881,3.631108171669084,0,0,13760.475,13380.489,379.9860000000008,0.5070002303529086,0.4949984982617418,0.4622831255534839,399.8510000000042,-528.7465999999989,307294,1,0,1,0
2023-11-12 16:00:00+00:00,37152.1,37200.0,37051.95,37105.01,2221.61782,0.00023487,0.0005356500000000001,0.00131881,3.631108171669084,0,0,7353.094,7602.241999999999,-249.14799999999923,0.49167026404488673,0.4958752456837526,-0.2474749086498674,-351.8839999999982,-77.78759999999893,179607,1,0,1,0
2023-11-12 20:00:00+00:00,37105.0,37202.09,36938.23,37064.13,2402.04258,0.00027221,0.00066138,0.0013907499999999998,3.4701386206717744,0,0,9170.829,9271.503999999999,-100.67499999999927,0.4972705459770193,0.4976909549306188,0.06232097792914546,30.163000000002285,10.005600000001142,211947,1,0,1,0
2023-11-13 00:00:00+00:00,37064.13,37417.99,36852.11,36914.01,5822.70718,0.00032467,0.00083175,0.00161542,3.4331041214229168,0,0,23293.913,24633.551999999996,-1339.6389999999956,0.4860243077742585,0.49520393206548896,-0.5356870437199988,-1689.461999999994,-358.4395999999986,528119,1,0,1,0
2023-11-13 04:00:00+00:00,36914.01,37044.88,36755.0,36960.29,3900.97629,0.00032467,0.00083175,0.00161542,3.4331041214229168,0,0,14820.015,15331.384000000002,-511.3690000000024,0.49151997889053173,0.49471564802690116,-0.22762887733171164,-1951.6829999999973,-364.16899999999913,351558,0,1,1,0
2023-11-13 08:00:00+00:00,36960.28,37050.0,36692.58,36810.02,4369.7462,0.00010893,0.0007058100000000001,0.00160753,-0.3232995838803729,0,0,11922.982,13712.225999999999,-1789.2439999999988,0.4651018240226489,0.4890987549665732,-1.5781706304798582,-3640.2519999999968,-798.0149999999991,299934,1,0,0,0
2023-11-13 12:00:00+00:00,36810.02,36945.89,36534.04,36841.91,7276.03185,0.00010893,0.0007058100000000001,0.00160753,-0.3232995838803729,0,0,31374.137,31318.586,55.550999999999476,0.5004430418503276,0.49240913245246365,0.20469655172873832,-2245.0620000000017,-737.0751999999993,633455,1,0,0,0
2023-11-13 16:00:00+00:00,36841.9,37031.45,36601.0,36844.98,4846.32949,0.00020492,0.0006385200000000001,0.00171245,1.2564330610225585,0,0,19869.42,18966.372000000003,903.0479999999952,0.5116264913562211,0.4945403443505098,0.8227447245124178,-830.6450000000041,-536.3306000000005,442127,1,0,0,0
2023-11-13 20:00:00+00:00,36844.98,36875.0,36333.0,36462.93,6582.39151,0.00020492,0.0006385200000000001,0.00171245,1.2564330610225585,0,0,23653.23,28179.831000000002,-4526.601000000002,0.45633480916745395,0.48877423535269476,-1.922332379081275,-3568.0020000000077,-1173.7230000000018,536036,1,0,0,0
2023-11-14 00:00:00+00:00,36462.93,36490.22,36190.17,36448.07,4651.02522,0.00017382,0.00048767000000000005,0.0017862700000000002,0.6837581632882859,0,0,18744.745,19368.343000000004,-623.5980000000054,0.4918191094880582,0.4898810602924315,-0.07094217107940297,-4247.151000000013,-1196.1688000000024,429012,1,0,0,0
2023-11-14 04:00:00+00:00,36448.08,36714.11,36381.1,36683.86,2922.79831,0.00017382,0.00048767000000000005,0.0017862700000000002,0.6837581632882859,0,0,10795.871,10788.737000000001,7.133999999998196,0.5001652566495532,0.48919756292209593,0.38260629850843136,-5143.06500000001,-836.8932000000029,258877,1,0,0,0
2023-11-14 08:00:00+00:00,36683.86,36744.0,36236.36,36259.18,5833.01448,0.00016369,0.00054243,0.00178389,0.4770501243703827,0,0,21010.896,24644.906000000003,-3634.010000000002,0.46020210092903413,0.4860507466105107,-1.6245319841404655,-4250.474000000009,-1574.8054000000034,466927,1,0,0,0
2023-11-14 12:00:00+00:00,36259.17,36693.01,35889.0,36147.09,10629.71435,0.00016369,0.00054243,0.00178389,0.4770501243703827,0,0,50710.08,55336.284,-4626.203999999998,0.4781878235825228,0.48414247437106106,-0.64035267257908,-8253.080000000002,-2680.655800000002,990845,1,0,0,0
2023-11-14 16:00:00+00:00,36147.09,36417.23,34800.0,35293.99,15656.19522,0.00016369,0.00054243,0.00178389,0.4770501243703827,0,0,64745.453,77316.304,-12570.851000000002,0.45575568236847863,0.481115611830483,-1.6977735308788304,-20831.065000000002,-4289.505800000002,1253549,1,0,0,0
2023-11-14 20:00:00+00:00,35294.0,35673.14,35214.39,35551.19,5810.93658,0.00014477,0.0004822800000000001,0.0017821800000000002,0.13159642617313533,0,0,22114.974,21689.207,425.7669999999998,0.5048598899726033,0.48244960293869016,0.8490544165584935,-16771.288,-4079.6328000000008,418412,1,0,0,0
2023-11-15 00:00:00+00:00,35551.2,35665.45,35360.0,35381.99,5203.09563,0.0001,0.0004084600000000001,0.0017278800000000002,-0.6326164759071928,0,0,12291.419,13181.038999999999,-889.619999999999,0.48253760983726035,0.48419318152015134,-0.35548254681748964,-13034.704000000002,-4258.9836000000005,289504,1,0,0,0
2023-11-15 04:00:00+00:00,35382.0,35661.04,35375.38,35576.88,3200.65003,0.0001,0.0004084600000000001,0.0017278800000000002,-0.6326164759071928,0,0,9066.997,8768.386000000002,298.61099999999715,0.5083713088751723,0.4849860082226359,0.961370704769945,-165.242000000002,-3472.4594000000006,214945,1,0,0,0
2023-11-15 08:00:00+00:00,35576.88,36278.62,35576.88,36240.94,7279.36097,0.0001,0.0003447700000000001,0.00159301,-0.6326164759071928,0,0,30556.853,26002.736999999997,4554.116000000002,0.5402594502541479,0.4878493041124285,2.4245823462744918,3963.107,-1636.3954000000006,549216,1,0,0,0
2023-11-15 12:00:00+00:00,36240.95,36416.51,36002.35,36402.42,7663.06886,0.0001,0.0003447700000000001,0.00159301,-0.6326164759071928,0,0,31267.665,32389.93,-1122.2649999999994,0.49118514452203227,0.49133433764788637,-0.04502655508439616,3730.4619999999995,653.3218,644609,0,1,0,0
2023-11-15 16:00:00+00:00,36402.43,37774.14,36254.0,37499.99,19742.8556,0.0001,0.00030000000000000003,0.0014208,-0.6326164759071924,0,0,92750.349,85076.00499999999,7674.344000000012,0.5215781964466302,0.49431024634374354,1.4057135627743542,11106.195000000014,2103.0372000000025,1564373,1,0,0,0
2023-11-15 20:00:00+00:00,37499.99,37980.0,37306.49,37858.2,10480.10276,0.0001,0.00030000000000000003,0.0014208,-0.6326164759071924,0,0,42245.753,40221.437000000005,2024.3159999999916,0.5122734629371996,0.4955210669725082,0.9311262782025134,8576.395000000004,2685.8244000000004,854812,1,0,0,0
2023-11-16 00:00:00+00:00,37858.2,37929.54,37337.57,37454.98,5899.68672,0.0001,0.00030000000000000003,0.0011961300000000001,-0.6326164759071928,0,0,25847.679,28051.712000000003,-2204.033000000003,0.4795541938497969,0.4974562762645844,-0.6617931039039653,7494.627,2185.2956000000004,570253,1,0,0,0
2023-11-16 04:00:00+00:00,37454.99,37621.1,37307.55,37437.25,3745.59295,0.0001,0.00030000000000000003,0.0011961300000000001,-0.6326164759071928,0,0,14159.24,13387.743,771.4969999999994,0.5140032939360365,0.5010378232999357,0.9534067728583326,591.7799999999879,1428.7718,328016,0,1,0,0
2023-11-16 08:00:00+00:00,37437.25,37544.0,37121.09,37247.48,5941.88084,0.00015199,0.00035199000000000005,0.00123919,0.22667546498264282,0,0,26498.606,28817.822999999997,-2319.216999999997,0.47903681562669204,0.5033659366257571,-0.6885132302019524,-3751.7530000000006,1189.3814000000007,559332,1,0,0,0
2023-11-16 12:00:00+00:00,37247.49,37319.99,36256.15,36406.0,12973.96687,0.00015199,0.00035199000000000005,0.00123919,0.22667546498264282,0,0,62817.432,69502.58499999999,-6685.152999999991,0.47473869354173376,0.5003538169826702,-0.851152055984103,-8232.872999999989,-1682.518,1274405,1,0,0,0
2023-11-16 16:00:00+00:00,36406.0,36642.31,35500.0,35921.01,11093.12179,0.00015199,0.00035199000000000005,0.00123919,0.22667546498264282,0,0,52799.618,56907.879,-4108.260999999999,0.48127629782675657,0.5002276857816198,-0.4889295303993813,-13112.630999999987,-2909.033399999998,1060783,1,0,0,0
2023-11-16 20:00:00+00:00,35921.01,36273.32,35666.0,36163.51,7836.14649,0.00012014,0.0003721300000000001,0.00115441,-0.33394296540566565,0,0,27441.264,28212.785,-771.5210000000006,0.4930685995550836,0.49869741484961094,0.05258122438953839,-11564.93499999999,-2622.5309999999977,637352,0,1,0,0
2023-11-17 00:00:00+00:00,36163.51,36673.69,36101.44,36483.99,5583.82188,0.0001,0.0003721300000000001,0.00108059,-0.6819694245658268,0,0,20594.809,21476.591999999997,-881.7829999999958,0.48952039890470966,0.4936235097146671,-0.1258415772430823,-5761.564999999995,-2953.1869999999967,448218,0,1,0,0
2023-11-17 04:00:00+00:00,36484.0,36521.44,36145.55,36239.76,5666.70131,0.0001,0.0003721300000000001,0.00108059,-0.6819694245658268,0,0,14677.093,16626.884,-1949.7909999999974,0.46885713594793405,0.4913907088572572,-1.0972045434716047,-3603.094999999994,-2879.3017999999965,383410,1,0,0,0
2023-11-17 08:00:00+00:00,36239.76,36464.0,36121.0,36372.83,4890.8811,0.0001,0.0003721300000000001,0.00108059,-0.6819694245658268,0,0,20472.359,20454.274999999998,18.08400000000256,0.5002209319241842,0.48925498240501264,0.46019565492893344,-2813.4899999999907,-1538.654399999998,465081,1,0,0,0
2023-11-17 12:00:00+00:00,36372.82,36620.0,35861.1,36044.8,8673.98523,0.0001,0.00032014000000000006,0.0010169,-0.6819694245658268,0,0,39442.448,42723.165,-3280.717000000004,0.48003594885855716,0.48603123099714846,-0.5216463661561858,-5212.423999999999,-1373.1455999999991,832426,1,0,0,0
2023-11-17 16:00:00+00:00,36044.79,36800.0,35909.17,36322.4,9576.6353,0.0001,0.00032014000000000006,0.0010169,-0.6819694245658268,0,0,47566.939,45167.043000000005,2399.8959999999934,0.5129396794370374,0.4893697795558725,1.098279612245182,-862.7370000000083,-738.8622000000003,891921,1,0,0,0
2023-11-17 20:00:00+00:00,36322.4,36723.59,36308.0,36613.92,3891.5863,0.0001,0.00030000000000000003,0.00097213,-0.6819694245658263,0,0,16047.029,14694.414999999999,1352.6140000000014,0.5219998448999338,0.4901694346522622,1.454300355896777,471.79299999999057,-291.98280000000085,371321,1,0,0,0
2023-11-18 00:00:00+00:00,36613.91,36613.92,36360.22,36371.81,2299.53542,0.0001,0.00030000000000000003,0.0009721300000000001,-0.6819694245658263,0,0,7416.267,8437.691,-1021.4240000000009,0.4677864669503981,0.4890443997846329,-1.1025220637570294,2731.085999999994,-106.30940000000155,205270,1,0,0,0
2023-11-18 04:00:00+00:00,36371.8,36428.0,36178.58,36417.16,2814.36769,0.0001,0.00030000000000000003,0.0009721300000000001,-0.6819694245658263,0,0,9204.358,9646.288,-441.9300000000003,0.4882781205482295,0.4903983424852824,-0.13143648578360917,-110.73999999999978,-198.31220000000212,253917,0,1,0,0
2023-11-18 08:00:00+00:00,36417.15,36538.61,36375.28,36402.8,2149.96659,0.0001,0.00030000000000000003,0.00097213,-0.6819694245658268,0,0,7951.604,7848.374999999999,103.22900000000118,0.5032667448482052,0.4925973871874273,0.526647594642691,-1360.125,478.47699999999895,208912,0,1,0,0
2023-11-18 12:00:00+00:00,36402.79,36682.2,36347.69,36664.16,3645.00442,0.0001,0.00030000000000000003,0.00097213,-0.6819694245658268,0,0,12522.608,11180.502,1342.1059999999998,0.5283107575335051,0.4961216029852694,1.6129992728735292,1003.4050000000007,266.9190000000002,305815,1,0,0,0
2023-11-18 16:00:00+00:00,36664.17,36845.49,36600.1,36679.1,3784.84081,0.0001,0.00030000000000000003,0.0009721300000000001,-0.6819694245658263,0,0,14902.468,14422.744999999999,479.7230000000018,0.5081793608796635,0.4979874991827648,0.6945679473648962,1925.0580000000027,92.34080000000031,360462,1,0,0,0
2023-11-18 20:00:00+00:00,36679.09,36707.16,36443.1,36568.1,2408.52693,0.0001,0.00030000000000000003,0.0009721300000000001,-0.6819694245658263,0,0,7947.898,10240.117999999999,-2292.2199999999984,0.4369854304064831,0.4948003286286197,-2.4126318685657,-470.3909999999969,-161.8183999999992,225398,1,0,0,0
2023-11-19 00:00:00+00:00,36568.11,36573.44,36388.27,36521.11,2116.93728,0.0001,0.00030000000000000003,0.0009721300000000001,-0.6819694245658263,0,0,7179.58,7065.609,113.97099999999955,0.5040003330247145,0.49517826873867266,0.47973692182691335,-1698.525999999997,-50.63819999999923,182375,0,1,0,0
2023-11-19 04:00:00+00:00,36521.11,36669.0,36489.02,36611.5,2050.36405,0.0001,0.00030000000000000003,0.0009721300000000001,-0.6819694245658263,0,0,7679.266,6561.6810000000005,1117.5849999999991,0.5392384368820415,0.5010985175410212,1.8312685917803364,-1060.6639999999998,152.23300000000035,178411,1,0,0,0
2023-11-19 08:00:00+00:00,36611.49,36716.0,36384.02,36453.62,2580.92549,0.0001,0.00030000000000000003,0.00092014,-0.6819694245658268,0,0,9102.733,11115.435000000001,-2012.7020000000011,0.45022541112528097,0.4948270907098455,-1.737846969789331,-781.1460000000025,-518.7285999999998,236996,1,0,0,0
2023-11-19 12:00:00+00:00,36453.63,36570.0,36385.7,36568.27,2681.83136,0.0001,0.00030000000000000003,0.00092014,-0.6819694245658268,0,0,9858.186,9198.904,659.2819999999992,0.5172975517248436,0.49435686139233653,0.874101346122043,-235.83500000000276,-482.81680000000034,219927,1,0,0,0
2023-11-19 16:00:00+00:00,36568.27,36986.44,36511.11,36948.97,4671.72416,0.0001,0.00030000000000000003,0.0009000000000000001,-0.6323217011701154,0,0,19580.146,14110.447999999997,5469.698000000004,0.5811754461794293,0.5056957593152396,2.851521518442753,4116.278000000002,1069.5668,357772,1,0,0,0
2023-11-19 20:00:00+00:00,36948.97,37500.0,36800.0,37359.86,7144.56414,0.0001,0.00030000000000000003,0.0009000000000000001,-0.6323217011701154,0,0,27703.204,25557.815,2145.389000000003,0.5201403300226006,0.5088819802626767,0.7005271001191794,8274.369000000006,1475.8504000000007,531980,1,0,0,0
2023-11-20 00:00:00+00:00,37359.85,37382.68,37038.3,37114.34,4380.59501,0.0001,0.00030000000000000003,0.0009000000000000001,-0.6323217011701154,0,0,15325.959,18203.799999999996,-2877.840999999995,0.4570852716239327,0.5042638329402495,-1.4070460488186625,4737.246000000012,676.765200000002,367820,1,0,0,0
2023-11-20 04:00:00+00:00,37114.34,37257.08,37040.17,37244.47,2513.17118,0.0001,0.00030000000000000003,0.0009000000000000001,-0.6323217011701154,0,0,10568.567,9922.418000000001,646.1489999999976,0.5157666651944744,0.5030094237063464,0.5511441877214306,-86.30299999999443,1208.5354000000018,242925,1,0,0,0
2023-11-20 08:00:00+00:00,37244.47,37420.0,37061.1,37147.5,5201.70628,0.0001,0.00030000000000000003,0.0009000000000000001,-0.6194943768617714,0,0,18511.247,19518.524999999998,-1007.2779999999984,0.48675671786830593,0.5008671594052106,-0.37055237186336853,-3238.9699999999957,875.2234000000022,400380,1,0,0,0
2023-11-20 12:00:00+00:00,37147.51,37493.2,36677.0,37461.61,8457.57894,0.0001,0.00030000000000000003,0.0009000000000000001,-0.6194943768617714,0,0,37168.193,39079.272,-1911.078999999998,0.4874679177858569,0.5059154081431481,-0.34130659481276543,-2272.2079999999987,-600.9319999999982,701181,0,1,0,0
2023-11-20 16:00:00+00:00,37461.62,37750.0,36812.13,37569.23,11506.10421,0.0001,0.00030000000000000003,0.0009000000000000001,-0.6194943768617714,0,0,53665.409,56317.78,-2652.370999999999,0.48794192537915954,0.5043095673785926,-0.2895064555864695,-5570.7279999999955,-1560.4839999999986,1062185,0,1,0,0
2023-11-20 20:00:00+00:00,37569.23,37605.76,37271.1,37448.78,3963.54729,0.0001,0.00030000000000000003,0.0009000000000000001,-0.6194943768617714,0,0,16307.043,15915.823999999999,391.21900000000096,0.5060705181820103,0.5009927755085894,0.3507884656941084,-4172.230999999996,-906.6719999999993,370910,0,1,0,0
2023-11-21 00:00:00+00:00,37448.79,37649.44,37304.72,37464.86,3770.22936,0.0001,0.00030000000000000003,0.0009000000000000001,-0.619494376861771,0,0,14303.709,13919.660999999998,384.0480000000025,0.5068037232973951,0.5066506067258009,0.34598514641714934,-1877.1039999999957,-959.0921999999985,331159,1,0,0,0
2023-11-21 04:00:00+00:00,37464.86,37480.17,37241.25,37279.91,2518.10147,0.0001,0.00030000000000000003,0.0009000000000000001,-0.619494376861771,0,0,10450.906,11307.223,-856.3169999999991,0.4803219063550915,0.5029530421888256,-0.5449556642603781,-81.04999999999563,-928.8999999999985,262657,1,0,0,0
2023-11-21 08:00:00+00:00,37279.91,37418.0,37150.0,37174.97,2879.73137,0.0001,0.00030000000000000003,0.0009000000000000001,-0.5805574438622575,0,0,10617.842,11428.373,-810.530999999999,0.481617456783398,0.49299724324922245,-0.5033036727409236,-1282.7999999999956,-708.7903999999987,250935,1,0,0,0
2023-11-21 12:00:00+00:00,37174.97,37229.97,36250.0,36975.04,15562.92218,0.0001,0.00030000000000000003,0.0009000000000000001,-0.5805574438622575,0,0,75985.821,86314.13500000001,-10328.314000000013,0.4681814023412304,0.48780135048108547,-0.9621265776740369,-11995.162000000011,-2243.9790000000016,1292638,1,0,0,0
2023-11-21 16:00:00+00:00,36975.03,37500.0,36580.0,36980.0,11546.8478,0.0001,0.00030000000000000003,0.0009000000000000001,-0.5511001614807302,0,0,60104.335,60912.305,-807.9700000000012,0.49666174007144803,0.49175899732583706,0.015984193244970104,-11946.815000000013,-2483.816800000002,1107628,0,1,0,0
2023-11-21 20:00:00+00:00,36979.99,37170.0,35735.0,35741.65,11368.71586,0.0001,0.00030000000000000003,0.0009000000000000001,-0.5511001614807302,0,0,43303.769,52083.081000000006,-8779.312000000005,0.45398049102156113,0.48558037990854575,-1.387682364914753,-19915.59600000002,-4316.488800000004,932857,1,0,0,0
2023-11-22 00:00:00+00:00,35741.65,36380.0,35632.01,36380.0,8021.60838,0.0001,0.00030000000000000003,0.0009000000000000001,-0.5186492679433583,0,0,27205.789,24960.514,2245.2750000000015,0.5215203576914392,0.489056743890859,0.8555040627008091,-7342.007000000005,-3696.1704000000036,517613,1,0,0,0
2023-11-22 04:00:00+00:00,36379.99,36558.87,36325.44,36439.81,4670.23906,0.0001,0.00030000000000000003,0.0009000000000000001,-0.5186492679433583,0,0,14591.826,16133.487,-1541.661,0.47491220024349307,0.4878011721366226,-0.7159313266066696,-8075.698000000004,-3842.3964000000037,346184,0,1,0,0
2023-11-22 08:00:00+00:00,36439.8,36773.53,36391.03,36463.93,4677.7764,0.0001,0.00030000000000000003,0.0009000000000000001,-0.467465646202148,0,0,19679.158,20098.912,-419.7540000000008,0.49472380133073324,0.48847935973177997,-0.04262035873650388,283.8600000000006,-1860.6844000000012,445479,0,1,0,0
2023-11-22 12:00:00+00:00,36463.94,36650.0,36239.2,36481.14,6621.28988,0.0001,0.00030000000000000003,0.0009000000000000001,-0.467465646202148,0,0,26972.477,26096.744,875.7330000000002,0.5082508559905184,0.4886973935126308,0.38233602669959127,-1085.6820000000007,-1523.943800000001,568555,1,0,0,0
2023-11-22 16:00:00+00:00,36481.15,37431.21,36372.58,37289.98,10097.37881,0.0001,0.00030000000000000003,0.0009000000000000001,-0.41919892171922135,0,0,45264.599,39397.191999999995,5867.4070000000065,0.5346520368320581,0.4914822248660971,1.2221455076021401,6323.386000000006,1405.4000000000015,796285,1,0,0,0
2023-11-22 20:00:00+00:00,37289.98,37861.1,37214.81,37408.34,10963.01444,0.0001,0.00030000000000000003,0.0009000000000000001,-0.41919892171922135,0,0,40207.147,37581.773,2625.373999999996,0.5168749868233162,0.4951375329129196,0.6432936086096914,9368.514000000003,1481.4198000000004,757612,1,0,0,0
2023-11-23 00:00:00+00:00,37408.35,37535.1,37240.0,37299.69,4156.03807,0.0001,0.00030000000000000003,0.0009000000000000001,-0.454155289129342,0,0,12152.682,13361.833999999999,-1209.1519999999982,0.4763046259627265,0.49460624983085244,-0.7178964811239903,7283.629000000004,1547.9216000000008,299509,1,0,0,0
2023-11-23 04:00:00+00:00,37299.7,37411.59,37267.07,37369.21,2658.47303,0.0001,0.00030000000000000003,0.0009000000000000001,-0.454155289129342,0,0,8356.97,7479.327000000001,877.6429999999982,0.5277098554036969,0.5005590951370991,0.9439948621725572,2293.864999999996,1807.4010000000005,203134,1,0,0,0
2023-11-23 08:00:00+00:00,37369.22,37653.44,37159.95,37370.0,5573.62407,0.0001,0.00030000000000000003,0.0009000000000000001,-0.44171824591791176,0,0,20326.721,21353.098,-1026.3770000000004,0.4876873625578844,0.4996616573857427,-0.35785802842932757,-1357.8860000000004,1426.9790000000005,491284,0,1,0,0
2023-11-23 12:00:00+00:00,37370.0,37530.0,36870.0,36951.34,5765.71549,0.0001,0.00030000000000000003,0.0009000000000000001,-0.44171824591791176,0,0,26914.609,27881.679999999997,-967.0709999999963,0.49117576192066587,0.5033811844756533,-0.2057165574795293,-1115.8049999999985,60.08339999999989,608903,1,0,0,0
2023-11-23 16:00:00+00:00,36951.34,37350.0,36917.0,37281.42,3452.87271,0.0001,0.00030000000000000003,0.0009000000000000001,-0.44171824591791176,0,0,16322.71,14526.372,1796.3379999999997,0.529114934441161,0.5041406421506254,1.023222449289205,-197.10999999999694,-105.72379999999939,362043,1,0,0,0
2023-11-23 20:00:00+00:00,37281.42,37385.0,37203.65,37294.28,2221.20545,0.0001,0.00030000000000000003,0.0009000000000000001,-0.4090994137288702,0,0,8018.872,8675.056,-656.1840000000002,0.48034662662975425,0.5046840847892515,-0.6745025644532873,173.08300000000327,4.869800000000214,227410,0,1,0,0
2023-11-24 00:00:00+00:00,37294.27,37494.57,37251.51,37315.65,2460.68333,0.0001,0.00030000000000000003,0.0009000000000000001,-0.3605807271190694,0,0,8538.334,9559.342999999999,-1021.0089999999982,0.47179171116823454,0.5023908757730016,-0.9244268279986079,119.14500000000135,-374.86059999999907,239555,0,1,0,0
2023-11-24 04:00:00+00:00,37315.64,37567.99,37300.39,37522.99,2717.47733,0.0001,0.00030000000000000003,0.0009000000000000001,-0.3605807271190694,0,0,8827.274,7381.836000000001,1445.4379999999983,0.544587210525439,0.5060245112264937,1.5838354424247403,-231.7550000000001,119.50240000000068,204449,1,0,0,0
2023-11-24 08:00:00+00:00,37522.99,38035.46,37423.9,37741.99,11102.76664,0.0001,0.00030000000000000003,0.0009000000000000001,-0.307479727201027,0,0,52497.797,49490.809,3006.9879999999976,0.514741783998891,0.504033485943177,0.505981099898467,3431.4169999999976,914.3141999999995,881289,1,0,0,0
2023-11-24 12:00:00+00:00,37741.99,38414.0,37600.0,38221.11,13063.06947,0.0001,0.00030000000000000003,0.0009000000000000001,-0.307479727201027,0,0,56037.945,52942.215000000004,3095.729999999996,0.5142031815699297,0.5037663054178383,0.4912958977235526,7548.155999999992,1174.1925999999987,1012996,1,0,0,0
2023-11-24 16:00:00+00:00,38221.1,38349.0,37550.32,37766.11,11475.45047,0.0001,0.00030000000000000003,0.0009000000000000001,-0.2389867532775776,0,0,37409.284,41229.485,-3820.201000000001,0.4757104476037767,0.5037068875819434,-0.9127415686757392,2282.5169999999925,541.3891999999985,792559,1,0,0,0
2023-11-24 20:00:00+00:00,37766.11,37943.6,37580.0,37713.57,3861.35922,0.0001,0.00030000000000000003,0.0009000000000000001,-0.2389867532775776,0,0,13083.957,14033.444000000001,-949.487000000001,0.4824930309508643,0.49918520513666015,-0.5764509115522266,-1673.958000000006,555.693599999998,328860,1,0,0,0
2023-11-25 00:00:00+00:00,37713.57,37839.44,37676.03,37798.0,2373.98986,0.0001,0.00030000000000000003,0.0009000000000000001,-0.2389867532775776,0,0,8312.877,8291.503,21.373999999999796,0.5006436253566829,0.50048083141654,0.1520265538075244,-4748.314000000002,270.88079999999826,209740,1,0,0,0
2023-11-25 04:00:00+00:00,37797.99,37826.99,37720.0,37802.4,1474.49322,0.0001,0.00030000000000000003,0.0009000000000000001,-0.2389867532775776,0,0,5444.154,4885.844999999999,558.3090000000011,0.5270236715414978,0.5040656223786231,1.3096810297073744,-369.8040000000001,-218.855000000001,149859,1,0,0,0
2023-11-25 08:00:00+00:00,37802.4,37828.93,37591.1,37652.51,2311.89117,0.0001,0.00030000000000000003,0.0009000000000000001,-0.2389867532775776,0,0,8979.985,10130.661,-1150.6759999999995,0.4698943719641921,0.49814356613092625,-1.1887221986646939,-570.9929999999986,-1068.1362000000001,237563,1,0,0,0
2023-11-25 12:00:00+00:00,37652.51,37734.99,37620.0,37704.38,1782.5378,0.0001,0.00030000000000000003,0.0009000000000000001,-0.2389867532775776,0,0,6274.206,6106.77,167.4359999999997,0.5067618255620558,0.5007850860241565,0.3934288772900095,-424.9309999999987,-270.6088,174674,1,0,0,0
2023-11-25 16:00:00+00:00,37704.38,37835.39,37699.99,37819.43,1622.06417,0.0001,0.00030000000000000003,0.0009000000000000001,-0.2389867532775776,0,0,6077.238,5489.407,587.8310000000001,0.5254106095587787,0.5061469758632109,1.1307247441100954,-395.40899999999965,36.85480000000025,160099,1,0,0,0
2023-11-25 20:00:00+00:00,37819.43,37888.0,37711.76,37780.67,1831.16842,0.0001,0.00030000000000000003,0.0009000000000000001,-0.2389867532775776,0,0,5715.952,6880.731000000001,-1164.7790000000005,0.45376643994295957,0.49706489880496285,-1.759609202848711,-409.5120000000006,-200.3757999999998,158774,1,0,0,0
2023-11-26 00:00:00+00:00,37780.67,37784.63,37662.18,37730.38,1377.5552,0.0001,0.00030000000000000003,0.0009000000000000001,-0.2389867532775776,0,0,3728.505,4206.7699999999995,-478.2649999999994,0.469864623469256,0.4925771827519994,-1.0406711942302553,-1055.2129999999997,-407.6905999999999,115900,1,0,0,0
2023-11-26 04:00:00+00:00,37730.39,37793.67,37694.48,37789.78,1297.87233,0.0001,0.00030000000000000003,0.0009000000000000001,-0.2389867532775776,0,0,3922.897,3936.309,-13.412000000000262,0.4991467331432717,0.4910715379093336,0.09964068680940379,-1656.4560000000001,-180.23780000000005,109023,0,1,0,0
2023-11-26 08:00:00+00:00,37789.77,37814.63,37666.8,37679.31,1757.13236,0.0001,0.00030000000000000003,0.0009000000000000001,-0.1825692207267976,0,0,5166.589,6357.888999999999,-1191.2999999999993,0.4483143618305315,0.4883319293320091,-1.79150714580074,-1682.976999999999,-451.98499999999984,139314,1,0,0,0
2023-11-26 12:00:00+00:00,37679.3,37679.31,37287.0,37437.11,7053.17203,0.0001,0.00030000000000000003,0.0009000000000000001,-0.1825692207267976,0,0,27689.83,32371.25,-4681.419999999998,0.4610278403252156,0.4861854102694442,-1.2862684512874036,-5886.131999999998,-1505.8351999999995,610748,1,0,0,0
2023-11-26 16:00:00+00:00,37437.11,37500.2,37150.0,37380.07,5225.6127,0.0001,0.00030000000000000003,0.0009000000000000001,0.0,0,0,20206.288,20163.303999999996,42.984000000004016,0.5005323809068966,0.48617428582446554,0.1909916647627035,-5829.7359999999935,-1264.2825999999986,420783,0,1,0,0
2023-11-26 20:00:00+00:00,37380.07,37748.0,37320.3,37447.43,4553.19261,0.0001,0.00030000000000000003,0.0009000000000000001,0.0,0,0,22936.753,23072.26,-135.5069999999978,0.49852738636231997,0.48332465730654767,0.06289765169073396,-4773.942999999992,-1195.7309999999984,455273,0,1,0,0
2023-11-27 00:00:00+00:00,37447.42,37569.23,37200.0,37309.25,3126.25061,0.0001,0.00030000000000000003,0.0009000000000000001,0.0,0,0,13096.751,15478.399000000001,-2381.648000000001,0.45832658796191794,0.4821678789063203,-1.4035898816427852,-2474.170999999995,-1669.3781999999985,321289,1,0,0,0
2023-11-27 04:00:00+00:00,37309.26,37419.56,37051.0,37283.19,3100.46613,0.0001,0.00030000000000000003,0.0009000000000000001,0.0,0,0,12995.493,14791.480000000001,-1795.987000000001,0.46768293185443405,0.4782599895355582,-1.0256229692886407,-4313.142,-1790.3155999999988,318135,1,0,0,0
2023-11-27 08:00:00+00:00,37283.2,37466.0,36900.0,37035.95,6528.86513,0.0001,0.00030000000000000003,0.0009000000000000001,0.0,0,0,26885.853,29082.354000000003,-2196.501000000004,0.4803772434589516,0.4737566529255754,-0.5207318170744375,-6374.136000000006,-1293.3318,547472,1,0,0,0
2023-11-27 12:00:00+00:00,37035.95,37100.0,36715.0,36751.02,8123.63363,0.0001,0.00030000000000000003,0.0009000000000000001,0.0,0,0,35053.331,35724.554,-671.2229999999981,0.495258243447088,0.4779058332759883,0.060772686001383414,-4663.711000000003,-1436.1732000000004,664607,1,0,0,0
2023-11-27 16:00:00+00:00,36751.01,37143.43,36707.0,36877.0,5701.39398,0.0001,0.00030000000000000003,0.0009000000000000001,0.0,0,0,25331.567,27633.476,-2301.9089999999997,0.47826954468818234,0.4787463253978809,-0.5368689536778541,-5169.633000000002,-1869.4536000000007,527628,0,1,0,0
2023-11-27 20:00:00+00:00,36877.0,37284.0,36792.51,37242.7,3420.46428,0.0001,0.00030000000000000003,0.0009000000000000001,0.0,0,0,16142.032,13897.409,2244.6229999999996,0.5373612644789229,0.48256777853144606,1.7174464471682722,-728.5089999999982,-944.1994000000007,330195,1,0,0,0
2023-11-28 00:00:00+00:00,37242.7,37343.57,37102.47,37129.56,2560.73388,0.0001,0.00030000000000000003,0.0009000000000000001,0.0,0,0,10821.934,11888.096,-1066.1620000000003,0.47652662722154043,0.4853890050705469,-0.6102775339674408,-1123.4480000000003,-798.2344000000005,252934,1,0,0,0
2023-11-28 04:00:00+00:00,37129.55,37152.31,36868.41,37105.11,3974.8824,0.0001,0.00030000000000000003,0.0009000000000000001,0.0,0,0,15091.207,15795.916,-704.7089999999989,0.4885921877541006,0.48814543981343544,-0.10205917567950229,473.7520000000004,-499.87599999999946,343668,1,0,0,0
2023-11-28 08:00:00+00:00,37105.11,37262.02,36931.1,37251.42,3375.56303,0.0001,0.00030000000000000003,0.0009000000000000001,0.0,0,0,14228.93,12228.251,2000.679,0.5378097538055925,0.4918731771033051,1.6867934978779777,229.8080000000009,34.50440000000017,297246,1,0,0,0
2023-11-28 12:00:00+00:00,37251.43,37568.28,37142.81,37513.19,5331.32867,0.0001,0.00030000000000000003,0.0009000000000000001,0.0,0,0,27413.099,26487.850000000002,925.2489999999962,0.5085828637265737,0.49287872483973044,0.5654609998378548,2221.2189999999973,679.9359999999994,479155,1,0,0,0
2023-11-28 16:00:00+00:00,37513.2,38377.0,37513.19,38114.26,15744.36369,0.0001,0.00030000000000000003,0.0009000000000000001,0.0,0,0,72339.854,68258.365,4081.4890000000014,0.5145147251118452,0.4984975385547231,0.8215177635777892,7007.416999999998,1047.3091999999997,1054902,1,0,0,0
2023-11-28 20:00:00+00:00,38114.26,38284.66,37670.97,37818.87,6557.595,0.0001,0.00030000000000000003,0.0009000000000000001,0.0,0,0,21288.154,22584.671,-1296.5169999999998,0.48522414501459615,0.5002516598707393,-0.30055329492267835,3710.2209999999977,1001.2381999999998,421589,1,0,0,0
2023-11-29 00:00:00+00:00,37818.88,38093.72,37677.96,37940.49,4909.94962,0.0001,0.00030000000000000003,0.0009000000000000001,0.0,0,0,15804.868,14904.493,900.375,0.5146596179581855,0.5036798973206628,0.7693362247179426,3685.3470000000016,1322.2549999999997,322557,1,0,0,0
2023-11-29 04:00:00+00:00,37940.49,38235.36,37871.1,38096.69,3802.01892,0.0001,0.00030000000000000003,0.0009000000000000001,0.0,0,0,14018.322,12086.695,1931.6270000000004,0.5369972369678978,0.5078537966727438,1.6623795414927458,1535.4850000000006,1308.4445999999996,271723,1,0,0,0
2023-11-29 08:00:00+00:00,38096.7,38450.0,37878.17,38104.65,8172.68572,0.0001,0.00030000000000000003,0.0009000000000000001,0.0,0,0,34404.677,34041.983,362.69400000000314,0.5026494645611634,0.5102917886600418,0.3447481893709478,3194.6960000000036,1195.933600000001,628681,1,0,0,0
2023-11-29 12:00:00+00:00,38104.65,38280.0,37570.0,37830.75,8504.6664,0.0001,0.00030000000000000003,0.0009000000000000001,0.0,0,0,36411.244,38237.613999999994,-1826.3699999999953,0.4877669260526397,0.5053323548174135,-0.20737513650206385,467.9510000000082,14.361800000001676,679468,1,0,0,0
2023-11-29 16:00:00+00:00,37830.74,37932.77,37650.0,37874.2,4122.44625,0.0001,0.00030000000000000003,0.0009000000000000001,0.0,0,0,17923.597,17219.809999999998,703.7870000000039,0.5100130730068374,0.5086809993959431,0.6312157520763391,-759.8889999999883,414.42260000000243,380681,1,0,0,0
2023-11-29 20:00:00+00:00,37874.19,37884.72,37580.85,37854.64,3482.42416,0.0001,0.00030000000000000003,0.0009000000000000001,0.0,0,0,12646.105,13932.473000000002,-1286.3680000000022,0.4758006617208791,0.507401846792621,-0.7160330565817746,-2408.9509999999937,-22.92599999999802,294049,1,0,0,0
2023-11-30 00:00:00+00:00,37854.65,38051.84,37686.84,38051.84,3089.37694,0.0001,0.00030000000000000003,0.0009000000000000001,0.0,0,0,11972.176,10685.216,1286.9599999999991,0.5284004443229829,0.50646091584436,1.2887655887924276,704.3790000000008,-151.8593999999983,276304,1,0,0,0
2023-11-30 04:00:00+00:00,38051.84,38145.85,37767.11,37792.98,4973.86237,0.0001,0.00030000000000000003,0.0009000000000000001,0.0,0,0,14175.869,15046.802999999998,-870.9339999999975,0.4850983168137397,0.5041124611530767,-0.3287042798937602,-870.3420000000006,-398.5849999999984,326633,1,0,0,0
2023-11-30 08:00:00+00:00,37792.98,37905.26,37553.6,37885.15,4251.2581,0.0001,0.00030000000000000003,0.0009000000000000001,0.0,0,0,17834.298,16314.151999999998,1520.1460000000006,0.5222579062885724,0.5048867792707494,1.0617802608883409,1936.1720000000023,270.7182000000008,368592,1,0,0,0
2023-11-30 12:00:00+00:00,37885.15,37966.94,37500.0,37619.84,7175.66836,0.0001,0.00030000000000000003,0.0009000000000000001,0.0,0,0,32423.664,36043.40699999999,-3619.7429999999913,0.47356581092829286,0.5037209458621191,-0.798174677362844,-2970.530999999988,-593.9877999999983,660620,1,0,0,0
2023-11-30 16:00:00+00:00,37619.85,37807.37,37535.0,37749.34,3031.87293,0.0001,0.00030000000000000003,0.0009000000000000001,0.0,0,0,11176.803,10912.472000000002,264.3309999999983,0.5059832429991478,0.5028533083662153,0.49973779663180645,-1835.2659999999923,-283.84799999999814,269826,1,0,0,0
2023-11-30 20:00:00+00:00,37749.34,37809.99,37604.0,37723.96,2218.25277,0.0001,0.00030000000000000003,0.0009000000000000001,0.0,0,0,7032.113,7571.898,-539.7849999999999,0.481519289460957,0.4973055136155212,-0.5326267930008581,-3895.196999999993,-649.196999999998,193029,1,0,0,0
2023-12-01 00:00:00+00:00,37723.97,38082.42,37615.86,38043.05,4933.88554,0.0001,0.00030000000000000003,0.0009000000000000001,0.0,0,0,21013.662,20197.908,815.7540000000008,0.5098971478155285,0.4980302819409578,0.5968951459527879,540.2999999999993,-311.8593999999983,402247,1,0,0,0
2023-12-01 04:00:00+00:00,38043.04,38348.0,38022.67,38244.08,7011.86412,0.0001,0.00030000000000000003,0.0009000000000000001,0.0,0,0,24624.473,24934.618,-310.1449999999968,0.4968709575403633,0.4989406850897301,0.05284127890885256,-34.17599999999584,-677.9175999999977,474741,0,1,0,0
2023-12-01 08:00:00+00:00,38244.08,38833.0,38215.0,38580.17,11354.6813,0.0001,0.00030000000000000003,0.0009000000000000001,0.0,0,0,49691.021,42272.590000000004,7418.430999999997,0.5403335130022243,0.5019727290892688,1.778858759559477,7924.040000000001,1529.7171999999998,744121,1,0,0,0
2023-12-01 12:00:00+00:00,38580.17,38629.65,38219.0,38413.5,6597.90033,0.0001,0.00030000000000000003,0.0009000000000000001,0.0,0,0,26135.267,28116.324999999997,-1981.0579999999973,0.4817419367158848,0.5025668565887693,-0.7815714741124135,5127.228000000003,1080.6394000000007,493754,1,0,0,0
2023-12-01 16:00:00+00:00,38413.51,38999.0,38395.0,38762.4,9900.23568,0.0001,0.00030000000000000003,0.0009000000000000001,0.0,0,0,43551.102,39170.213,4380.888999999996,0.5264798075320731,0.5023747929096783,1.1364008000346868,9818.261999999995,2064.7742,673331,1,0,0,0
2023-12-01 20:00:00+00:00,38762.4,38900.0,38645.0,38682.52,3617.09627,0.0001,0.00030000000000000003,0.0009000000000000001,0.0,0,0,10384.384,12270.430999999999,-1886.0469999999987,0.4583742573046834,0.49970238695877267,-1.6658106555922911,513.7839999999997,1524.414,265667,1,0,0,0
2023-12-02 00:00:00+00:00,38682.51,38795.05,38641.61,38782.27,2236.42755,9.95e-05,0.00029950000000000007,0.0008995000000000001,-5.288857735845763,0,0,7637.615,7979.700000000001,-342.08500000000095,0.4890478933158484,0.49638138566150036,-0.46912260292677016,2152.756999999996,1518.0259999999992,188211,0,1,0,1
2023-12-02 04:00:00+00:00,38782.27,38826.94,38702.47,38702.48,2038.73396,9.95e-05,0.00029950000000000007,0.0008995000000000001,-5.288857735845763,0,0,7965.318,8227.413,-262.09500000000025,0.4919070167966108,0.4982155062483321,-0.3933739216797621,-2490.227,-18.07920000000031,184661,1,0,0,1
2023-12-02 08:00:00+00:00,38702.48,38789.52,38651.1,38740.16,2142.02023,6.973e-05,0.0002692300000000001,0.00086923,-5.293833433946702,0,0,6094.76,6799.5509999999995,-704.7909999999993,0.47267046684386627,0.494884228632804,-1.2241700914966847,-1308.9710000000005,237.1741999999993,164411,0,1,0,1
2023-12-02 12:00:00+00:00,38740.17,38869.36,38708.64,38811.75,3232.54427,6.973e-05,0.0002692300000000001,0.00086923,-5.293833433946702,0,0,10942.245,10546.266999999998,395.9780000000028,0.5092137138206685,0.49765367106877517,0.3638893984276507,-570.9079999999967,-559.8079999999993,238043,1,0,0,1
2023-12-02 16:00:00+00:00,38811.76,39705.0,38703.44,39420.0,10333.55099,8.541e-05,0.0002546400000000001,0.00085464,-2.1622954200075073,0,0,54170.305,44438.969000000005,9731.335999999996,0.5493429046034757,0.5015982467475698,1.9206260229457335,9422.523,1763.6685999999995,797906,1,0,0,1
2023-12-02 20:00:00+00:00,39419.99,39717.14,39286.54,39450.35,6713.64461,8.541e-05,0.0002546400000000001,0.00085464,-2.1622954200075073,0,0,24437.111,23971.056999999997,466.0540000000037,0.5048137950603708,0.5023925304995706,0.11222722073045657,10593.368000000002,1925.2964000000004,463765,1,0,0,1
2023-12-03 00:00:00+00:00,39450.35,39555.53,39274.86,39381.11,3283.21647,0.0001,0.00025514000000000005,0.00085464,0.24999164054529263,0,0,11094.804,11746.330999999998,-651.5269999999982,0.48573785847332024,0.49693296504668016,-0.7364030628603665,9545.863000000001,1847.4100000000005,259483,1,0,0,0
2023-12-03 04:00:00+00:00,39381.12,39490.0,39315.39,39478.72,2130.05497,0.0001,0.00025514000000000005,0.00085464,0.24999164054529263,0,0,7249.712,6691.418999999999,558.2930000000015,0.5200232319745077,0.5007610945725425,0.7194187779852167,372.820000000007,2100.026800000001,178828,1,0,0,0
2023-12-03 08:00:00+00:00,39478.71,39544.0,39400.0,39479.7,2096.23661,0.0001,0.00028541000000000005,0.00085464,0.24999164054529263,0,0,7473.931,8039.268000000001,-565.3370000000014,0.4817788387810921,0.49629099769744434,-0.8957985007197488,-658.5709999999981,1907.7638000000002,187039,0,1,0,0
2023-12-03 12:00:00+00:00,39479.69,39805.93,39381.34,39760.42,5648.4296,0.0001,0.00028541000000000005,0.00085464,0.24999164054529263,0,0,29215.19,27516.907000000003,1698.2829999999958,0.514967567653986,0.5019503287323748,0.5837922525580225,1691.238999999996,301.1532000000003,524521,1,0,0,0
2023-12-03 16:00:00+00:00,39760.42,39841.1,39430.01,39565.99,4098.19535,0.0001,0.00030000000000000003,0.0008546399999999999,0.24999164054529263,0,0,15311.993,16318.494,-1006.5010000000002,0.48408970117975103,0.5014545095187649,-0.7492693546836696,126.44499999999425,6.6421999999995025,325601,1,0,0,0
2023-12-03 20:00:00+00:00,39565.99,40250.0,39552.98,39972.26,9454.52035,0.0001,0.00030000000000000003,0.0008546399999999999,0.24999164054529263,0,0,42770.055,38489.801,4280.254000000001,0.5263368298363709,0.5048974908227409,1.059458237791872,4972.035999999996,992.9983999999993,701439,1,0,0,0
2023-12-04 00:00:00+00:00,39972.26,40884.98,39972.26,40709.77,11807.31888,0.0001,0.00030000000000000003,0.00085464,0.24999164054529263,0,0,54198.468,46472.771,7725.697,0.5383709243908282,0.511467536577437,1.4989560174231797,10999.45,2426.479199999999,793685,1,0,0,0
2023-12-04 04:00:00+00:00,40709.77,41750.0,40700.0,41441.1,14673.24426,0.0001,0.00030000000000000003,0.00085464,0.24999164054529263,0,0,65662.894,59930.87699999999,5732.017000000007,0.5228196707303263,0.512828132268403,0.8799690319479695,17737.968000000008,3685.9500000000007,949580,1,0,0,0
2023-12-04 08:00:00+00:00,41441.1,42154.83,41349.43,41596.01,19218.60165,0.0001,0.00030000000000000003,0.00085464,0.24999164054529263,0,0,69071.443,67979.541,1091.9020000000019,0.5039835613292641,0.5082921979409818,0.058446066825530156,14549.616000000009,3564.673800000002,1083809,1,0,0,0
2023-12-04 12:00:00+00:00,41596.01,41914.16,41144.87,41270.33,14452.61587,0.0001,0.00030000000000000003,0.00085464,0.24999164054529263,0,0,47207.002,51126.753000000004,-3919.751000000004,0.4800691481780595,0.5058177332527506,-0.9619291319284536,2904.168000000005,2982.0238000000013,816977,1,0,0,0
2023-12-04 16:00:00+00:00,41270.32,42049.97,41179.55,41987.28,8928.03794,0.0001,0.00030000000000000003,0.00085464,0.24999164054529263,0,0,37347.87,33285.342,4062.5280000000057,0.5287579163184594,0.5101197390372645,1.088397649014762,1234.6790000000037,2938.478600000002,567860,1,0,0,0
2023-12-04 20:00:00+00:00,41987.29,42420.0,41717.64,41991.1,10192.51199,0.0001,0.00030000000000000003,0.00085464,0.24999164054529263,0,0,36165.803,34044.095,2121.7079999999987,0.5151097499101908,0.5096283908308329,0.46546811116821546,2264.4850000000006,1817.680800000002,702937,1,0,0,0
2023-12-05 00:00:00+00:00,41991.1,41991.1,41622.21,41829.99,5569.22291,0.0001,0.00030000000000000003,0.00085514,0.24999164054529263,0,0,16845.488,18675.724,-1830.2359999999971,0.47423742185373635,0.5088742491380973,-1.210888458257373,4354.000000000007,305.23020000000105,430465,1,0,0,0
2023-12-05 04:00:00+00:00,41829.98,41919.08,41414.0,41528.0,6502.11306,0.0001,0.00030000000000000003,0.00085514,0.24999164054529263,0,0,20110.499,21112.207,-1001.7079999999987,0.487850045554991,0.5061624969281977,-0.6336454061119045,-710.2359999999971,-113.49179999999906,444609,1,0,0,0
2023-12-05 08:00:00+00:00,41528.0,41758.77,41420.0,41726.09,5282.22923,0.0001,0.00030000000000000003,0.0008854100000000001,0.24999164054529263,0,0,17909.425,17278.916999999998,630.5080000000016,0.5089590467206441,0.5086494314822871,0.2952252905699602,-2201.4359999999942,796.560000000002,387277,1,0,0,0
2023-12-05 12:00:00+00:00,41726.09,42497.0,41694.0,42268.29,11103.57913,0.0001,0.00030000000000000003,0.0008854100000000001,0.24999164054529263,0,0,50337.417,46858.95999999999,3478.4570000000094,0.51789396429869,0.507805144928519,0.6323306256655205,3107.2570000000123,679.7458000000028,818486,1,0,0,0
2023-12-05 16:00:00+00:00,42268.28,44100.0,42133.66,43814.36,25610.5034,0.0001,0.00030000000000000003,0.0009000000000000001,0.24999164054529263,0,0,136148.472,123599.19399999999,12549.27800000002,0.5241566713442577,0.506383719623862,0.8713942996159867,16658.24300000003,2765.259800000007,1981222,1,0,0,0
2023-12-05 20:00:00+00:00,43814.37,44488.0,43395.99,44073.32,13423.09871,0.0001,0.00030000000000000003,0.0009000000000000001,0.24999164054529263,0,0,52262.4,53899.337999999996,-1636.9379999999946,0.4922903579442153,0.5033307883452508,-0.5457391200448789,14390.797000000035,2803.9194000000075,895122,0,1,0,0
2023-12-06 00:00:00+00:00,44073.82,44146.08,43565.62,43736.06,8344.08213,0.0001,0.00030000000000000003,0.0009000000000000001,0.24999164054529263,0,0,24729.958,27506.472999999998,-2776.5149999999994,0.473423576737086,0.500274789886033,-1.2893067635186943,8135.825000000026,2448.9580000000074,467465,1,0,0,0
2023-12-06 04:00:00+00:00,43736.06,43857.13,43444.0,43688.87,6907.08616,0.0001,0.00030000000000000003,0.0009000000000000001,0.24999164054529263,0,0,24225.172,25432.545,-1207.3729999999996,0.4878430476374901,0.5010521798319761,-0.6518521374168482,-5620.825999999994,2081.3818000000074,440150,1,0,0,0
2023-12-06 08:00:00+00:00,43688.87,44297.21,43335.28,43839.21,12015.24809,0.0001,0.00030000000000000003,0.0009000000000000001,0.24999164054529263,0,0,48340.594,49083.38500000001,-742.791000000012,0.4961878430360558,0.4977951725037356,-0.2431212155862379,-4726.679000000011,1237.132200000003,779938,0,1,0,0
2023-12-06 12:00:00+00:00,43839.22,44279.98,43721.73,43785.2,11241.1126,0.0001,0.00030000000000000003,0.0009000000000000001,0.24999164054529263,0,0,48816.902,49330.388999999996,-513.4869999999937,0.49738409998499095,0.4960226075112157,-0.21578970984398513,-2463.6510000000053,-1375.4207999999999,802963,1,0,0,0
2023-12-06 16:00:00+00:00,43785.2,44146.71,43730.47,43984.71,7167.73459,0.0001,0.00030000000000000003,0.0009000000000000001,0.24999164054529263,0,0,24403.371,23399.436,1003.9349999999977,0.5105007954867588,0.49964894487451794,0.41171040945480486,-252.34300000000803,-847.2462000000014,450497,1,0,0,0
2023-12-06 20:00:00+00:00,43984.71,44071.0,43600.78,43762.69,5755.84135,0.0001,0.00030000000000000003,0.0009000000000000001,0.24999164054529263,0,0,18797.951,19891.561999999998,-1093.6109999999971,0.48586682908104845,0.49945062322712375,-0.8223824632637443,-603.1629999999932,-510.66540000000094,371331,1,0,0,0
2023-12-07 00:00:00+00:00,43762.69,43999.84,43710.0,43926.84,2845.29665,0.0001,0.00030000000000000003,0.0009000000000000001,0.24999164054529263,0,0,8953.425,10022.123,-1068.6980000000003,0.47184012814807774,0.495738731369867,-1.4419256993890148,-1158.3739999999998,-482.9304000000011,229301,0,1,0,0
2023-12-07 04:00:00+00:00,43926.85,44047.33,43838.19,43884.01,4086.82628,0.0001,0.00030000000000000003,0.0009000000000000001,0.24999164054529263,0,0,9927.988,10375.664999999999,-447.6769999999997,0.4889754567811024,0.49284688061810833,-0.6149572161666489,-2609.985999999997,-423.90759999999864,229912,1,0,0,0
2023-12-07 08:00:00+00:00,43884.01,43896.48,42821.1,43188.03,14235.78276,0.0001,0.00030000000000000003,0.0009000000000000001,0.24999164054529263,0,0,58290.421,65738.088,-7447.667000000001,0.4699759875368654,0.48742881223736906,-1.5084787699596902,-8964.042000000001,-1810.7436000000002,991680,1,0,0,0
2023-12-07 12:00:00+00:00,43188.03,43925.0,42955.0,43659.99,9633.99747,0.0001,0.00030000000000000003,0.0009000000000000001,0.24999164054529263,0,0,43818.906,41866.952999999994,1951.9530000000086,0.5113901699929273,0.48933879344224024,0.45295535100505724,-5943.390999999992,-1621.139999999998,758206,1,0,0,0
2023-12-07 16:00:00+00:00,43659.99,43755.26,43058.42,43203.58,10159.41241,0.0001,0.00030000000000000003,0.0009000000000000001,0.24999164054529263,0,0,29192.885,31973.227000000003,-2780.342000000004,0.47727220262095454,0.4897236560306271,-1.1333659342022822,-8276.055999999997,-1958.4861999999994,577861,1,0,0,0
2023-12-07 20:00:00+00:00,43203.57,43456.06,43079.98,43273.14,6141.95288,0.0001,0.00030000000000000003,0.0009000000000000001,0.24999164054529263,0,0,17686.043,18576.234,-890.1909999999989,0.48772566047079724,0.4897119173139579,-0.5670362106318005,-1718.5799999999945,-1922.784799999999,352984,0,1,0,0
2023-12-08 00:00:00+00:00,43273.15,43524.99,43261.1,43366.01,4504.95753,0.0001,0.00030000000000000003,0.0009000000000000001,0.24999164054529263,0,0,11358.639,10588.21,770.4290000000001,0.5175521552091601,0.49184834853126824,0.8921416085158443,-2900.104000000003,-1679.1635999999992,253278,1,0,0,0
2023-12-08 04:00:00+00:00,43366.0,43550.0,43117.38,43166.01,6833.16986,0.0001,0.00030000000000000003,0.0009000000000000001,0.24999164054529263,0,0,14726.266,16051.654999999999,-1325.3889999999992,0.4784685099425657,0.4899567895270257,-1.0154869700899574,-1445.150999999998,-454.7079999999987,304449,1,0,0,0
2023-12-08 08:00:00+00:00,43166.01,43729.73,43081.1,43653.82,6857.83835,0.00023288,0.00043288000000000007,0.00103288,5.141201048102784,0,0,22635.285,19607.808999999997,3027.4760000000024,0.535833975607942,0.4924901075391441,1.7209261500413167,2472.5160000000033,-239.60339999999997,416334,1,0,1,0
2023-12-08 12:00:00+00:00,43653.82,44030.16,43453.02,43760.94,9677.14869,0.00023288,0.00043288000000000007,0.00103288,5.141201048102784,0,0,36014.702,36240.611,-225.90899999999965,0.49843673087403273,0.4937470977184425,-0.06604124123721364,1476.1780000000035,271.28320000000093,676666,0,1,1,0
2023-12-08 16:00:00+00:00,43760.94,43970.0,43638.68,43945.11,5870.37306,0.00020242,0.0005353000000000001,0.0011353000000000001,3.0882995223033,0,0,18580.36,19788.868000000002,-1208.5080000000016,0.4842515987030023,0.494988244773935,-0.7603882859883965,1593.059000000001,207.6198000000004,374454,0,1,1,0
2023-12-08 20:00:00+00:00,43945.12,44700.0,43945.11,44170.99,9156.88807,0.00020242,0.0005353000000000001,0.0011353000000000001,3.0882995223033,0,0,38671.952,37616.236,1055.7160000000003,0.5069192625206932,0.4967826253478941,0.3913112611842089,-378.70100000000093,264.6772000000004,664212,1,0,1,0
2023-12-09 00:00:00+00:00,44171.0,44281.23,44043.61,44139.38,3650.70918,0.00011504,0.0005503400000000001,0.00115034,0.2636520726033928,0,0,12079.739,12255.198999999999,-175.45999999999913,0.4963948952736186,0.49942451612156935,-0.07326801441269608,-328.2520000000004,494.66300000000047,256907,1,0,0,0
2023-12-09 04:00:00+00:00,44139.38,44358.02,44093.82,44180.22,3600.84041,0.00011504,0.0005503400000000001,0.00115034,0.2636520726033928,0,0,10705.215,10559.676,145.53900000000067,0.5034220490478883,0.49862770402706547,0.3540760596610637,1025.795000000002,-81.72439999999987,251942,1,0,0,0
2023-12-09 08:00:00+00:00,44180.21,44191.58,43720.0,43817.35,5794.84719,0.00030159,0.0006190500000000001,0.0013519299999999999,3.9831087214851264,0,0,22074.557,24100.705,-2026.148000000001,0.4780602435997006,0.49870650812494005,-1.0020259256847446,-2056.0689999999995,-441.77220000000017,448069,1,0,1,0
2023-12-09 12:00:00+00:00,43817.35,44136.52,43741.52,44045.1,5032.72519,0.00030159,0.0006190500000000001,0.0013519299999999999,3.9831087214851264,0,0,22039.615,21018.766999999996,1020.8480000000054,0.5118542308440666,0.501119365162267,0.8048769216072652,-859.760999999995,4.099000000001252,445668,1,0,1,0
2023-12-09 16:00:00+00:00,44045.09,44082.19,43877.34,43924.39,2936.10136,0.00017192,0.00058855,0.0014238500000000002,1.1585640201888303,0,0,10038.169,11150.140000000001,-1111.9710000000014,0.47375979838693116,0.4967401294800441,-1.2351242986163402,-2117.270999999997,-429.4383999999991,275730,1,0,0,0
2023-12-09 20:00:00+00:00,43924.4,44084.55,43584.51,43713.6,3910.74675,0.00017192,0.00058855,0.0014238500000000002,1.1585640201888303,0,0,15049.603,18268.271000000004,-3218.668000000005,0.4516975783028652,0.4940630363160741,-2.2048969006899863,-3309.791000000001,-1038.0800000000004,329788,1,0,0,0
2023-12-10 00:00:00+00:00,43713.59,43864.04,43672.0,43845.32,2450.32524,0.00020724,0.00068075,0.0015310900000000001,1.720493538237559,0,0,9063.653,7806.043,1257.6100000000006,0.5372742342244935,0.4942070621777292,2.0752601653941194,-3073.029000000006,-815.6658000000003,218629,1,0,0,0
2023-12-10 04:00:00+00:00,43845.32,44016.0,43824.31,43966.44,2178.97643,0.00020724,0.00068075,0.0015310900000000001,1.720493538237559,0,0,8206.539,7521.695,684.844000000001,0.5217711664259319,0.4965405057329191,1.2194337019591728,-1276.2140000000036,-273.4673999999999,194297,1,0,0,0
2023-12-10 08:00:00+00:00,43966.44,44049.0,43603.88,43738.02,3795.09728,0.00020383,0.00058299,0.00163492,1.5227172961872635,0,0,15872.483,18414.398999999998,-2541.9159999999974,0.4629316541527457,0.4944085112778934,-1.5004065079056932,-599.4619999999959,-986.0202000000005,359617,1,0,0,0
2023-12-10 12:00:00+00:00,43738.03,43973.76,43731.84,43903.73,3286.21496,0.00020383,0.00058299,0.00163492,1.5227172961872635,0,0,14642.943,12855.006000000001,1787.936999999998,0.53251037013706,0.4969676220395301,1.6734852807510563,-69.1349999999984,-406.0386000000006,304634,1,0,0,0
2023-12-10 16:00:00+00:00,43903.74,43931.13,43750.0,43797.1,2572.46554,0.00023923,0.0006503,0.00177415,1.959388884365012,0,0,7470.864,8970.841000000002,-1499.9770000000026,0.4543849923107122,0.49276663174323954,-1.7143778638527,-2253.956000000002,-62.30040000000008,206667,1,0,0,0
2023-12-10 20:00:00+00:00,43797.1,44046.0,43563.0,43789.51,4673.53813,0.00023923,0.0006503,0.00177415,1.959388884365012,0,0,16437.387,17286.406,-849.0190000000002,0.4874121662412054,0.4911656434625712,-0.248439096713027,-561.0590000000047,-483.62620000000027,341201,1,0,0,0
2023-12-11 00:00:00+00:00,43789.5,43804.5,40400.0,42309.58,18908.6688,0.0001473,0.0005903600000000001,0.00182145,0.3184869036264334,0,0,85926.506,106544.07200000001,-20617.56600000002,0.44643969427888347,0.48800358853048953,-1.9065726386281119,-22966.562000000024,-4744.108200000004,1503115,1,0,0,0
2023-12-11 04:00:00+00:00,42309.57,42321.03,41620.0,42132.51,12083.46157,0.0001473,0.0005903600000000001,0.00182145,0.3184869036264334,0,0,37600.506,37622.039,-21.53299999999581,0.499856871367487,0.48680385258283154,0.3046813308026267,-21488.118000000017,-4240.031600000004,721449,1,0,0,0
2023-12-11 08:00:00+00:00,42132.52,42481.1,41975.44,42344.01,7859.82672,0.0001,0.00048653000000000005,0.00168857,-0.5139400478865409,0,0,21499.51,22387.681,-888.1710000000021,0.4898812047460499,0.4884159932187434,-0.10226443681935975,-21527.27000000002,-4775.253200000005,443679,0,1,0,0
2023-12-11 12:00:00+00:00,42344.01,42390.32,41655.18,41803.44,9756.07667,0.0001,0.00048653000000000005,0.00168857,-0.5139400478865409,0,0,33153.165,33699.661,-546.4959999999992,0.4959126933542047,0.4928375047238774,0.1512241602427684,-1456.199999999997,-4584.557000000003,675804,1,0,0,0
2023-12-11 16:00:00+00:00,41803.43,41857.08,40222.0,40779.99,20686.60455,0.0001,0.0003473000000000001,0.00158615,-0.5139400478865405,0,0,88732.917,94374.14,-5641.222999999998,0.48459583400982736,0.48756966470241075,-0.2871791629443397,-7075.889999999999,-5542.997800000003,1591005,1,0,0,0
2023-12-11 20:00:00+00:00,40779.99,41349.97,40554.0,41253.4,7369.25973,0.0001,0.0003473000000000001,0.00158615,-0.5139400478865405,0,0,31652.044,27561.197999999997,4090.846000000005,0.5345433374514438,0.48884688180496194,1.6594416897848034,-2096.8729999999923,-601.315399999998,600019,1,0,0,0
2023-12-12 00:00:00+00:00,41253.41,41938.8,41178.28,41735.29,6744.62632,0.0001,0.00030000000000000003,0.0015711100000000001,-0.5143142829060263,0,0,27833.552,25713.115,2120.436999999998,0.5197998971626002,0.49453370610594743,1.000738744159162,570.060000000005,-172.92139999999927,503491,1,0,0,0
2023-12-12 04:00:00+00:00,41735.29,42068.91,41376.19,41916.27,6751.42919,0.0001,0.00030000000000000003,0.0015711100000000001,-0.5143142829060263,0,0,25500.278,24111.623,1388.6549999999988,0.51399518030966,0.49268218712320744,0.7302685837270707,7599.938000000002,282.4438000000009,500684,1,0,0,0
2023-12-12 08:00:00+00:00,41916.26,42104.12,41545.54,41584.57,5780.94254,0.0001,0.00030000000000000003,0.0013695200000000002,-0.5399651953843356,0,0,19859.916,22683.119000000002,-2823.2030000000013,0.4668194452981551,0.49392563242195164,-1.1208991163803388,685.8889999999956,-172.8975999999995,454276,1,0,0,0
2023-12-12 12:00:00+00:00,41584.58,42070.23,41161.1,41348.0,9008.4306,0.0001,0.00030000000000000003,0.0013695200000000002,-0.5399651953843356,0,0,41919.258,44072.856,-2153.597999999998,0.4874779331509399,0.4939322091129251,-0.28020988736682595,-3588.1460000000006,524.6274000000005,833062,1,0,0,0
2023-12-12 16:00:00+00:00,41347.99,41457.35,40680.0,41137.99,9334.53079,0.0001,0.00030000000000000003,0.0012976,-0.5520092585596551,0,0,44197.014,44493.060999999994,-296.0469999999914,0.49833100265164965,0.49912133995020175,0.12155500986424869,-5272.847999999991,-352.7511999999988,832020,1,0,0,0
2023-12-12 20:00:00+00:00,41137.99,41555.0,41042.08,41492.39,5102.73829,0.0001,0.00030000000000000003,0.0012976,-0.5520092585596551,0,0,19170.411,16986.915,2183.495999999999,0.5301943788652955,0.5021550906999825,1.2950726986038203,-266.14899999999034,-340.13939999999855,417529,1,0,0,0
2023-12-13 00:00:00+00:00,41492.38,41506.0,40555.0,40829.36,7310.16225,0.00011909,0.00031909000000000006,0.00120945,-0.2213741242780807,0,0,28068.351,32043.390000000003,-3975.0390000000043,0.4669362512724427,0.49986059535262184,-1.0750157327748304,-2087.5899999999965,-1412.8781999999992,596595,1,0,0,0
2023-12-13 04:00:00+00:00,40829.35,41242.0,40628.64,41115.27,4861.68197,0.00011909,0.00031909000000000006,0.00120945,-0.2213741242780807,0,0,23618.327,21416.003,2202.3240000000005,0.524451612802944,0.5027144872974958,1.055171243294871,410.7809999999954,-407.7727999999988,440870,1,0,0,0
2023-12-13 08:00:00+00:00,41115.28,41280.0,40953.17,41004.69,4029.02932,0.00010162,0.0003207100000000001,0.0011072400000000002,-0.5380634580315548,0,0,14809.178,16135.061000000002,-1325.8830000000016,0.47857625453319436,0.5021125293498325,-0.6277830849246384,-3098.5980000000054,-242.22979999999953,353577,1,0,0,0
2023-12-13 12:00:00+00:00,41004.69,41955.22,40984.0,41939.18,8389.8547,0.00010162,0.0003207100000000001,0.0011072400000000002,-0.5380634580315548,0,0,37094.98,34418.748,2676.2320000000036,0.5187113165181376,0.5005293272565019,0.9022665435441471,3552.6730000000025,352.2259999999995,684788,1,0,0,0
2023-12-13 16:00:00+00:00,41939.17,42886.0,41715.7,42734.01,10933.26953,0.00010162,0.0003207100000000001,0.0011072400000000002,-0.5380634580315548,0,0,52459.904,50132.111,2327.793000000005,0.5113449034020825,0.4996838278804502,0.581838783404281,3678.142000000007,381.0854000000007,908283,1,0,0,0
2023-12-13 20:00:00+00:00,42734.01,43475.2,42571.57,42869.03,10341.99996,0.00012601,0.00034672000000000007,0.00099402,-0.1137560573836773,0,0,41972.639,44541.604,-2568.9649999999965,0.485152936031585,0.4967996034526426,-0.3971783866024307,2435.060000000012,662.3002000000022,755942,0,1,0,0
2023-12-14 00:00:00+00:00,42869.03,42948.55,42648.95,42713.86,5203.10028,0.0001,0.00032763000000000003,0.0009467200000000001,-0.5862309154050929,0,0,14782.455,16937.826999999997,-2155.3719999999976,0.4660253335704897,0.4967201922798761,-1.0710905817547447,-2396.543999999989,-209.2389999999974,358659,1,0,0,0
2023-12-14 04:00:00+00:00,42713.86,43110.0,42682.78,42898.98,4264.22686,0.0001,0.00032763000000000003,0.0009467200000000001,-0.5862309154050929,0,0,16391.018,15549.825,841.1929999999993,0.5131679837003675,0.4992891973348189,0.6873335280862989,-3883.143999999995,224.17620000000278,330314,1,0,0,0
2023-12-14 08:00:00+00:00,42898.98,43311.1,42685.2,43267.06,5533.8289,0.0001,0.00032601000000000006,0.0009467200000000001,-0.5862309154050929,0,0,22362.186,20694.634,1667.5520000000033,0.5193645513068545,0.5013925522003394,0.8621170191937132,353.37300000000505,22.440200000002733,466210,1,0,0,0
2023-12-14 12:00:00+00:00,43267.07,43367.83,41400.0,42448.28,13819.31926,0.0001,0.00032601000000000006,0.0009467200000000001,-0.5862309154050929,0,0,68964.58,75998.485,-7033.904999999999,0.47573897530381276,0.4959470118441911,-0.7126514037068319,-4525.159999999996,-1849.899399999998,1276593,1,0,0,0
2023-12-14 16:00:00+00:00,42448.28,43420.0,42448.28,43094.13,8986.88383,0.0001,0.00030000000000000003,0.00094672,-0.5862309154050929,0,0,44138.418,40474.987,3663.430999999997,0.5216480532842284,0.5014181920453697,0.9255228313482655,-1702.9219999999987,-603.4201999999993,797310,1,0,0,0
2023-12-14 20:00:00+00:00,43094.13,43179.7,42851.48,43022.26,4239.69796,0.0001,0.00030000000000000003,0.00094672,-0.5862309154050929,0,0,12410.89,12923.02,-512.130000000001,0.4898924011335005,0.49796227087842526,-0.30813503799763364,-3882.604000000003,-274.7718000000001,327658,1,0,0,0
2023-12-15 00:00:00+00:00,43022.26,43080.81,42479.14,42795.94,4425.94195,0.0001,0.00030000000000000003,0.0009467200000000001,-0.5862309154050929,0,0,15521.627,18845.290999999997,-3323.663999999997,0.45164442735307253,0.49526908816041315,-1.6663276044612747,-172.3630000000012,-1107.7431999999994,402662,1,0,0,0
2023-12-15 04:00:00+00:00,42795.94,42868.59,42515.94,42699.99,4209.02021,0.0001,0.00030000000000000003,0.0009467200000000001,-0.5862309154050929,0,0,14206.758,14434.934,-228.17599999999948,0.4960167157722386,0.4929996280858232,0.07413163782859616,-4063.9699999999975,-1486.8888,352623,1,0,0,0
2023-12-15 08:00:00+00:00,42699.99,43026.33,42630.43,42776.03,4825.88804,0.0001,0.00030000000000000003,0.00094672,-0.5862309154050929,0,0,17363.787,16264.427999999996,1099.359000000004,0.5163457828493128,0.4934997160305462,0.8135846325197728,-2452.4809999999925,139.76400000000066,388311,1,0,0,0
2023-12-15 12:00:00+00:00,42776.04,42787.24,41666.0,41909.56,10127.5738,0.0001,0.00030000000000000003,0.00094672,-0.5862309154050929,0,0,40082.9,43414.548,-3331.648000000001,0.48004940222843695,0.4929893626502314,-0.5805619223831406,-2460.4649999999965,-1259.2517999999989,874880,1,0,0,0
2023-12-15 16:00:00+00:00,41909.56,42192.48,41696.09,42096.08,5828.02612,0.0001,0.00030000000000000003,0.0009467200000000001,-0.5862309154050929,0,0,23855.018,22992.868,862.1500000000015,0.5092015891602878,0.4973069882092112,0.5686275109357077,-1370.1389999999956,-984.3957999999984,525735,1,0,0,0
2023-12-15 20:00:00+00:00,42096.08,42264.03,41896.92,41940.3,4005.34308,0.0001,0.00030000000000000003,0.0009467200000000001,-0.5862309154050929,0,0,14630.756,15564.098,-933.3420000000006,0.4845446843359468,0.4944446582727691,-0.487147934756527,-3402.84,-506.3313999999991,347004,1,0,0,0
2023-12-16 00:00:00+00:00,41940.29,42410.99,41605.0,42333.79,4472.49888,0.0001,0.00030000000000000003,0.00092763,-0.5862309154050929,0,0,22026.889,19021.852000000003,3005.0369999999966,0.5366032785268615,0.4961685309947699,1.6767666623941173,2933.8449999999975,140.3112000000001,409855,1,0,0,0
2023-12-16 04:00:00+00:00,42333.79,42357.24,42141.82,42222.67,2598.70745,0.0001,0.00030000000000000003,0.00092763,-0.5862309154050929,0,0,8017.28,9142.792000000001,-1125.5120000000015,0.46720549890466656,0.4953151833548552,-1.3178838022501087,946.1829999999945,-304.66300000000103,228908,1,0,0,0
2023-12-16 08:00:00+00:00,42222.67,42339.55,42097.18,42331.99,3132.85327,0.0001,0.00030000000000000003,0.00092601,-0.5862309154050929,0,0,8007.512,8094.419000000001,-86.90700000000106,0.4973013485152805,0.4928805128779604,-0.032443096477739714,1792.617999999994,344.285199999999,227191,0,1,0,0
2023-12-16 12:00:00+00:00,42332.0,42611.08,42243.0,42604.0,4555.98897,0.0001,0.00030000000000000003,0.00092601,-0.5862309154050929,0,0,17970.315,17395.397,574.9179999999978,0.5081281835920622,0.4947040911238167,0.4160078476388451,-637.5010000000048,286.8387999999983,391746,1,0,0,0
2023-12-16 16:00:00+00:00,42603.99,42724.43,42331.1,42351.73,6242.54279,0.0001,0.00030000000000000003,0.00092601,-0.5862309154050929,0,0,14837.931,16217.954999999998,-1380.0239999999976,0.4777816031395788,0.4973178087024673,-0.8735290293581216,-892.0130000000008,197.50239999999886,361585,1,0,0,0
2023-12-16 20:00:00+00:00,42351.74,42412.37,42118.45,42278.03,3116.26611,0.0001,0.00030000000000000003,0.0009000000000000001,-0.5862309154050929,0,0,9044.186,10772.930999999999,-1728.744999999999,0.45638253031457604,0.49335439015670096,-1.6642827503400737,-2533.8509999999987,-749.2540000000002,254886,1,0,0,0
2023-12-17 00:00:00+00:00,42278.02,42298.82,41860.21,41925.55,3253.92773,0.0001,0.00030000000000000003,0.0009000000000000001,-0.5862309154050929,0,0,13180.425,14337.506000000001,-1157.081000000002,0.4789758721322471,0.48961739908499446,-0.6558686644031296,-4265.8499999999985,-755.5678000000004,352911,1,0,0,0
2023-12-17 04:00:00+00:00,41925.55,42061.1,41771.62,41886.75,3545.91185,0.0001,0.00030000000000000003,0.0009000000000000001,-0.5862309154050929,0,0,13828.914,15434.162,-1605.2479999999996,0.4725721246802626,0.488869671330177,-0.8706450969914626,-4491.0740000000005,-1059.236,332774,1,0,0,0
2023-12-17 08:00:00+00:00,41886.75,42016.83,41661.36,41960.07,3895.17552,0.0001,0.00030000000000000003,0.0009000000000000001,-0.5862309154050929,0,0,14038.644,13860.678,177.96600000000035,0.5031894323453452,0.48826845564868276,0.3974777224673161,-2584.363000000001,-1138.6263999999996,330703,1,0,0,0
2023-12-17 12:00:00+00:00,41960.07,42020.17,41510.0,41811.37,4860.00923,0.0001,0.00030000000000000003,0.0009000000000000001,-0.5862309154050929,0,0,17702.469,20355.747,-2653.2779999999984,0.46514185005413816,0.48632817222050184,-1.2030457551773226,-4080.5599999999977,-1393.2771999999998,443430,1,0,0,0
2023-12-17 16:00:00+00:00,41811.37,42424.07,41683.99,42105.91,7138.15215,0.0001,0.00030000000000000003,0.0009000000000000001,-0.5862309154050929,0,0,31100.056,28734.957,2365.099000000002,0.5197635036863785,0.4846441947364536,1.0738026506641152,-110.2129999999961,-574.5083999999995,652688,1,0,0,0
2023-12-17 20:00:00+00:00,42105.91,42190.87,41252.0,41374.65,5028.93804,0.0001,0.00030000000000000003,0.0009000000000000001,-0.5862309154050929,0,0,19036.956,23112.337,-4075.381000000001,0.4516554049910161,0.48308918534508855,-1.6487986709800257,-4363.559999999998,-1158.1683999999993,445420,1,0,0,0
2023-12-18 00:00:00+00:00,41374.64,41470.1,40801.0,41090.92,8056.5341,0.00013355,0.00033355000000000006,0.00093355,0.0029122150301383975,0,0,27838.73,29744.477000000003,-1905.747000000003,0.4834522328706006,0.48170427378062053,-0.3600614795308461,-3616.0290000000023,-1218.2682,667311,1,0,0,0
2023-12-18 04:00:00+00:00,41090.92,41312.39,40999.0,41126.02,5008.69759,0.00013355,0.00033355000000000006,0.00093355,0.0029122150301383975,0,0,16037.824,16258.137999999999,-220.3139999999985,0.496589140153187,0.48055036943673296,0.24026778407398708,-6201.442000000003,-1297.9242,366791,0,1,0,0
2023-12-18 08:00:00+00:00,41126.01,41270.27,40542.93,41105.12,10032.74176,0.00013355,0.00033355000000000006,0.00093355,0.0029122150301383975,0,0,42191.374,43317.479,-1126.104999999996,0.49341527245138,0.48211373636791316,0.0809191042868032,-3252.1659999999974,-992.4895999999993,860585,1,0,0,0
2023-12-18 12:00:00+00:00,41105.12,41750.0,40888.0,41265.96,9380.24237,0.0001,0.00033355000000000006,0.0009335500000000001,-0.5604577326888865,0,0,39254.512,37628.201,1626.3110000000015,0.5105765713548637,0.4875331404719419,0.8548126682247235,279.8920000000071,-1140.2471999999993,805184,1,0,0,0
2023-12-18 16:00:00+00:00,41265.95,41735.5,41146.83,41701.1,4760.51462,0.00015611,0.00038966,0.00098966,0.5730310542826802,0,0,20018.527,20788.791,-770.2640000000029,0.49056218298884524,0.4886917715576017,-0.0018339683849674685,-270.05799999999726,-479.22379999999976,489951,0,1,0,0
2023-12-18 20:00:00+00:00,41701.11,42757.81,41576.52,42657.8,9495.36206,0.00015611,0.00038966,0.00098966,0.5730310542826802,0,0,43552.636,38754.986000000004,4797.649999999994,0.5291446276992426,0.4943490218594997,1.5919434321754322,5653.696999999993,861.4555999999997,816096,1,0,0,0
2023-12-19 00:00:00+00:00,42657.8,43497.0,42567.69,43082.2,9415.10546,0.0001,0.0003561100000000001,0.00098966,-0.5353900284610271,0,0,40052.293,35123.68600000001,4928.606999999989,0.532780464355509,0.49730812506051614,1.6105408597379516,8955.99299999998,1891.239799999997,750752,1,0,0,0
2023-12-19 04:00:00+00:00,43082.21,43131.2,42815.27,43036.16,4686.08353,0.0001,0.0003561100000000001,0.00098966,-0.5353900284610271,0,0,13791.391,14836.177,-1044.786,0.4817520999338819,0.49896915004849046,-0.4844490633842325,8681.470999999983,1907.5035999999964,359826,1,0,0,0
2023-12-19 08:00:00+00:00,43036.17,43268.74,42942.0,42976.11,6507.20412,0.0001,0.00035611000000000003,0.00098966,-0.5297205432805623,0,0,16177.308,17988.518999999997,-1811.2109999999957,0.47349382176523935,0.4943421818563766,-0.7767025834373671,2072.6099999999933,1219.999199999997,428682,1,0,0,0
2023-12-19 12:00:00+00:00,42976.1,43041.1,42232.0,42486.86,8326.36673,0.0001,0.00035611000000000003,0.00098966,-0.5297205432805623,0,0,35236.695,39136.863999999994,-3900.1689999999944,0.47377986846104814,0.4965546282033798,-0.7601513767878975,-6756.16599999999,594.0181999999986,774227,1,0,0,0
2023-12-19 16:00:00+00:00,42486.85,42646.66,41811.1,42341.96,8193.50655,0.0001,0.00030000000000000003,0.00098966,-0.48096855757072016,0,0,38505.647,36229.72200000001,2275.9249999999884,0.5152265589268716,0.49973206080900684,1.0227726300313706,-3435.4550000000017,89.67319999999745,799041,0,1,0,0
2023-12-19 20:00:00+00:00,42341.96,42528.67,42121.12,42275.99,3799.59805,0.0001,0.00030000000000000003,0.00098966,-0.48096855757072016,0,0,13524.812,14708.730000000001,-1183.9180000000015,0.4790334843570105,0.4979764952293892,-0.5154040370558476,-2808.1620000000075,-1132.8318000000006,352988,1,0,0,0
2023-12-20 00:00:00+00:00,42275.99,42493.2,42206.0,42419.75,3428.07755,0.00010506,0.00030506000000000006,0.00099472,-0.2830514863377712,0,0,10953.529,11168.53,-215.0010000000002,0.4951405743922842,0.4981490254234796,0.11797965908629038,877.0059999999867,-966.8748000000007,314890,0,1,0,0
2023-12-20 04:00:00+00:00,42419.75,43041.0,42376.15,42924.23,6003.2756,0.00010506,0.00030506000000000006,0.00099472,-0.2830514863377712,0,0,24805.16,22031.247,2773.9130000000005,0.5296127860533794,0.5000526468933313,1.5527624320909441,1374.9939999999988,-49.85000000000146,495057,1,0,0,0
2023-12-20 08:00:00+00:00,42924.23,42998.08,42675.0,42864.44,4763.28129,0.0001,0.00030506,0.00099472,-0.38502493672298194,0,0,15132.625,16869.701,-1737.076000000001,0.4728601602271035,0.4982824446171571,-0.8387882694734443,821.8359999999993,382.76859999999726,397480,1,0,0,0
2023-12-20 12:00:00+00:00,42864.43,44283.0,42757.32,44027.2,17908.79006,0.0001,0.00030506,0.00099472,-0.38502493672298194,0,0,75049.304,66233.535,8815.769,0.5311990085363446,0.49848788270086725,1.554272379235486,9852.606,1690.7373999999995,1259799,1,0,0,0
2023-12-20 16:00:00+00:00,44027.2,44250.0,43486.0,43738.01,9819.94341,0.00023637,0.00044143000000000003,0.00113109,4.491416003892236,0,0,37476.996,41009.345,-3532.349000000002,0.47749704626949036,0.4929595408922654,-0.6395820298206871,3546.3439999999973,1221.0511999999994,783250,1,0,1,0
2023-12-20 20:00:00+00:00,43738.01,43812.23,43230.17,43668.93,6786.92679,0.00023637,0.00044143000000000003,0.00113109,4.491416003892236,0,0,28680.463,27598.488,1081.9749999999985,0.5096126080956982,0.495745591708447,0.6601193338169127,6365.394999999997,1480.4463999999994,642382,0,1,1,0
2023-12-21 00:00:00+00:00,43668.92,43731.08,43286.72,43649.37,4790.55223,0.00027143,0.0006078,0.00126897,3.9029327971926024,0,0,17974.711,17678.704999999998,296.0060000000012,0.5041511590362057,0.49881132543554363,0.5058493897596633,-2154.368000000002,984.8649999999994,412845,0,1,1,0
2023-12-21 04:00:00+00:00,43649.36,43877.75,43451.44,43764.5,3938.84606,0.00027143,0.0006078,0.00126897,3.9029327971926024,0,0,12912.918,12992.794,-79.8760000000002,0.49845833227822495,0.5012791718172613,0.21558030570204595,1298.1049999999996,1316.3049999999996,314841,0,1,1,0
2023-12-21 08:00:00+00:00,43764.49,44100.0,43579.22,43931.6,6686.08927,0.00029216,0.0007999600000000002,0.0014611300000000002,3.3242188761145166,0,0,23498.546,22763.930000000004,734.6159999999945,0.5079396528625056,0.5005504812108248,0.6200126266393344,950.7459999999955,-299.92560000000157,504880,1,0,1,0
2023-12-21 12:00:00+00:00,43931.6,44242.35,43380.0,43823.99,8691.42689,0.00029216,0.0007999600000000002,0.0014611300000000002,3.3242188761145166,0,0,40090.952,41797.635,-1706.6830000000045,0.48957923770256284,0.5016050565453799,-0.169993032864727,-1051.9430000000102,65.20759999999791,862154,1,0,1,0
2023-12-21 16:00:00+00:00,43824.0,43927.7,43370.4,43588.8,6170.9554,0.00028948,0.00085307,0.0015945,2.712760166614252,0,0,25996.581,27754.459000000003,-1757.8780000000042,0.48364796290453166,0.5004557953966047,-0.4465306818027575,-2729.9450000000143,-502.76300000000265,580348,1,0,1,0
2023-12-21 20:00:00+00:00,43588.79,44119.2,43554.01,43861.8,4346.42399,0.00028948,0.00085307,0.0015945,2.712760166614252,0,0,17046.382,16414.541999999998,631.8400000000038,0.5094414607319272,0.49843866286445937,0.6633698668609903,-2832.721000000005,-435.5962000000021,394227,1,0,1,0
2023-12-22 00:00:00+00:00,43861.79,44251.0,43722.46,44008.0,5039.97364,0.00030806,0.0008897,0.00180256,2.556436275027403,0,0,18024.845,16442.672,1582.1730000000025,0.5229516532914165,0.5034478121708907,1.2103240947294023,456.13500000000204,-103.1864000000016,411417,1,0,1,0
2023-12-22 04:00:00+00:00,44008.0,44398.26,43534.47,43584.37,7209.42647,0.00030806,0.0008897,0.00180256,2.556436275027403,0,0,30532.832,32807.020000000004,-2274.1880000000056,0.48204773197133455,0.49853268451438976,-0.7077119793962889,-60.17499999999927,-704.9472000000017,654126,1,0,1,0
2023-12-22 08:00:00+00:00,43584.37,43839.22,43463.0,43753.94,5847.93033,0.0002961,0.0008936399999999999,0.00199866,2.1052895443938864,0,0,21197.125,21691.485,-494.3600000000006,0.4942366982749033,0.500206649714931,-0.12164014483075129,-1186.3750000000036,-462.48260000000084,465642,0,1,1,0
2023-12-22 12:00:00+00:00,43753.95,43809.4,43412.54,43671.1,5724.75521,0.0002961,0.0008936399999999999,0.00199866,2.1052895443938864,0,0,20866.88,22435.59,-1568.7099999999991,0.4818865990785283,0.49743404881321407,-0.7512875868945184,-4337.258000000005,-424.6489999999998,501120,1,0,1,0
2023-12-22 16:00:00+00:00,43671.1,43992.0,43481.14,43640.79,5097.02561,0.00018011,0.00078427,0.00207877,0.4934932502263118,0,0,17314.905,17789.667999999998,-474.762999999999,0.49323787530473595,0.4963427204400671,-0.1614451904376317,-2537.8329999999987,-645.9696000000004,406776,1,0,0,0
2023-12-22 20:00:00+00:00,43640.79,44048.16,43617.44,43969.04,3864.08512,0.00018011,0.00078427,0.00207877,0.4934932502263118,0,0,9686.079,9552.832,133.2469999999994,0.5034629558814425,0.49684318280038886,0.28520747879266634,-1910.2259999999987,-935.754800000001,242849,1,0,0,0
2023-12-23 00:00:00+00:00,43969.04,43988.68,43456.0,43526.43,4037.34134,0.00016285,0.00063906,0.00213656,0.23905725327307742,0,0,14470.718,17399.323,-2928.6049999999996,0.454053949914906,0.49145461250562883,-2.17056416958958,-3270.120999999999,-1066.6381999999999,348629,1,0,0,0
2023-12-23 04:00:00+00:00,43526.43,43650.1,43291.1,43562.32,2798.28564,0.00016285,0.00063906,0.00213656,0.23905725327307742,0,0,12176.328,12841.409000000001,-665.081000000002,0.4867078105425762,0.4911674697896302,-0.5106390674960629,-3460.439000000002,-1100.7824,271804,0,1,0,0
2023-12-23 08:00:00+00:00,43562.31,43669.88,43490.01,43547.78,2368.14341,0.00016285,0.00063906,0.00213656,0.23905725327307742,0,0,8312.863,7592.221000000001,720.641999999998,0.5226544543870374,0.49506811893788083,1.2067476841408167,-2873.0440000000035,-642.9120000000006,184506,0,1,0,0
2023-12-23 12:00:00+00:00,43547.78,43856.0,43547.77,43756.24,2820.01582,0.0001,0.00044296,0.00213656,-0.6158883561975127,0,0,11454.572,10380.712,1073.8600000000006,0.5245900167820121,0.4965829745428893,1.250684842053924,1129.4209999999966,-333.1874000000007,249352,1,0,0,0
2023-12-23 16:00:00+00:00,43756.24,43850.0,43695.03,43703.81,2133.70247,0.00015066,0.00041351,0.00205085,0.0626280458659493,0,0,6744.75,7625.450999999999,-880.7009999999991,0.4693566916704923,0.49122347838079694,-1.3102970005530157,913.8009999999995,-535.9770000000004,219009,1,0,0,0
2023-12-23 20:00:00+00:00,43703.82,43835.94,43632.77,43702.16,2399.64062,0.00015066,0.00041351,0.00205085,0.0626280458659493,0,0,5755.577,6038.275000000001,-282.6980000000003,0.4880150268122747,0.4918202078648909,-0.3970379340424761,-89.53899999999885,-6.795600000000559,183200,1,0,0,0
2023-12-24 00:00:00+00:00,43702.15,43907.57,43606.18,43834.48,2902.02733,0.0001,0.00035066,0.00187942,-0.6277977782097063,0,0,10198.054,9598.012999999999,600.0410000000011,0.5151555609505666,0.4939120941324572,0.9739372002713295,-563.3579999999984,246.22880000000004,264183,1,0,0,0
2023-12-24 04:00:00+00:00,43834.48,43946.0,43401.0,43651.17,4698.01101,0.0001,0.00035066,0.00187942,-0.6277977782097063,0,0,13788.516,14501.858,-713.3420000000006,0.48739249611899793,0.49446268383650416,-0.4271008051541153,-395.9989999999998,-40.567999999999664,347506,1,0,0,0
2023-12-24 08:00:00+00:00,43651.17,43694.72,43405.0,43634.2,3167.95205,0.0002079,0.00045856,0.0017951599999999999,0.790394673638508,0,0,9239.151,10115.652,-876.5010000000002,0.477357015723694,0.4928745978784,-0.9450942472957584,-989.8019999999997,-430.6401999999998,239290,1,0,0,0
2023-12-24 12:00:00+00:00,43634.19,43864.08,43560.74,43680.23,3405.69652,0.0002079,0.00045856,0.0017951599999999999,0.790394673638508,0,0,11970.949,11823.432,147.51699999999983,0.5030998284847166,0.49283828513872735,0.31642254114641877,-1442.326000000001,-224.99660000000003,286432,1,0,0,0
2023-12-24 16:00:00+00:00,43680.23,43713.86,43550.0,43618.07,2583.11278,0.00019729,0.00050519,0.00170297,0.6033709240796015,0,0,7605.109,8672.784,-1067.6749999999993,0.4672047543253909,0.4941533655797759,-1.4275986423434497,-1796.6589999999997,-381.99199999999985,219497,1,0,0,0
2023-12-24 20:00:00+00:00,43618.08,43618.08,42500.0,42991.5,8387.53527,0.00019729,0.00050519,0.00170297,0.6033709240796015,0,0,33093.593,39360.13999999999,-6266.546999999991,0.45675483691088775,0.491158068216607,-1.824285091863485,-7186.704999999991,-1755.3095999999982,655744,1,0,0,0
2023-12-25 00:00:00+00:00,42991.5,43158.59,42720.43,43152.78,3868.54726,0.0001,0.00050519,0.00149491,-0.7191721762539391,0,0,15961.09,13727.458999999999,2233.631000000001,0.5376177192088438,0.4926543946987877,1.8717788263372426,-5100.590999999989,-1165.914999999998,354530,1,0,0,0
2023-12-25 04:00:00+00:00,43152.78,43335.13,43101.53,43208.15,2830.7695,0.0001,0.00050519,0.00149491,-0.7191721762539391,0,0,8562.996,8964.769,-401.77300000000105,0.4885389551948009,0.4890492885400666,-0.2886518084424406,-4434.688999999991,-1070.9693999999981,229036,0,1,0,0
2023-12-25 08:00:00+00:00,43208.15,43291.05,43045.43,43171.11,3716.03265,0.0001,0.00039729,0.0012988099999999999,-0.7191721762539391,0,0,9842.577,10160.384,-317.8070000000007,0.4920560011090358,0.49131921948392093,-0.1565305638837565,1514.0509999999995,-1164.0341999999982,251755,1,0,0,0
2023-12-25 12:00:00+00:00,43171.11,43802.32,43080.01,43618.0,7057.73658,0.0001,0.00039729,0.0012988099999999999,-0.7191721762539391,0,0,33290.04,28470.129,4819.911,0.5390211934167473,0.4964198361443682,2.027338925641876,4100.330999999998,13.48300000000163,629301,1,0,0,0
2023-12-25 16:00:00+00:00,43618.01,43710.01,43343.83,43474.25,5196.06699,0.00037908,0.00057908,0.0014977800000000002,2.5940865877057155,0,0,15458.979,16205.148000000001,-746.1690000000017,0.48821743924915406,0.4937260239742269,-0.3646900488794017,3755.9349999999977,1117.5585999999996,369027,1,0,1,0
2023-12-25 20:00:00+00:00,43474.25,43720.96,43328.14,43576.13,4352.08694,0.00037908,0.00057908,0.0014977800000000002,2.5940865877057155,0,0,11444.554,12122.149000000001,-677.5950000000012,0.4856238906222902,0.49354916342455607,-0.4510376233677733,3396.146999999997,535.3133999999991,287589,0,1,1,0
2023-12-26 00:00:00+00:00,43576.12,43592.68,43362.23,43451.46,3221.59168,0.00043391,0.00091299,0.0017688400000000003,2.70587835342312,0,0,7858.902,8975.366,-1116.464,0.4668395441963975,0.4924974162718264,-1.2495170340622126,-2540.228000000003,392.3751999999993,226036,1,0,1,0
2023-12-26 04:00:00+00:00,43451.45,43474.26,42545.0,42774.12,9020.48128,0.00043391,0.00091299,0.0017688400000000003,2.70587835342312,0,0,33079.368,41597.835999999996,-8518.467999999993,0.44296473660154717,0.4864839070835096,-2.0848812429265187,-10312.526999999995,-1247.7569999999992,684850,1,0,1,0
2023-12-26 08:00:00+00:00,42774.12,42798.0,42150.0,42685.55,8870.72819,0.00023757,0.0010505599999999999,0.00190641,0.6215758042235346,0,0,24927.872,27575.979000000003,-2648.1070000000036,0.47478178314958264,0.48724160996592875,-0.6864617530701497,-12283.038999999997,-2741.3606,508645,1,0,0,0
2023-12-26 12:00:00+00:00,42685.56,42827.68,42250.0,42391.5,5600.42168,0.00023757,0.0010505599999999999,0.00190641,0.6215758042235346,0,0,18140.1,20702.882000000005,-2562.7820000000065,0.4670110034291393,0.4882672266177539,-0.9679208709814272,-13729.357000000004,-3104.683200000001,390027,1,0,0,0
2023-12-26 16:00:00+00:00,42391.51,42434.2,41637.6,42109.11,10403.73943,0.00029559,0.00096707,0.00205134,1.1444154561971056,0,0,42920.15,47013.27,-4093.1199999999953,0.47724360977265184,0.4822298156741347,-0.5298872468756746,-9304.009000000005,-3787.7882,837225,1,0,0,0
2023-12-26 20:00:00+00:00,42109.11,42591.89,42055.0,42508.93,3893.08056,0.00029559,0.00096707,0.00205134,1.1444154561971056,0,0,11836.428,10955.525000000001,880.9029999999984,0.5193248687376637,0.48530840702842093,1.189725295096457,-5774.999000000003,-3388.3148,272673,1,0,0,0
2023-12-27 00:00:00+00:00,42508.93,42541.1,42098.69,42234.66,3610.05423,0.00027621,0.00080937,0.00222755,0.883981015384311,0,0,11981.921,13645.250999999998,-1663.329999999998,0.4675475311907221,0.48285756003658964,-0.8744979188595677,-4875.546999999995,-2017.2872000000011,283444,1,0,0,0
2023-12-27 04:00:00+00:00,42234.65,42542.0,42200.0,42455.83,3330.54138,0.00027621,0.00080937,0.00222755,0.883981015384311,0,0,10527.773,9496.077,1031.696,0.5257616791975569,0.4815316086146705,1.4432678317370833,249.26900000000023,-1281.3266000000003,221905,1,0,0,0
2023-12-27 08:00:00+00:00,42455.82,43220.0,42399.72,43019.11,7678.46442,0.00037942,0.00095122,0.00239907,1.7712199936535276,0,0,32451.162,29332.929,3118.233,0.5252349184841126,0.4852333565381664,1.336460317259072,2486.599000000002,-145.123599999999,564426,1,0,0,0
2023-12-27 12:00:00+00:00,43019.11,43150.0,42706.0,42980.65,8156.72899,0.00037942,0.00095122,0.00239907,1.7712199936535276,0,0,28760.495,30276.253,-1515.7580000000016,0.48716258896916204,0.4853872263728536,-0.15508377865879278,2634.1709999999985,370.34879999999976,577719,1,0,0,0
2023-12-27 16:00:00+00:00,42980.64,43215.0,42862.56,43154.34,5972.52558,0.00032304,0.00097867,0.00252482,1.1356353193919302,0,0,18718.291,19184.990999999998,-466.6999999999971,0.49384354104217154,0.48808762605743106,0.10507519837946151,1135.7750000000015,100.82820000000065,424267,0,1,0,0
2023-12-27 20:00:00+00:00,43154.34,43677.0,43121.45,43428.85,7442.89676,0.00032304,0.00097867,0.00252482,1.1356353193919302,0,0,24365.254,22611.140999999996,1754.1130000000048,0.518670153382353,0.4956581677355116,1.0387130631471777,-228.3449999999939,784.3168000000012,533941,1,0,0,0
2023-12-28 00:00:00+00:00,43428.86,43787.57,43304.27,43408.41,6082.45863,0.00013021,0.00083267,0.0025550300000000002,-0.7508566488337596,0,0,20118.358,20521.309999999998,-402.9519999999975,0.4950423807596066,0.4976842274965139,0.08058299807423855,884.4610000000102,497.38720000000177,462432,1,0,0,0
2023-12-28 04:00:00+00:00,43408.4,43624.74,42794.11,43049.17,6215.79694,0.00013021,0.00083267,0.0025550300000000002,-0.7508566488337596,0,0,22308.217,24663.475000000002,-2355.2580000000016,0.4749289635979049,0.4984760235133905,-0.7022459456723033,-1004.0969999999943,-597.3109999999986,487108,1,0,0,0
2023-12-28 08:00:00+00:00,43049.17,43192.17,42868.36,43059.98,4444.14335,0.00037879,0.00083204,0.00283382,1.551136126225976,0,0,13231.679,12784.758999999998,446.9200000000019,0.508589185037552,0.5016105810398805,0.663313540610741,-2311.2899999999972,-204.7753999999979,308104,1,0,0,0
2023-12-28 12:00:00+00:00,43059.98,43125.03,42401.01,42445.99,8560.56823,0.00037879,0.00083204,0.00283382,1.551136126225976,0,0,36170.4,38213.816,-2043.4159999999974,0.48626445158741743,0.49830453932485586,-0.19256304362069648,-3951.753999999997,-520.118599999998,724070,1,0,0,0
2023-12-28 16:00:00+00:00,42445.99,42725.3,42241.79,42610.64,5662.59381,0.00050152,0.00101052,0.0029562599999999996,2.3539421699491005,1,0,21385.763,19986.270000000004,1399.492999999995,0.516913514982452,0.5032411377040289,1.0138622791190073,-197.0030000000006,-591.0426,440348,1,0,1,0
2023-12-28 20:00:00+00:00,42610.64,42745.97,42334.99,42563.76,4184.96389,0.00050152,0.00101052,0.0029562599999999996,2.3539421699491005,1,0,13633.096,14498.038999999999,-864.9429999999993,0.48462658900893973,0.49912762868516725,-0.3203939853779731,-1508.8660000000018,-683.4408000000003,325797,1,0,1,0
2023-12-29 00:00:00+00:00,42563.76,42800.0,42088.92,42697.42,7125.40815,0.00050152,0.00101052,0.0029562599999999996,2.3539421699491005,1,0,27189.08,27865.994,-676.913999999997,0.4938523922427205,0.495989376061028,0.09273897564504983,-142.3640000000014,-347.77199999999937,551572,0,1,1,0
2023-12-29 04:00:00+00:00,42697.42,42766.68,42222.0,42273.34,5131.05672,0.0005517,0.00143201,0.00307405,2.4159179395356043,1,0,14656.004,17415.957,-2759.9529999999977,0.4569724938241226,0.49297036654652404,-1.3697650898249643,-4301.809999999994,-989.1465999999994,341084,1,0,1,0
2023-12-29 08:00:00+00:00,42273.35,42934.0,42268.26,42862.01,5291.84387,0.00049912,0.0015523400000000001,0.0033356,1.8251914708763524,0,0,21766.73,18744.318000000003,3022.4119999999966,0.5373035523544095,0.4973163676777478,1.7272129901639133,-414.4549999999981,24.018999999999505,414348,1,0,0,0
2023-12-29 12:00:00+00:00,42862.0,43111.0,42106.64,42271.09,7861.37483,0.00049912,0.0015523400000000001,0.0033356,1.8251914708763524,0,0,31925.233,36277.477999999996,-4352.244999999995,0.46809331376871516,0.49225868371638415,-0.8934241688419886,-4089.7859999999964,-1126.3285999999985,610907,1,0,0,0
2023-12-29 16:00:00+00:00,42271.09,42351.1,41650.0,42116.51,10317.88826,0.00047082,0.0015216399999999999,0.00351083,1.4950657347006657,0,0,41640.605,46065.524,-4424.918999999994,0.4747741745619625,0.4902318630966197,-0.6528516921427892,-5754.751999999993,-1838.3237999999976,861958,1,0,0,0
2023-12-29 20:00:00+00:00,42116.51,42240.0,41300.0,42066.95,6869.61729,0.00047082,0.0015216399999999999,0.00351083,1.4950657347006657,0,0,25335.258,28539.684,-3204.4259999999995,0.47026051554728354,0.48976501829155755,-0.8611957882136264,-11981.58999999999,-2343.826199999998,520292,1,0,0,0
2023-12-30 00:00:00+00:00,42066.94,42209.22,41820.0,41972.81,3202.20282,0.00047082,0.0015216399999999999,0.00351083,1.4950657347006657,0,0,11062.119,12466.154,-1404.0349999999999,0.4701628122047037,0.48592238100827273,-0.8151973987372827,-9033.379999999994,-2072.6425999999983,252637,1,0,0,0
2023-12-30 04:00:00+00:00,41972.81,42160.0,41930.43,41947.16,2351.82225,0.00033033,0.0013002699999999999,0.00356495,0.4111325678928109,0,0,7829.716,8733.760999999999,-904.0449999999983,0.472709685291319,0.48456690437866284,-0.6826407884317396,-5512.505999999998,-2857.9339999999975,188819,1,0,0,0
2023-12-30 08:00:00+00:00,41947.16,41988.62,41520.3,41893.96,4706.52607,0.0004358,0.00123695,0.00362133,1.134774473062792,0,0,20303.349,20423.775000000005,-120.42600000000675,0.49852155040459023,0.4827277079208767,0.363896570359432,-2428.506000000005,-2011.5701999999997,407499,1,0,0,0
2023-12-30 12:00:00+00:00,41893.96,42430.0,41882.71,42374.96,4551.60091,0.0004358,0.00123695,0.00362133,1.134774473062792,0,0,23547.548,19199.197000000004,4348.350999999995,0.5508617790664528,0.48935122692662797,2.3964652235305066,3323.87999999999,-256.9162000000018,420627,1,0,0,0
2023-12-30 16:00:00+00:00,42374.97,42612.32,42247.44,42361.13,5264.43841,0.00037842,0.0011445499999999998,0.0036767099999999997,0.6571480829024879,0,0,19792.968,21222.248,-1429.2799999999988,0.4825762224438852,0.48822360994674446,-0.28467748378293556,2798.6449999999895,98.11299999999828,408628,1,0,0,0
2023-12-30 20:00:00+00:00,42361.13,42399.25,42079.97,42140.28,2829.98772,0.00037842,0.0011445499999999998,0.0036767099999999997,0.6571480829024879,0,0,8794.038,10515.796999999999,-1721.7589999999982,0.45541756312262643,0.4880681168765949,-1.2750522949601812,1197.311999999998,34.56819999999861,232153,1,0,0,0
2023-12-31 00:00:00+00:00,42140.29,42433.49,41965.84,42176.0,3144.53455,0.00027855,0.0010927699999999999,0.00382505,-0.10339229094787653,0,0,12150.717,12498.697,-347.97999999999956,0.49294141434761896,0.48363190307591575,0.12614908830560514,-3499.0189999999966,145.78119999999836,275889,0,1,0,0
2023-12-31 04:00:00+00:00,42175.99,42693.0,42156.09,42537.1,3915.10728,0.00027855,0.0010927699999999999,0.00382505,-0.10339229094787653,0,0,14618.698,13068.701000000001,1549.9969999999994,0.5279910185857473,0.48962167355761893,1.4067686186763126,-519.7419999999984,479.8657999999996,282466,1,0,0,0
2023-12-31 08:00:00+00:00,42537.1,42899.0,42369.15,42518.36,4626.12098,0.00027855,0.0010927699999999999,0.00382505,-0.10339229094787653,0,0,18994.845,18649.500999999997,345.3440000000046,0.5045869305313473,0.4926029491545575,0.44174356955220867,1547.3610000000044,-320.7355999999985,383893,0,1,0,0
2023-12-31 12:00:00+00:00,42518.36,42646.27,42352.76,42457.17,3403.65176,0.00034573,0.0010027,0.00379199,0.392445997675296,0,0,14302.814,15574.475,-1271.661,0.4787186012760395,0.493448757727433,-0.6133486438456667,623.6800000000039,-289.2117999999988,313866,1,0,0,0
2023-12-31 16:00:00+00:00,42457.17,42719.8,42436.47,42619.04,3036.19166,0.00033597,0.00096025,0.0036264400000000003,0.3062348437550596,0,0,10704.506,10791.578,-87.07200000000012,0.4979747008804022,0.49622994659500286,0.13794485499261483,-1013.3889999999956,37.72560000000085,241941,0,1,0,0
2023-12-31 20:00:00+00:00,42619.04,42680.36,42056.0,42283.58,5460.3098,0.00033597,0.00096025,0.0036264400000000003,0.3062348437550596,0,0,14668.311,17485.446000000004,-2817.135000000004,0.4561927553287163,0.49457825359874263,-1.4481037401693762,-4175.868000000004,-456.10540000000003,337344,1,0,0,0
2024-01-01 00:00:00+00:00,42283.58,42775.0,42230.08,42330.49,3948.08335,0.00037409,0.00105579,0.0034488300000000004,0.5746548511520608,0,0,15114.205,15161.63,-47.42499999999927,0.4992167846072619,0.49464777701900975,0.23045779667850738,-2951.6320000000032,-775.5897999999997,315524,0,1,0,0
2024-01-01 04:00:00+00:00,42330.5,42500.0,42180.77,42492.46,2706.9988,0.00037409,0.00105579,0.0034488300000000004,0.5746548511520608,0,0,9237.882,9646.28,-408.39800000000105,0.48918675872405665,0.4884802749847702,-0.13118813075956556,-3272.958000000004,-926.3382000000008,221373,0,1,0,0
2024-01-01 08:00:00+00:00,42492.46,42762.39,42452.58,42690.2,2948.80274,0.00027213,0.00098219,0.00322184,-0.18615570136830978,0,0,10247.825,10977.576999999997,-729.7519999999968,0.48280946575240374,0.488503599315622,-0.3503474689475623,-1185.574999999997,-817.9564000000003,248384,0,1,0,0
2024-01-01 12:00:00+00:00,42690.21,42847.07,42580.0,42783.05,2936.44406,0.00027213,0.00098219,0.00322184,-0.18615570136830978,0,0,11837.899,11322.928000000002,514.9709999999977,0.5111172843698543,0.49407357144034475,0.8300858312321775,-623.1790000000001,-697.5478000000006,270030,1,0,0,0
2024-01-01 16:00:00+00:00,42783.05,43550.0,42664.42,43517.99,5686.97164,0.00033601,0.0009822299999999997,0.00308703,0.25825528695204386,0,0,24796.809,21673.634,3123.175000000003,0.5336038866683497,0.49813981867241786,1.6488839661332058,2908.394000000004,490.5142000000007,490527,1,0,0,0
2024-01-01 20:00:00+00:00,43517.98,44184.1,43361.6,44179.55,8946.99844,0.00033601,0.0009822299999999997,0.00308703,0.25825528695204386,0,0,36024.942,30382.533000000003,5642.409,0.5424832370151101,0.4995890405153542,1.8847924218118537,9280.555,1628.4810000000004,651493,1,0,0,0
2024-01-02 00:00:00+00:00,44179.55,45500.0,44148.34,45402.38,17093.28659,0.00065846,0.0012665999999999999,0.0034151600000000004,2.363313507600096,1,0,66470.54,64078.80100000001,2391.738999999987,0.509160287526844,0.5000463762149038,0.57248558649745,11157.32299999999,2188.508399999998,1223332,1,0,1,0
2024-01-02 04:00:00+00:00,45402.38,45643.75,45121.96,45455.53,8388.42302,0.00065846,0.0012665999999999999,0.0034151600000000004,2.363313507600096,1,0,22482.188,24135.651,-1653.4630000000034,0.482265769548005,0.5004010930421003,-0.4754234856234834,6380.684999999983,2003.7661999999968,511833,0,1,1,0
2024-01-02 08:00:00+00:00,45455.52,45879.63,45200.0,45433.99,10027.39458,0.00035179,0.00134626,0.00333115,0.17983710679824752,0,0,35963.794,37161.825000000004,-1198.0310000000027,0.49180840438424184,0.4997844633924844,-0.08452082432744622,-459.7550000000192,1661.1657999999966,750516,1,0,0,0
2024-01-02 12:00:00+00:00,45433.99,45800.0,44833.33,45184.82,13236.12915,0.00035179,0.00134626,0.00333115,0.17983710679824752,0,0,47642.53,51304.84300000001,-3662.313000000009,0.4814936319734329,0.502314551056956,-0.4787927684279924,-6513.807000000015,304.06819999999425,956116,1,0,0,0
2024-01-02 16:00:00+00:00,45184.83,45399.84,44790.96,45039.49,9745.60445,0.0005373,0.0015475499999999998,0.00349003,1.4218233932352378,1,0,29429.371,30236.511,-807.1399999999994,0.4932361680331819,0.501716489399548,0.008099763273054974,-5667.484000000011,-985.8416000000055,631505,1,0,0,0
2024-01-02 20:00:00+00:00,45039.49,45297.26,44600.0,44946.91,6655.56882,0.0005373,0.0015475499999999998,0.00349003,1.4218233932352378,1,0,24784.433,26108.035999999996,-1323.6029999999955,0.48699608187608273,0.5014974217147505,-0.24117603610576516,-5793.056000000004,-1728.9100000000021,511597,1,0,0,0
2024-01-03 00:00:00+00:00,44946.91,45410.91,44862.11,45262.69,4750.68596,0.00021159,0.0011006799999999997,0.00342307,-0.9882680038478981,0,0,14203.076,13046.776,1156.2999999999993,0.5212166289930675,0.5053381380388171,1.0514677077839674,-974.4429999999957,-1166.9574000000016,353872,1,0,0,0
2024-01-03 04:00:00+00:00,45262.7,45384.84,44940.93,45011.77,4691.11517,0.00021159,0.0011006799999999997,0.00342307,-0.9882680038478981,0,0,12672.534,14374.902000000002,-1702.3680000000022,0.4685299560372376,0.5010794052055554,-1.0198161724953096,-1869.6709999999985,-1267.8248000000015,322356,1,0,0,0
2024-01-03 08:00:00+00:00,45011.77,45500.0,43500.0,43702.88,13237.52778,0.00017123,0.0009201199999999997,0.00324857,-1.2675334227161212,0,0,54003.112,64203.147999999994,-10200.035999999993,0.4568549246038239,0.4934045089991027,-1.398642561251308,-10746.103999999996,-2575.369399999998,1020925,1,0,0,0
2024-01-03 12:00:00+00:00,43702.89,43716.0,40750.0,43000.01,35484.1521,0.00017123,0.0009201199999999997,0.00324857,-1.2675334227161212,0,0,130434.982,138839.02599999995,-8404.04399999995,0.4843949958957792,0.4875956848871696,-0.32041301797043586,-20306.447999999946,-4094.7501999999886,2266607,1,0,0,0
2024-01-03 16:00:00+00:00,43000.01,43567.92,42000.0,42596.67,16895.34192,0.0001,0.0004828199999999999,0.0030126,-1.7115500466645273,0,0,58620.327,63026.405999999995,-4406.078999999998,0.48188985889164815,0.48486864202365004,-0.43449655186463526,-23010.15899999994,-4711.245399999989,1129922,1,0,0,0
2024-01-03 20:00:00+00:00,42596.66,42966.27,42518.7,42845.23,6135.7288,0.0001,0.0004828199999999999,0.0030126,-1.7115500466645273,0,0,15804.064,16626.872000000003,-822.8080000000027,0.48731445802242646,0.48537351087109226,-0.23906553240368958,-13632.930999999951,-5107.06699999999,391012,0,1,0,0
2024-01-04 00:00:00+00:00,42845.23,43220.56,42613.77,43102.8,5488.13855,0.0001,0.0003712299999999999,0.00273851,-1.7115500466645273,0,0,16563.534,16390.896,172.637999999999,0.5026193443491512,0.48645460486758313,0.35624942515721,-5056.249000000002,-4732.065799999989,383508,1,0,0,0
2024-01-04 04:00:00+00:00,43102.79,43273.08,42756.97,42763.08,5443.39629,0.0001,0.0003712299999999999,0.00273851,-1.7115500466645273,0,0,15401.014,18696.975000000002,-3295.961000000003,0.45166927586257355,0.48347216925649716,-1.6915529986261273,-3946.1310000000067,-3351.2507999999916,383654,1,0,0,0
2024-01-04 08:00:00+00:00,42763.08,43233.81,42616.28,43176.32,6746.40949,0.0001,0.00030000000000000003,0.00256638,-1.7115500466645273,0,0,20997.519,20355.729,641.7900000000009,0.5077598499639012,0.4849245374495691,0.5638190295860801,-2481.533000000003,-1542.0840000000007,506404,1,0,0,0
2024-01-04 12:00:00+00:00,43176.33,44329.99,43097.06,44051.1,11599.01023,0.0001,0.00030000000000000003,0.00256638,-1.7115500466645273,0,0,46114.37,43417.335,2697.0350000000035,0.5150618990222514,0.48773111916418604,0.988219766978559,42.8640000000014,-121.46120000000046,913190,1,0,0,0
2024-01-04 16:00:00+00:00,44051.1,44437.5,43777.86,43956.48,9399.52176,0.0001,0.00030000000000000003,0.0023303699999999996,-1.5729930802730783,0,0,33108.679,34177.86800000001,-1069.189000000013,0.4920549571372713,0.48481495197860636,-0.03661869825926779,2269.6359999999913,-170.73740000000254,788010,1,0,0,0
2024-01-04 20:00:00+00:00,43956.48,44729.58,43890.9,44151.1,9361.58702,0.0001,0.00030000000000000003,0.0023303699999999996,-1.5729930802730783,0,0,35141.055,33558.124,1582.9309999999969,0.5115207417544247,0.4891140305503251,0.7696824633650269,3210.7769999999873,111.32119999999705,803493,1,0,0,0
2024-01-05 00:00:00+00:00,44151.1,44284.0,42450.0,43465.21,11721.50264,0.0001,0.00030000000000000003,0.0023303699999999996,-1.5729930802730783,0,0,45240.155,47253.826,-2013.671000000002,0.4891145835749031,0.49233999644743304,-0.2528676886935885,-1499.9290000000183,367.7791999999972,942939,1,0,0,0
2024-01-05 04:00:00+00:00,43465.21,43926.0,43187.89,43777.47,4949.61031,0.0001,0.00030000000000000003,0.00177191,-1.4525882063973143,0,0,18714.767,18105.697999999997,609.0690000000031,0.5082707945160388,0.49472757630945907,0.6794126539228745,178.3289999999979,361.2349999999977,471251,1,0,0,0
2024-01-05 08:00:00+00:00,43777.48,44324.8,43433.0,43771.34,7055.63723,0.0001,0.00030000000000000003,0.0015201199999999998,-1.380135642804096,0,0,26432.757,27500.353999999996,-1067.5969999999943,0.490102582808546,0.4955488487011488,-0.1615030676314236,-2472.1989999999932,-391.69140000000186,660002,1,0,0,0
2024-01-05 12:00:00+00:00,43771.34,44110.07,43100.0,43500.01,10044.2804,0.0001,0.00030000000000000003,0.0015201199999999998,-1.380135642804096,0,0,40075.833,42290.094,-2214.2609999999986,0.4865583920399512,0.4954732421029012,-0.34539084537744935,-2672.7889999999898,-620.705799999999,938437,1,0,0,0
2024-01-05 16:00:00+00:00,43500.01,43808.07,43100.46,43600.0,7460.07613,0.0001,0.00030000000000000003,0.00108282,-1.297634229452374,0,0,25723.871,24852.939,870.9320000000007,0.5086099933942058,0.49607230700740673,0.6913014316712242,-2410.925999999992,-763.1055999999983,644196,1,0,0,0
2024-01-05 20:00:00+00:00,43600.0,44357.46,43580.51,44145.11,6844.14656,0.0001,0.00030000000000000003,0.00108282,-1.297634229452374,0,0,30197.514,28579.983000000004,1617.5309999999954,0.5137597812305618,0.5022813575442056,0.8865470117034348,274.2019999999975,-36.86519999999873,642644,1,0,0,0
2024-01-06 00:00:00+00:00,44145.12,44214.42,43812.5,43931.1,3123.46193,0.0001,0.00030000000000000003,0.00097123,-1.227415127778873,0,0,10718.076,11625.963000000002,-907.8870000000024,0.47968391032615004,0.4994737635804305,-0.7759979536295157,1580.5759999999937,-340.25639999999987,310751,1,0,0,0
2024-01-06 04:00:00+00:00,43931.1,43971.1,43397.05,43653.2,4242.79756,0.0001,0.00030000000000000003,0.00097123,-1.227415127778873,0,0,16163.733,16059.831999999999,103.90100000000166,0.5016121897127149,0.4981287926494768,0.2882600568803896,813.5449999999946,-105.95680000000065,414181,0,1,0,0
2024-01-06 08:00:00+00:00,43653.2,43771.1,43551.28,43671.96,2449.54997,0.0001,0.00030000000000000003,0.0009000000000000001,-1.1475010709824383,0,0,9448.34,9123.256000000001,325.0839999999989,0.5087521826341689,0.4997985151991665,0.5992997232420351,-478.90200000000186,401.91219999999885,257505,1,0,0,0
2024-01-06 12:00:00+00:00,43671.97,43920.08,43527.27,43867.17,2610.13838,0.0001,0.00030000000000000003,0.0009000000000000001,-1.1475010709824383,0,0,11277.899,10403.016000000001,874.882999999998,0.5201763394210991,0.500664074965834,1.133841354967136,1303.8679999999986,402.7023999999983,314204,1,0,0,0
2024-01-06 16:00:00+00:00,43867.17,44148.58,43828.5,43906.36,2971.24432,0.0001,0.00030000000000000003,0.0009000000000000001,-1.0805877297729392,0,0,11868.339,11547.2,321.1389999999992,0.5068573907267306,0.5024383556810168,0.5569544700320852,1521.1059999999961,143.42399999999907,331570,1,0,0,0
2024-01-06 20:00:00+00:00,43906.35,43980.0,43611.19,43968.32,2437.86928,0.0001,0.00030000000000000003,0.0009000000000000001,-1.0805877297729392,0,0,9797.216,10509.927,-712.7109999999993,0.48245171662010755,0.49985644789142364,-0.6661011702989219,483.3109999999979,182.4591999999997,280468,0,1,0,0
2024-01-07 00:00:00+00:00,43968.32,44259.29,43833.4,43940.41,3397.43777,0.0001,0.00030000000000000003,0.0009000000000000001,-1.0682926578737353,0,0,12581.635,12922.567000000001,-340.9320000000007,0.49331616021548136,0.5001778056321171,-0.012540907948124848,-732.5040000000008,93.49259999999921,364956,1,0,0,0
2024-01-07 04:00:00+00:00,43940.41,44100.0,43843.52,44080.0,2347.11787,0.0001,0.00030000000000000003,0.0009000000000000001,-1.0682926578737353,0,0,8417.265,8381.39,35.875,0.5010677938203981,0.5016287458101619,0.4038206584872289,-1017.768,35.650799999999435,233876,1,0,0,0
2024-01-07 08:00:00+00:00,44080.0,44167.81,43880.65,44061.1,3023.73501,0.0001,0.00030000000000000003,0.0009000000000000001,-1.0682926578737353,0,0,10246.525,10816.426000000001,-569.9010000000017,0.4864714825572162,0.49941489472646283,-0.4375242865886938,-874.9580000000024,-253.3060000000005,301862,1,0,0,0
2024-01-07 12:00:00+00:00,44061.1,44480.59,43945.15,44047.57,5972.98911,0.0001,0.00030000000000000003,0.0009000000000000001,-1.001450831496237,0,0,24279.517,24741.235999999997,-461.7189999999973,0.4952905762177909,0.4975679742251858,0.05000241884447738,-995.744999999999,-409.8775999999998,621907,1,0,0,0
2024-01-07 16:00:00+00:00,44047.57,44262.53,43700.0,44244.77,3590.89146,0.0001,0.00030000000000000003,0.0009000000000000001,-1.001450831496237,0,0,16308.264,15854.104,454.15999999999985,0.5070604254015127,0.500305625732722,0.7088378672784912,-577.4599999999991,-176.50339999999997,437442,1,0,0,0
2024-01-07 20:00:00+00:00,44244.77,44269.92,43572.09,43929.02,4691.67958,0.0001,0.00030000000000000003,0.0009000000000000001,-0.9388260841469797,0,0,17197.829,18963.956000000002,-1766.1270000000004,0.4755802015857348,0.497702426920024,-1.0848658236684274,-1773.6859999999979,-461.54239999999993,466407,1,0,0,0
2024-01-08 00:00:00+00:00,43929.01,43986.0,43175.0,43518.2,7371.99098,0.0001,0.00030000000000000003,0.0009000000000000001,-0.8855356434454448,0,0,23449.589,25755.824999999997,-2306.235999999997,0.4765652210547401,0.4944837307620812,-0.9685494372215959,-3618.2029999999977,-929.9645999999993,625402,1,0,0,0
2024-01-08 04:00:00+00:00,43518.2,44341.8,43430.79,43974.55,7157.43221,0.0001,0.00030000000000000003,0.0009000000000000001,-0.8855356434454448,0,0,27653.619,25033.525999999998,2620.0930000000008,0.5248646325398729,0.49495256007395855,1.7304128993254768,-1452.2699999999968,-291.96579999999886,578783,1,0,0,0
2024-01-08 08:00:00+00:00,43974.55,44688.0,43641.73,44635.99,6636.26767,0.0001,0.00030000000000000003,0.0009000000000000001,-0.830501092480573,0,0,25587.627,22963.68,2623.947,0.5270224136293592,0.49696906236422134,1.780513427021072,2937.8040000000037,325.1674000000006,599443,1,0,0,0
2024-01-08 12:00:00+00:00,44636.0,45333.0,44350.0,44963.04,17212.53878,0.0001,0.00030000000000000003,0.0009000000000000001,-0.830501092480573,0,0,62132.564,62333.679000000004,-201.11500000000524,0.49919209017982485,0.4986430997201931,0.08761291467919007,5042.924999999996,194.1123999999996,1340917,0,1,0,0
2024-01-08 16:00:00+00:00,44963.04,47248.99,44793.97,46979.35,24462.97732,0.0001,0.00030000000000000003,0.0009000000000000001,-0.7763469629103812,0,0,88001.764,80434.55000000002,7567.213999999978,0.5224631310799166,0.5015577968066367,1.3858918101871938,9990.045999999973,2060.7805999999955,1772830,1,0,0,0
2024-01-08 20:00:00+00:00,46979.36,47207.16,46653.84,46951.04,9973.36893,0.0001,0.00030000000000000003,0.0009000000000000001,-0.7763469629103812,0,0,25543.664,26197.895999999997,-654.2319999999963,0.4936778867896523,0.500818806103562,-0.33610430620146414,6711.8669999999765,2391.1813999999954,635552,1,0,0,0
2024-01-09 00:00:00+00:00,46951.04,47150.0,46230.0,46926.96,10102.12931,0.0001,0.00030000000000000003,0.0009000000000000001,-0.7763469629103812,0,0,29835.231,32440.318,-2605.0869999999995,0.4790841908113889,0.5000800769289794,-1.1344725000655487,4307.894999999982,1346.1453999999953,727951,1,0,0,0
2024-01-09 04:00:00+00:00,46926.96,46940.0,46599.43,46825.51,4707.40981,0.0001,0.00030000000000000003,0.0009000000000000001,-0.7265378443099069,0,0,12632.443,12933.591,-301.14800000000105,0.4941103888072745,0.49996205818792766,-0.3960168316811277,-3560.466999999997,761.1263999999952,358949,1,0,0,0
2024-01-09 08:00:00+00:00,46825.52,46874.94,46381.1,46615.99,6018.83491,0.0001,0.00030000000000000003,0.0009000000000000001,-0.6743956519046023,0,0,18066.467,19498.09,-1431.6229999999996,0.4809444977615469,0.4973504654239312,-1.2039530307048802,-4337.858,515.0247999999963,481848,1,0,0,0
2024-01-09 12:00:00+00:00,46616.0,47051.21,45450.0,46868.09,15811.82358,0.0001,0.00030000000000000003,0.0009000000000000001,-0.6743956519046023,0,0,64126.476,63158.414,968.0620000000054,0.5038027373084111,0.5001727189961989,0.34795136871828175,-764.7089999999953,-804.8055999999982,1370333,1,0,0,0
2024-01-09 16:00:00+00:00,46868.08,46975.0,46500.0,46876.01,7310.48299,0.0001,0.00030000000000000003,0.0009000000000000001,-0.6240600697866923,0,0,20608.338,21654.605,-1046.2669999999998,0.48762193394813985,0.5012783902855387,-0.7340127472402496,-1509.827999999994,-883.2125999999989,615356,0,1,0,0
2024-01-09 20:00:00+00:00,46876.0,47972.0,44748.67,46110.0,25976.98557,0.0001,0.00030000000000000003,0.0009000000000000001,-0.6240600697866923,0,0,110087.452,108321.34799999998,1766.1040000000212,0.5040431154788635,0.4991962385794378,0.3931018072356058,1687.8990000000267,-8.974399999994784,2421359,0,1,0,0
2024-01-10 00:00:00+00:00,46110.0,46249.14,45622.0,46117.1,6964.52629,0.0001,0.00030000000000000003,0.0009000000000000001,-0.5838463626474054,0,0,18838.223,17843.099,995.1240000000034,0.5135644511394655,0.4978504423304484,0.9759277045196733,1714.9610000000248,250.2800000000061,600237,1,0,0,0
2024-01-10 04:00:00+00:00,46117.1,46186.0,45734.56,45757.98,4441.30134,0.0001,0.00030000000000000003,0.0009000000000000001,-0.5838463626474054,0,0,10186.098,11569.126999999999,-1383.0289999999986,0.46821386586440733,0.4947526198989066,-1.8748082140602782,1378.199000000026,259.9988000000063,352877,1,0,0,0
2024-01-10 08:00:00+00:00,45757.98,45861.1,45000.0,45515.89,8371.11286,0.0001,0.00030000000000000003,0.0009000000000000001,-0.5370085738337586,0,0,24544.782,29509.983,-4965.201000000001,0.45407249481151196,0.4879135562720663,-2.4106628355729414,-5353.105999999996,-926.6537999999949,675166,1,0,0,0
2024-01-10 12:00:00+00:00,45515.88,45662.01,44300.36,45546.4,17519.34998,0.0001,0.00030000000000000003,0.0009000000000000001,-0.5370085738337586,0,0,72813.075,76914.542,-4101.467000000004,0.4863035721726607,0.48717612481036693,-0.5808399519001747,-10449.697000000004,-1537.693799999996,1670479,0,1,0,0
2024-01-10 16:00:00+00:00,45546.39,46666.0,45173.97,46489.18,17808.51212,0.0001,0.00030000000000000003,0.0009000000000000001,-0.4913309664015272,0,0,65509.879,64555.558000000005,954.3209999999963,0.5036686187430408,0.4896345676035322,0.4159367034251147,-8112.347000000009,-1700.0504000000008,1518913,1,0,0,0
2024-01-10 20:00:00+00:00,46489.19,47695.93,44800.0,46653.99,34806.60944,0.0001,0.00030000000000000003,0.0009000000000000001,-0.4913309664015272,0,0,136349.338,140023.77000000002,-3674.43200000003,0.49335240677613246,0.48955876940041804,-0.13605507012434132,-6821.578000000038,-2633.9616000000074,3113090,0,1,0,0
2024-01-11 00:00:00+00:00,46654.0,46750.0,46200.0,46502.16,7964.915,0.0001,0.00030000000000000003,0.0009000000000000001,-0.44231937623076156,0,0,19526.074,21237.028,-1710.953999999998,0.4790134470139196,0.4893656643256552,-0.9658690900386272,-4431.065000000031,-2699.5466000000074,676019,1,0,0,0
2024-01-11 04:00:00+00:00,46502.17,46507.08,45618.1,46101.4,7551.87335,0.0001,0.00030000000000000003,0.0009000000000000001,-0.44231937623076156,0,0,19553.745,22609.603,-3055.858,0.4637616775593817,0.48536155835075234,-1.6877967601372874,-8441.244000000028,-2317.678000000007,617458,1,0,0,0
2024-01-11 08:00:00+00:00,46101.4,47150.0,46052.0,47060.0,8538.48554,0.0001,0.00030000000000000003,0.0009000000000000001,-0.4043794804525977,0,0,26266.655,23990.087,2276.5679999999993,0.5226493790624152,0.4888643028621799,1.4846396764715628,-2490.243999999999,-1042.0710000000065,866074,1,0,0,0
2024-01-11 12:00:00+00:00,47059.99,48969.48,46463.19,46783.78,36318.80534,0.0001,0.00030000000000000003,0.0009000000000000001,-0.4043794804525977,0,0,138195.736,140378.893,-2183.1570000000065,0.4960815580947969,0.48806814712377317,0.11106383870268288,-2962.4470000000074,-1669.566600000007,3262168,1,0,0,0
2024-01-11 16:00:00+00:00,46783.77,47022.07,45606.06,46692.3,19172.2659,0.0001,0.00030000000000000003,0.0009000000000000001,-0.35749553396872924,0,0,67906.357,68125.49399999999,-219.1369999999879,0.4991945379027446,0.48663115580010113,0.2994613014495453,-125.72599999999511,-978.5075999999987,1947501,1,0,0,0
2024-01-11 20:00:00+00:00,46692.29,46975.0,46084.69,46339.16,7923.98447,0.0001,0.00030000000000000003,0.0009000000000000001,-0.35749553396872924,0,0,23505.553,25403.154000000002,-1897.6010000000024,0.4806005809967538,0.4878698273133358,-0.7307593970012144,-4299.894999999997,-1015.8369999999995,778414,1,0,0,0
2024-01-12 00:00:00+00:00,46339.16,46515.53,45898.0,45994.0,5377.44001,0.0001,0.00030000000000000003,0.0009000000000000001,-0.35749553396872924,0,0,18327.249,19492.458000000002,-1165.2090000000026,0.48459521381273524,0.49092209921345803,-0.49058795095460406,-3281.946999999993,-637.7072000000001,554214,1,0,0,0
2024-01-12 04:00:00+00:00,45994.01,46366.0,45742.49,46008.19,5766.26871,0.0001,0.00030000000000000003,0.0009000000000000001,-0.31503839013065776,0,0,16743.325,18414.967999999997,-1671.6429999999964,0.4762269032799744,0.4899144323241895,-0.8973690683419085,-4734.453000000001,-1427.3493999999992,542055,0,1,0,0
2024-01-12 08:00:00+00:00,46008.19,46267.0,45537.37,45954.35,7038.70566,0.0001,0.00030000000000000003,0.0009000000000000001,-0.2514736407518903,0,0,23946.656,23976.246000000003,-29.590000000003783,0.4996912749565959,0.489516697945545,0.3615898341774677,-2866.4420000000027,-996.6359999999986,744916,1,0,0,0
2024-01-12 12:00:00+00:00,45954.35,46109.0,44333.44,44462.01,19196.21655,0.0001,0.00030000000000000003,0.0009000000000000001,-0.2514736407518903,0,0,58101.709,64160.977,-6059.267999999996,0.47522028920581705,0.4877034861885134,-0.9254190766576424,-7760.500999999997,-2164.6622,1589027,1,0,0,0
2024-01-12 16:00:00+00:00,44462.0,44675.88,43212.0,43472.55,26388.04032,0.0001,0.00030000000000000003,0.0009000000000000001,-0.2561649560201057,0,0,85997.236,93069.171,-7071.934999999998,0.4802533174187161,0.4878274732289931,-0.6090954639210256,-13160.792999999998,-3199.5289999999995,2139866,1,0,0,0
2024-01-12 20:00:00+00:00,43472.56,43981.1,41500.0,42782.73,22561.26582,0.0001,0.00030000000000000003,0.0009000000000000001,-0.2561649560201057,0,0,71598.298,82114.96500000001,-10516.667000000016,0.46579128308531187,0.4880304337815861,-1.3464647300311365,-23647.87000000001,-5069.820600000002,1769522,1,0,0,0
2024-01-13 00:00:00+00:00,42782.74,42997.29,42436.12,42609.94,9945.53429,0.0001,0.00030000000000000003,0.0009000000000000001,-0.18257278194296303,0,0,19517.242,19531.897000000004,-14.655000000006112,0.499812351816515,0.48574673105699606,0.41935239032327537,-17603.25700000002,-4738.423000000004,690016,1,0,0,0
2024-01-13 04:00:00+00:00,42609.94,43254.03,42555.84,43102.97,6237.82222,0.0001,0.00030000000000000003,0.0009000000000000001,-0.18257278194296303,0,0,16763.825,17078.592,-314.7669999999998,0.4953495195097915,0.4856735271984956,0.24725252619996302,-10846.089000000022,-4795.458400000003,519238,0,1,0,0
2024-01-13 08:00:00+00:00,43102.97,43254.96,42509.11,42624.0,6962.30044,0.0001,0.00030000000000000003,0.0009000000000000001,0.0,0,0,20601.969,22295.628999999997,-1693.6599999999962,0.4802592676634249,0.48378000017456363,-0.5585079514295958,-2023.0820000000022,-3922.336800000003,634810,1,0,0,0
2024-01-13 12:00:00+00:00,42624.01,43257.0,42505.0,43154.48,6063.35625,0.0001,0.00030000000000000003,0.0009000000000000001,0.0,0,0,22791.102,21924.664000000004,866.4379999999946,0.5096882830990751,0.4866887703847957,1.1907299843304748,-1141.9890000000014,-2334.6622000000048,678424,1,0,0,0
2024-01-13 16:00:00+00:00,43154.48,43185.0,42724.39,42786.25,4181.84325,0.0001,0.00030000000000000003,0.0009000000000000001,0.0,0,0,14766.947,16441.009,-1674.061999999998,0.4731789227080428,0.4855471412743265,-0.9460952712973233,-2501.2839999999997,-566.1412000000012,478697,1,0,0,0
2024-01-13 20:00:00+00:00,42786.25,43040.01,42699.52,42847.99,2727.61819,0.0001,0.00030000000000000003,0.0009000000000000001,0.0,0,0,7897.17,8127.280000000001,-230.11000000000058,0.4928200343849555,0.48720645438482457,0.2989739745163993,-1037.734000000004,-609.2322,283123,0,1,0,0
2024-01-14 00:00:00+00:00,42847.99,42890.23,42643.98,42681.82,2769.17313,0.0001,0.00030000000000000003,0.0009000000000000001,0.0,0,0,8102.131,9682.912,-1580.781,0.45555869614709393,0.48279319650387437,-1.8896332924787966,-3484.9529999999986,-862.4350000000001,303286,1,0,0,0
2024-01-14 04:00:00+00:00,42681.82,43060.0,42562.56,43011.44,3036.75324,0.0001,0.00030000000000000003,0.0009000000000000001,0.0,0,0,9933.529,10260.734999999999,-327.2059999999983,0.49189854109067804,0.4844610216923605,0.27756888775303973,-2138.096999999999,-589.1442000000004,344014,0,1,0,0
2024-01-14 08:00:00+00:00,43011.44,43079.0,42759.34,42829.99,2885.27669,0.0001,0.00030000000000000003,0.0009000000000000001,0.0,0,0,8974.439,9507.119,-532.6800000000003,0.4855888773013617,0.48499457768062504,-0.10794208246086431,-2440.6669999999986,-868.9677999999994,297575,1,0,0,0
2024-01-14 12:00:00+00:00,42829.99,43005.25,42710.0,42904.38,3635.86614,0.0001,0.00030000000000000003,0.0009000000000000001,0.0,0,0,9439.243,8997.561,441.6820000000007,0.5119782691186607,0.4896132762839599,1.4232837922071055,-418.2039999999979,-445.8189999999997,307566,1,0,0,0
2024-01-14 16:00:00+00:00,42904.39,43010.84,42632.59,42660.0,4024.3682,0.0001,0.00030000000000000003,0.0009000000000000001,0.0,0,0,11052.537,12035.124,-982.5869999999995,0.47872051655644116,0.48750409275795253,-0.5042049604752668,-1073.5849999999991,-596.3143999999995,330381,1,0,0,0
2024-01-14 20:00:00+00:00,42660.0,42745.98,41720.0,41732.35,11876.97154,0.0001,0.00030000000000000003,0.0009000000000000001,0.0,0,0,38724.029,44387.609000000004,-5663.580000000002,0.4659278764304946,0.48456192845002277,-1.1666484665581673,-6204.485000000001,-1412.8741999999997,1003696,1,0,0,0
2024-01-15 00:00:00+00:00,41732.35,42640.0,41718.05,42565.99,5828.29771,0.0001,0.00030000000000000003,0.0009000000000000001,0.0,0,0,19085.233,17313.684,1771.548999999999,0.5243351883244218,0.4889695205161225,2.106540707307962,-4874.618000000002,-993.1232000000003,541636,1,0,0,0
2024-01-15 04:00:00+00:00,42565.99,42824.68,42499.01,42714.78,4383.51739,0.0001,0.00030000000000000003,0.0009000000000000001,0.0,0,0,12514.799,13280.573999999999,-765.7749999999978,0.48515673721794994,0.48651636592801006,-0.10585069547549707,-4657.8060000000005,-1039.7422,368789,0,1,0,0
2024-01-15 08:00:00+00:00,42714.78,42775.0,42540.0,42697.99,3812.52325,0.0001,0.00030000000000000003,0.0009000000000000001,0.0,0,0,10505.309,10691.868,-186.5590000000011,0.49559943760435643,0.4887584174176414,0.4338807063801143,819.2150000000001,-1165.3904000000002,349192,1,0,0,0
2024-01-15 12:00:00+00:00,42698.0,42958.03,42163.32,42278.99,8595.73488,0.0001,0.00030000000000000003,0.0009000000000000001,0.0,0,0,27601.647,29561.821999999996,-1960.1749999999956,0.482854653205179,0.48776187929966375,-0.32770798711462756,-2912.5089999999946,-1360.9079999999994,770383,1,0,0,0
2024-01-15 16:00:00+00:00,42278.99,43400.43,42249.0,42992.67,12331.30651,0.0001,0.00030000000000000003,0.0009000000000000001,0.0,0,0,34314.589,30998.545,3316.0440000000017,0.5253857363512827,0.49474458332008264,2.0514518485663,1169.310000000005,435.01680000000124,865164,1,0,0,0
2024-01-15 20:00:00+00:00,42992.67,43114.45,42342.18,42511.1,5318.51329,0.0001,0.00030000000000000003,0.0009000000000000001,0.0,0,0,17305.538,16885.533000000003,420.0049999999974,0.5061420275486544,0.4961689319658803,0.9282896208574644,1775.8740000000034,164.7080000000009,498749,0,1,0,0
2024-01-16 00:00:00+00:00,42511.1,42939.5,42466.88,42924.56,4025.27939,0.0001,0.00030000000000000003,0.0009000000000000001,0.0,0,0,11774.131,10313.855000000001,1460.275999999998,0.5330558883910919,0.5009156330748532,2.1391196701373505,5196.324999999997,609.9182000000001,331740,1,0,0,0
2024-01-16 04:00:00+00:00,42924.57,42946.05,42606.92,42791.13,3648.24949,0.0001,0.00030000000000000003,0.0009000000000000001,0.0,0,0,9151.294,10879.352,-1728.058000000001,0.4568646463024707,0.49540427079323435,-1.7146934971549679,152.2229999999945,301.6184000000001,284636,1,0,0,0
2024-01-16 08:00:00+00:00,42791.14,43153.66,42720.06,42900.54,4849.24572,0.0001,0.00030000000000000003,0.0009000000000000001,0.0,0,0,15532.086,16600.997,-1068.911,0.48336743785213515,0.49586896292280364,-0.33298567443874666,-1336.693000000003,479.87119999999925,436932,0,1,0,0
2024-01-16 12:00:00+00:00,42900.55,43314.73,42050.0,43252.67,17967.98589,0.0001,0.00030000000000000003,0.0009000000000000001,0.0,0,0,61306.357,60426.463,879.8940000000002,0.5036140376933681,0.49963757904909106,0.7122520394850674,-1917.0750000000007,-7.358800000001065,1269424,1,0,0,0
2024-01-16 16:00:00+00:00,43252.45,43434.0,42834.29,43166.11,7723.95687,0.0001,0.00030000000000000003,0.0009000000000000001,0.0,0,0,24495.434,25854.104999999996,-1358.6709999999948,0.48650761231398765,0.49585482144804754,-0.15846959605293995,-1547.6879999999946,-363.0939999999995,707086,1,0,0,0
2024-01-16 20:00:00+00:00,43166.1,43578.01,43060.69,43137.95,6831.02853,0.0001,0.00030000000000000003,0.0009000000000000001,0.0,0,0,20237.533,20635.626,-398.09300000000076,0.4951301415190345,0.4968521618781561,0.26826356240214955,-876.8699999999953,-734.7677999999993,562095,1,0,0,0
2024-01-17 00:00:00+00:00,43137.94,43198.0,42844.98,42849.0,3711.95254,0.0001,0.00030000000000000003,0.0009000000000000001,0.0,0,0,9692.783,10908.421000000002,-1215.6380000000026,0.47049594771257053,0.4943418128889775,-0.9840447630155836,-2972.401999999998,-632.2837999999996,316793,1,0,0,0
2024-01-17 04:00:00+00:00,42849.0,42925.49,42619.6,42655.94,3612.2361,0.0001,0.00030000000000000003,0.0009000000000000001,0.0,0,0,12013.437,12535.523,-522.0859999999993,0.4893664334456531,0.49499299091302496,-0.03232971798954424,-2135.8170000000027,-522.9187999999995,338139,1,0,0,0
2024-01-17 08:00:00+00:00,42655.95,42850.55,42564.0,42680.16,4412.74724,0.0001,0.00030000000000000003,0.0009000000000000001,0.0,0,0,13279.932,11851.364999999998,1428.5670000000027,0.5284220706953565,0.49529662434743227,1.8389842525501983,-309.15699999999924,-413.18419999999895,373224,1,0,0,0
2024-01-17 12:00:00+00:00,42680.16,42926.02,42365.58,42482.79,9542.90182,0.0001,0.00030000000000000003,0.0009000000000000001,0.0,0,0,33894.23,34956.275,-1062.0449999999983,0.49228731147287885,0.49391115273985464,0.03836910521293046,-155.56399999999485,-353.85899999999964,869061,1,0,0,0
2024-01-17 16:00:00+00:00,42482.8,42745.99,42200.69,42611.11,6233.49263,0.0001,0.00030000000000000003,0.0009000000000000001,0.0,0,0,21128.072,19744.025,1384.0469999999987,0.5169314410268697,0.4922987080034325,1.1765778668789788,1750.5690000000031,2.5690000000002327,593771,1,0,0,0
2024-01-17 20:00:00+00:00,42611.1,42876.48,42450.0,42776.1,5752.88355,0.0001,0.00030000000000000003,0.0009000000000000001,0.0,0,0,14372.146,15019.872,-647.7259999999987,0.4889812601502898,0.49551036938821447,-0.2270531158757907,-325.72399999999834,116.15140000000102,405409,0,1,0,0
2024-01-18 00:00:00+00:00,42776.09,42784.4,42502.19,42592.05,2777.25237,0.0001,0.00030000000000000003,0.0009000000000000001,0.0,0,0,7124.174,8207.783,-1083.6089999999995,0.464661751921167,0.4936398007951176,-1.344668183358236,-347.28799999999956,3.846800000000985,244204,1,0,0,0
2024-01-18 04:00:00+00:00,42592.04,42922.0,42589.0,42915.33,3393.11338,0.0001,0.00030000000000000003,0.0009000000000000001,0.0,0,0,9805.651,9880.005,-74.35399999999936,0.49811146755790103,0.4930895437815709,0.2757875053393498,-1805.6889999999976,-296.7373999999994,298691,0,1,0,0
2024-01-18 08:00:00+00:00,42915.32,42930.0,42387.68,42544.59,4867.13625,0.0001,0.00030000000000000003,0.0009000000000000001,0.0,0,0,15640.028,18164.646,-2524.6180000000004,0.4626587435808433,0.49070465690825643,-1.3764587550251184,-3682.580999999999,-589.2519999999998,484283,1,0,0,0
2024-01-18 12:00:00+00:00,42544.6,42810.0,42353.8,42619.32,5286.53164,0.0001,0.00030000000000000003,0.0009000000000000001,0.0,0,0,21045.746,20875.736000000004,170.00999999999476,0.502027719344464,0.4913944146907993,0.4965438045238536,-2428.962000000005,-832.0594000000007,600309,1,0,0,0
2024-01-18 16:00:00+00:00,42619.31,42619.32,40831.99,41022.32,17408.6553,0.0001,0.00030000000000000003,0.0009000000000000001,0.0,0,0,69115.908,82195.022,-13079.114000000001,0.4567806701075725,0.4900228869302996,-1.5772070637660998,-15433.722000000007,-3318.337000000001,1758911,1,0,0,0
2024-01-18 20:00:00+00:00,41022.33,41366.99,40683.28,41327.5,10174.82747,0.0001,0.00030000000000000003,0.0009000000000000001,0.0,0,0,37261.836,35764.221,1497.6150000000052,0.5102539768784176,0.492111641273576,0.846792446341683,-11411.489000000001,-2802.0922,995464,1,0,0,0
2024-01-19 00:00:00+00:00,41327.51,41370.99,40752.26,41055.87,5747.52107,0.0001,0.00030000000000000003,0.0009000000000000001,0.0,0,0,17195.882,19099.338999999996,-1903.4569999999949,0.47377813183724665,0.4866472473877651,-0.8699269301864723,-13484.955999999991,-3167.912799999999,518310,1,0,0,0
2024-01-19 04:00:00+00:00,41055.88,41576.0,41038.81,41284.25,5252.30425,0.0001,0.00030000000000000003,0.0009000000000000001,0.0,0,0,16141.747,15711.451000000001,430.29599999999846,0.5067543610534804,0.48809395234582525,0.6563588035412874,24.45400000000882,-2576.9299999999994,459230,1,0,0,0
2024-01-19 08:00:00+00:00,41284.26,41509.69,41143.33,41475.37,4432.7711,0.0001,0.00030000000000000003,0.0009000000000000001,0.0,0,0,14001.736,13933.470999999998,68.26500000000306,0.5012218452506904,0.48652299276820726,0.37296418032327,-1404.8959999999934,-2597.2789999999977,424019,1,0,0,0
2024-01-19 12:00:00+00:00,41475.37,41488.2,40718.0,40894.71,9260.88788,0.0001,0.00030000000000000003,0.0009000000000000001,0.0,0,0,32965.764,34784.405999999995,-1818.6419999999925,0.48657832150089075,0.48628269890326725,-0.2756114794346197,-1320.080999999991,-345.1845999999961,893631,1,0,0,0
2024-01-19 16:00:00+00:00,40894.71,41979.0,40280.0,41814.27,16100.60089,0.0001,0.00030000000000000003,0.0009000000000000001,0.0,0,0,71375.283,67041.59599999999,4333.687000000005,0.5156544744806737,0.491381971159218,1.0306284582967855,2583.310000000016,222.0298000000039,1604182,1,0,0,0
2024-01-19 20:00:00+00:00,41814.27,42196.86,41517.6,41659.03,7548.6604,0.0001,0.00030000000000000003,0.0009000000000000001,0.0,0,0,21881.25,21809.805,71.44499999999971,0.5008176158712578,0.4916525859905537,0.29032437778473175,2586.4900000000125,617.0102000000028,586174,0,1,0,0
2024-01-20 00:00:00+00:00,41659.03,41700.0,41456.3,41634.65,2986.2123,0.0001,0.00030000000000000003,0.0009000000000000001,0.0,0,0,9177.202,8978.649,198.55299999999988,0.5054680168943885,0.4959335133219082,0.5623725144708575,4603.685000000005,570.6616000000031,263547,0,1,0,0
2024-01-20 04:00:00+00:00,41634.64,41774.0,41564.81,41650.95,2111.60902,0.0001,0.00030000000000000003,0.0009000000000000001,0.0,0,0,6077.034,6838.064,-761.0300000000007,0.4705371960785741,0.49278446099531925,-1.1288170179473984,-491.03200000000106,404.80260000000237,174383,0,1,0,0
2024-01-20 08:00:00+00:00,41650.95,41668.66,41459.02,41580.83,3106.35262,0.0001,0.00030000000000000003,0.0009000000000000001,0.0,0,0,10224.381,10788.206,-563.8250000000007,0.48658363675067706,0.4957647576596297,-0.33077643626393743,-1126.3020000000015,655.7660000000008,266186,1,0,0,0
2024-01-20 12:00:00+00:00,41580.82,41700.0,41478.0,41570.11,2908.6422,0.0001,0.00030000000000000003,0.0009000000000000001,0.0,0,0,9275.774,9003.586000000001,272.1879999999983,0.5074452278416749,0.49548388275595545,0.6433985380021936,-1052.667000000003,-156.5338000000007,254881,0,1,0,0
2024-01-20 16:00:00+00:00,41570.1,41684.94,41526.36,41632.96,2143.21383,0.0001,0.00030000000000000003,0.0009000000000000001,0.0,0,0,5393.948,5222.804,171.14400000000023,0.5080600922014568,0.4989120787923764,0.7249949709936693,-120.49300000000221,-136.5940000000006,174492,1,0,0,0
2024-01-20 20:00:00+00:00,41632.97,41872.56,41610.54,41696.04,2667.96496,0.0001,0.00030000000000000003,0.0009000000000000001,0.0,0,0,7246.931,7639.483000000001,-392.5520000000015,0.4868150919355057,0.4969181518805789,-0.3108789635527744,50.77999999999702,-254.81500000000088,216629,0,1,0,0
2024-01-21 00:00:00+00:00,41696.05,41730.0,41629.87,41680.82,1600.89363,0.0001,0.00030000000000000003,0.0009000000000000001,0.0,0,0,3831.757,3849.055,-17.297999999999774,0.49887394718162614,0.49668336207367253,0.38343490404272146,-238.70600000000104,-106.0686000000007,132210,1,0,0,0
2024-01-21 04:00:00+00:00,41680.83,41691.11,41564.29,41648.51,1198.63686,0.0001,0.00030000000000000003,0.0009000000000000001,0.0,0,0,3361.784,3382.6289999999995,-20.844999999999345,0.4984546468313848,0.49787099460672196,0.30502893825636085,-430.6950000000006,2.5273999999995795,102711,1,0,0,0
2024-01-21 08:00:00+00:00,41648.5,41826.97,41648.5,41719.89,1972.92769,0.0001,0.00030000000000000003,0.0009000000000000001,0.0,0,0,5680.521,5614.44,66.08100000000013,0.5029252425041574,0.4965980714090703,0.5280901628717274,27.93800000000101,-38.69400000000005,166561,1,0,0,0
2024-01-21 12:00:00+00:00,41719.9,41881.39,41605.0,41656.28,2810.15162,0.0001,0.00030000000000000003,0.0009000000000000001,0.0,0,0,8169.424,9207.632000000001,-1038.2080000000014,0.4701270456859896,0.49352901439054353,-1.2880110200621415,-992.9720000000007,-280.5644000000004,253634,1,0,0,0
2024-01-21 16:00:00+00:00,41656.27,41729.77,41525.0,41719.4,2101.04396,0.0001,0.00030000000000000003,0.0009000000000000001,0.0,0,0,6128.361,5498.1359999999995,630.2250000000004,0.5271029614508996,0.49569250884619465,1.7733630911792113,-341.90200000000095,-76.00900000000001,180342,1,0,0,0
2024-01-21 20:00:00+00:00,41719.39,41811.1,41500.98,41580.33,2046.50925,0.0001,0.00030000000000000003,0.0009000000000000001,0.0,0,0,6095.342,6216.4710000000005,-121.12900000000081,0.4950807813601457,0.4981468673743518,0.05225612971889753,-529.1120000000019,-96.77520000000023,176080,1,0,0,0
2024-01-22 00:00:00+00:00,41580.32,41689.65,41058.22,41197.04,5194.67726,0.0001,0.00030000000000000003,0.0009000000000000001,0.0,0,0,18789.154,22179.908,-3390.754000000001,0.45861811529880764,0.49535031522916484,-1.8240503762151639,-2881.6580000000013,-770.7570000000005,483361,1,0,0,0
2024-01-22 04:00:00+00:00,41197.04,41321.17,40684.0,41043.7,6720.50069,0.0001,0.00030000000000000003,0.0009000000000000001,0.0,0,0,24863.043,26382.927999999996,-1519.8849999999948,0.48517068785758793,0.4931228612307561,-0.4356184249630665,-5031.767999999996,-1087.9501999999995,648475,1,0,0,0
2024-01-22 08:00:00+00:00,41043.7,41047.51,40364.63,40815.99,8780.2842,0.0001,0.00030000000000000003,0.0009000000000000001,0.0,0,0,34218.356,34742.562000000005,-524.2060000000056,0.4961992530319854,0.49193677731380897,0.20396097991260267,-5434.845000000001,-985.1498000000004,848971,1,0,0,0
2024-01-22 12:00:00+00:00,40815.92,41244.06,40350.0,40771.99,9333.27767,0.0001,0.00030000000000000003,0.0009000000000000001,0.0,0,0,41530.099,40838.664000000004,691.4349999999977,0.5041971918407953,0.49367498730433795,0.6186323882987977,-1352.6560000000027,-972.9078000000009,978572,0,1,0,0
2024-01-22 16:00:00+00:00,40772.0,40874.99,39431.58,39820.31,15416.76046,0.0001,0.00030000000000000003,0.0009000000000000001,0.0,0,0,63567.48,73465.52899999998,-9898.048999999977,0.4638844353187925,0.4901760361180546,-1.4783187519001901,-9730.819999999985,-2928.2917999999963,1358905,1,0,0,0
2024-01-22 20:00:00+00:00,39820.31,40343.18,39480.0,39568.02,9980.69883,0.0001,0.00030000000000000003,0.0009000000000000001,0.0,0,0,38591.156,39855.227,-1264.0709999999963,0.4919430893327485,0.489524880368191,0.03891019941701213,-10470.684999999976,-2502.9551999999953,896914,1,0,0,0
2024-01-23 00:00:00+00:00,39568.02,40118.87,39511.1,40000.44,4446.81496,0.0001,0.00030000000000000003,0.0009000000000000001,0.0,0,0,17429.582,15260.213,2169.368999999999,0.5331811349688794,0.4925504696146632,2.0612070247674783,-8992.750999999975,-1765.1043999999965,439830,1,0,0,0
2024-01-23 04:00:00+00:00,40000.43,40176.74,39665.02,39780.0,3852.36638,0.0001,0.00030000000000000003,0.0009000000000000001,0.0,0,0,11767.729,13311.932,-1544.2030000000013,0.46921403762195985,0.4924591688082602,-1.1828843232478683,-638.9049999999988,-1969.1037999999958,355341,1,0,0,0
2024-01-23 08:00:00+00:00,39780.01,39860.0,38657.0,38845.56,16327.77748,0.0001,0.00030000000000000003,0.0009000000000000001,0.0,0,0,59320.601,65504.961,-6184.360000000001,0.47522799056174087,0.48727167171934427,-0.924087728041884,-5559.194000000003,-3344.2627999999954,1461246,1,0,0,0
2024-01-23 12:00:00+00:00,38845.56,39460.0,38555.0,39204.0,14222.94133,0.0001,0.00030000000000000003,0.0009000000000000001,0.0,0,0,54018.946,50557.996999999996,3460.949000000008,0.5165473808122313,0.48941833166455284,1.1778438758730845,-4267.613999999994,-672.4631999999983,1243529,1,0,0,0
2024-01-23 16:00:00+00:00,39204.0,39654.34,38925.2,39148.07,11699.79651,0.0001,0.00030000000000000003,0.0009000000000000001,0.0,0,0,39961.872,39955.785,6.086999999999534,0.5000380829483027,0.49356032842950237,0.28011544732750965,-2717.3239999999932,-418.43159999999915,913096,0,1,0,0
2024-01-23 20:00:00+00:00,39148.07,39907.23,39032.02,39897.6,7406.93685,0.0001,0.00030000000000000003,0.0009000000000000001,0.0,0,0,24374.095,22909.672999999995,1464.422000000006,0.5154854621569077,0.4965918058594344,1.10095707324492,4931.458000000013,-559.4209999999978,583296,1,0,0,0
2024-01-24 00:00:00+00:00,39897.59,40250.0,39570.43,39614.0,7508.24416,0.0001,0.00030000000000000003,0.0009000000000000001,0.0,0,0,23749.351,25706.769000000004,-1957.4180000000051,0.48021055836972243,0.494992936393208,-0.8222348176580699,-486.90899999999965,-642.0639999999985,637710,1,0,0,0
2024-01-24 04:00:00+00:00,39614.0,40191.97,39557.01,39981.09,6508.9298,0.0001,0.00030000000000000003,0.0009000000000000001,0.0,0,0,17369.995,14604.059000000001,2765.935999999998,0.5432528199270571,0.49889849920183427,2.3113325597436396,2272.9399999999987,1147.9952000000012,434210,1,0,0,0
2024-01-24 08:00:00+00:00,39981.09,40555.0,39859.51,40209.34,6433.12337,0.0001,0.00030000000000000003,0.0009000000000000001,0.0,0,0,24752.767,23942.375999999997,810.3910000000033,0.5083210660250038,0.5033421622724553,0.570031687192847,1618.908999999996,617.8836000000003,646573,1,0,0,0
2024-01-24 12:00:00+00:00,40209.34,40298.86,39766.0,40050.71,8120.72045,0.0001,0.00030000000000000003,0.0009000000000000001,0.0,0,0,31224.16,30906.742000000002,317.41799999999785,0.5025544293562646,0.504403296274807,0.2609927613068903,3893.744999999999,680.1497999999999,783991,0,1,0,0
2024-01-24 16:00:00+00:00,40050.72,40207.0,39615.76,39803.05,5715.16915,0.0001,0.00030000000000000003,0.0009000000000000001,0.0,0,0,21769.274,21520.217,249.0570000000007,0.5028766450499499,0.501372847282914,0.30190103506720434,1376.8660000000018,437.0767999999989,563300,0,1,0,0
2024-01-24 20:00:00+00:00,39803.04,40175.11,39484.19,40084.88,5007.64168,0.0001,0.00030000000000000003,0.0009000000000000001,0.0,0,0,18660.971,18547.49,113.48099999999977,0.5015249354172429,0.5046039370624423,0.23305433861553193,679.9559999999983,851.2565999999999,511865,1,0,0,0
2024-01-25 00:00:00+00:00,40084.89,40178.84,39914.0,40012.01,3484.6591,0.0001,0.00030000000000000003,0.0009000000000000001,0.0,0,0,9474.859,10566.065999999999,-1091.2069999999985,0.4727755330654648,0.5043586913128147,-1.1273429853623589,-728.668999999998,79.82800000000061,307757,1,0,0,0
2024-01-25 04:00:00+00:00,40012.01,40135.37,39792.01,40130.0,3648.17041,0.0001,0.00030000000000000003,0.0009000000000000001,0.0,0,0,11118.026,9980.322999999999,1137.7030000000013,0.5269618964024152,0.5054001428718331,1.4230734265305038,159.9770000000026,145.29040000000023,298263,1,0,0,0
2024-01-25 08:00:00+00:00,40130.0,40300.24,39957.44,40178.07,4623.83661,0.0001,0.00030000000000000003,0.0009000000000000001,0.0,0,0,17562.242,16459.400999999998,1102.8410000000003,0.5162079326974303,0.5070171278467459,0.8463414605812231,1149.3370000000032,302.37500000000074,423496,1,0,0,0
2024-01-25 12:00:00+00:00,40178.07,40283.82,39623.4,39804.24,8152.9813,0.0001,0.00030000000000000003,0.0009000000000000001,0.0,0,0,27701.637,30167.466000000004,-2465.829000000005,0.4786947708520728,0.5033380587162624,-0.9044185441691346,-225.2850000000035,-240.60220000000044,717430,1,0,0,0
2024-01-25 16:00:00+00:00,39804.23,40044.91,39550.0,39989.25,7402.16761,0.0001,0.00030000000000000003,0.0009000000000000001,0.0,0,0,24337.709,23886.835000000003,450.87399999999616,0.504674735752815,0.5057844764545717,0.33909901956111865,-912.1140000000087,-173.12360000000118,603350,1,0,0,0
2024-01-25 20:00:00+00:00,39989.25,39995.99,39637.99,39961.09,3710.3035,0.0001,0.00030000000000000003,0.0009000000000000001,0.0,0,0,11526.953,10947.162000000002,579.7909999999974,0.5128990841241134,0.5027491028742772,0.6876023363668525,-1435.1640000000116,161.07599999999803,310582,0,1,0,0
2024-01-26 00:00:00+00:00,39961.09,40245.0,39822.52,40067.52,3180.57719,0.0001,0.00030000000000000003,0.0009000000000000001,0.0,0,0,13156.187,11536.726,1619.4609999999993,0.5327920201233447,0.5051961982841113,1.5139464438563583,2650.125999999993,257.4275999999976,323527,1,0,0,0
2024-01-26 04:00:00+00:00,40067.52,40220.0,39896.84,39969.99,3394.99518,0.0001,0.00030000000000000003,0.0009000000000000001,0.0,0,0,9877.01,9869.778,7.231999999999971,0.5001831183886716,0.5049590671873521,0.025249781181836337,2206.4839999999967,38.30579999999755,275480,0,1,0,0
2024-01-26 08:00:00+00:00,39970.0,41348.13,39962.14,41289.52,11523.32786,0.0001,0.00030000000000000003,0.0009000000000000001,0.0,0,0,55826.512,47205.482,8621.029999999999,0.5418366648324792,0.508855069165605,1.7592425276891066,10247.722999999998,2255.677599999998,1109587,1,0,0,0
2024-01-26 12:00:00+00:00,41289.52,41588.0,40914.5,41422.99,12152.14087,0.0001,0.00030000000000000003,0.0009000000000000001,0.0,0,0,44086.014,42103.47299999999,1982.541000000012,0.5115010604483584,0.5098526816687166,0.4072140729572235,10610.80300000001,2562.0110000000013,994474,1,0,0,0
2024-01-26 16:00:00+00:00,41422.98,42193.8,41405.31,42064.49,11360.11294,0.0001,0.00030000000000000003,0.0009000000000000001,0.0,0,0,42861.695,42432.439999999995,429.25500000000466,0.5025163219018518,0.5128267605523552,0.04665088351863886,11032.826000000015,2531.903800000003,1029917,1,0,0,0
2024-01-26 20:00:00+00:00,42064.48,42246.82,41800.02,41823.51,5773.81322,0.0001,0.00030000000000000003,0.0009000000000000001,0.0,0,0,17600.444,18862.717,-1262.273000000001,0.48269111940130477,0.5083996828522442,-0.8231633205583111,1149.5230000000156,1955.557000000003,437451,1,0,0,0
2024-01-27 00:00:00+00:00,41823.51,41933.17,41708.0,41815.01,2776.36693,8.966e-05,0.0002896599999999999,0.00088966,-5.294370939803078,0,0,8223.52,8280.73,-57.20999999999913,0.4982668100640744,0.5066055705889085,-0.19790874572537878,-890.2279999999955,1942.6686000000032,237902,1,0,0,1
2024-01-27 04:00:00+00:00,41815.01,41890.0,41602.01,41710.14,2385.06661,8.966e-05,0.0002896599999999999,0.00088966,-5.294370939803078,0,0,8343.77,9068.613999999998,-724.8439999999973,0.4791859632776305,0.5066546898314643,-1.0928591403762522,-2044.3269999999975,73.49380000000383,247795,1,0,0,1
2024-01-27 08:00:00+00:00,41710.15,41800.0,41394.34,41761.23,3747.33899,0.0001,0.0002896599999999999,0.00088966,0.18256451516562883,0,0,15095.268,17023.56,-1928.2920000000013,0.4699819059400299,0.5031854068501859,-1.4348907060396676,-2710.3459999999977,-708.6727999999988,401682,0,1,0,0
2024-01-27 12:00:00+00:00,41761.22,41894.87,41714.0,41814.0,2106.62255,0.0001,0.0002896599999999999,0.00088966,0.18256451516562883,0,0,7683.617,7371.07,312.5470000000005,0.510380388512893,0.5029335372890639,0.40430114649328325,-2340.588999999998,-732.0143999999997,212995,1,0,0,0
2024-01-27 16:00:00+00:00,41813.99,41986.06,41745.26,41910.47,2256.20513,8.3e-05,0.0002726599999999999,0.00087266,-4.498006764697035,0,0,8592.519,7815.262999999999,777.2560000000012,0.5236855901669099,0.5020228942934203,0.9575606169790714,-838.4889999999996,-324.1085999999992,213679,1,0,0,1
2024-01-27 20:00:00+00:00,41910.48,42200.0,41910.47,42120.63,2952.81646,8.3e-05,0.0002726599999999999,0.00087266,-4.498006764697035,0,0,10420.705,10518.478000000001,-97.77300000000105,0.4976653100553159,0.5017711134600848,-0.28822459111780835,992.0300000000007,-332.2211999999996,288278,0,1,0,1
2024-01-28 00:00:00+00:00,42120.63,42244.0,41925.0,42231.83,3931.90769,0.0001,0.0002829999999999999,0.00087266,0.25478702388185814,0,0,11134.152,11100.085000000001,34.0669999999991,0.5007660933001659,0.49766405630685345,-0.09218058796628466,713.5499999999993,-180.4390000000003,284844,1,0,0,0
2024-01-28 04:00:00+00:00,42231.84,42842.68,42228.64,42388.82,7853.89698,0.0001,0.0002829999999999999,0.00087266,0.25478702388185814,0,0,29911.692,28641.154,1270.5380000000005,0.5108494982464217,0.49759890008665975,0.35465963170223025,1206.8319999999985,459.32700000000006,670388,1,0,0,0
2024-01-28 08:00:00+00:00,42388.82,42698.0,42323.14,42471.98,4448.08445,4.725e-05,0.0002302499999999999,0.0008199100000000001,-4.953066264937989,0,0,15544.289,15358.508999999998,185.78000000000247,0.5030058766846938,0.49764785556494395,-0.10489578091706951,1490.385000000002,433.97360000000043,406863,1,0,0,1
2024-01-28 12:00:00+00:00,42471.98,42544.0,42155.55,42258.01,3978.57176,4.725e-05,0.0002302499999999999,0.0008199100000000001,-4.953066264937989,0,0,14529.931,15839.237000000001,-1309.3060000000005,0.4784434990118926,0.49722309352600275,-1.3308039452290708,147.01200000000244,16.6612000000001,415399,1,0,0,1
2024-01-28 16:00:00+00:00,42258.0,42354.7,41721.08,41785.92,3819.55464,0.0001,0.0002472499999999999,0.0008199100000000001,0.26403649946345226,0,0,16588.579,18479.717,-1891.137999999999,0.47303635739814676,0.49470004825941,-1.5048321693573044,-3014.663999999997,-342.0117999999995,456194,1,0,0,0
2024-01-28 20:00:00+00:00,41785.91,42073.81,41620.81,42031.06,3262.98286,0.0001,0.0002472499999999999,0.0008199100000000001,0.26403649946345226,0,0,15023.886,13585.222,1438.6640000000007,0.5251434613060988,0.49929579806225677,1.0994862250109725,-1761.7799999999988,-61.09239999999918,390281,1,0,0,0
2024-01-29 00:00:00+00:00,42031.05,42504.0,41874.94,42331.2,3437.68599,0.0001,0.0002472499999999999,0.00081991,0.26403649946345226,0,0,16102.307,14597.934000000001,1504.3729999999996,0.5245009965882678,0.5047477071270806,0.9994509033159791,1051.8990000000013,-14.325399999999354,413768,1,0,0,0
2024-01-29 04:00:00+00:00,42331.19,42345.36,41988.88,42053.46,2735.85224,0.0001,0.0002472499999999999,0.00081991,0.26403649946345226,0,0,9509.653,11828.259,-2318.6059999999998,0.44566933259449193,0.49827660153524045,-2.609838510777974,624.4310000000005,-515.2025999999998,271328,1,0,0,0
2024-01-29 08:00:00+00:00,42053.45,42381.1,41961.1,42246.95,3204.92588,0.0001,0.0002472499999999999,0.00081991,0.26403649946345226,0,0,13620.515,13513.093,107.42199999999866,0.5019795008463305,0.4961059926031826,0.04093138710883316,-706.8110000000015,-231.85699999999997,376462,1,0,0,0
2024-01-29 12:00:00+00:00,42246.95,42647.27,41804.88,42641.75,6763.08424,9.142e-05,0.0002914199999999999,0.0008113300000000001,-0.5538970487839695,0,0,29480.693,27695.394,1785.298999999999,0.5156122873536274,0.4979006903330137,0.6559917730424786,-425.88500000000204,503.4303999999996,731902,1,0,0,0
2024-01-29 16:00:00+00:00,42641.75,43313.8,42518.0,42995.99,11314.8288,0.0001,0.0002914199999999999,0.0008113300000000001,0.2910807284755208,0,0,46657.642,44067.649,2589.993000000002,0.5142738202955999,0.49925146303255713,0.5725304797407285,4482.714,733.6962,1116944,1,0,0,0
2024-01-29 20:00:00+00:00,42995.99,43333.0,42982.66,43302.7,4086.36492,0.0001,0.0002914199999999999,0.0008113300000000001,0.2910807284755208,0,0,11443.26,10985.711000000001,457.54899999999907,0.5101999552275492,0.49918650873066983,0.36937066381470335,4832.841,524.3313999999998,353994,1,0,0,0
2024-01-30 00:00:00+00:00,43302.71,43787.35,43133.9,43519.71,6762.21682,0.0001,0.0002914199999999999,0.00082167,0.2910807284755208,0,0,26289.495,22595.45,3694.0449999999983,0.5377830536579309,0.5026642264279936,1.5302617987676541,6741.5869999999995,1726.8615999999995,626920,1,0,0,0
2024-01-30 04:00:00+00:00,43519.71,43570.09,43259.26,43358.25,3352.66111,0.0001,0.0002914199999999999,0.00082167,0.2910807284755208,0,0,9967.901,11234.878999999999,-1266.9779999999992,0.47012236131299767,0.5018321126581041,-1.4536277352030746,2884.615999999998,1451.9815999999998,286620,1,0,0,0
2024-01-30 08:00:00+00:00,43358.24,43564.85,43215.76,43537.74,4124.1533,9.492e-05,0.0002949199999999999,0.0008165900000000001,-0.1926966870742657,0,0,12138.701,11572.694000000001,566.0069999999978,0.511935337418992,0.5057220106601886,0.4323794797807868,2993.073999999997,1208.1231999999995,320575,1,0,0,0
2024-01-30 12:00:00+00:00,43537.75,43882.36,43114.13,43375.5,9820.25546,9.492e-05,0.0002949199999999999,0.0008165900000000001,-0.1926966870742657,0,0,39368.807,40873.596999999994,-1504.7899999999936,0.4906234738430818,0.5022700119138869,-0.5544890170205975,-2205.760999999995,389.16660000000047,968582,1,0,0,0
2024-01-30 16:00:00+00:00,43375.5,43599.0,43224.0,43547.98,5834.15697,9.492e-05,0.0002949199999999999,0.0008165900000000001,-0.1926966870742657,0,0,17014.157,17130.03,-115.87299999999959,0.4983031811535006,0.49965023037041023,-0.19322610325459394,-1054.6559999999954,274.4822000000007,456531,0,1,0,0
2024-01-30 20:00:00+00:00,43547.99,43760.0,42683.99,42941.1,7725.8018,5.149e-05,0.0002464099999999999,0.0007850800000000001,-3.347832865957521,0,0,22461.16,26935.912999999997,-4474.752999999997,0.4547062940348713,0.5005539265144481,-1.9577033148531013,-6095.41599999999,-1359.2773999999984,620710,1,0,0,1
2024-01-31 00:00:00+00:00,42941.1,43107.77,42655.07,42930.07,4913.47979,2.154e-05,0.0001679499999999999,0.00070662,-3.798111560081516,0,0,17071.778,16262.906000000003,808.8719999999958,0.5121325883875185,0.5015692352685669,0.5376974466900124,-3781.754000000001,-944.1073999999993,486532,0,1,0,1
2024-01-31 04:00:00+00:00,42930.06,43087.93,42871.1,43050.01,2839.50568,2.154e-05,0.0001679499999999999,0.00070662,-3.798111560081516,0,0,7610.73,8430.837,-820.107,0.47443806456065046,0.4974518129892692,-1.0595329443677168,-4485.988000000001,-1221.330199999999,234514,0,1,0,1
2024-01-31 08:00:00+00:00,43050.01,43091.1,42355.0,42647.98,6116.23013,0.0001,0.0001730299999999999,0.0007593700000000001,0.3930087870783996,0,0,22092.309,24397.137000000002,-2304.8280000000013,0.47521127698531834,0.4935455586582411,-0.9756726140017475,-2316.0630000000056,-1381.3378000000005,567888,1,0,0,0
2024-01-31 12:00:00+00:00,42647.98,43465.02,42521.31,43361.1,8138.75525,0.0001,0.0001730299999999999,0.0007593700000000001,0.3930087870783996,0,0,39950.861,35350.358,4600.502999999997,0.530547334167326,0.4955802965522188,1.4485345522301436,1475.5679999999957,-438.0626000000011,861350,1,0,0,0
2024-01-31 16:00:00+00:00,43361.11,43745.11,43041.1,43334.64,8260.76136,0.0001,0.0002215399999999999,0.00075937,0.39300878707839887,0,0,36009.623,35455.442,554.1809999999969,0.5038772860557812,0.4921897197920038,0.27898208792960066,2849.8559999999925,567.7241999999976,919030,0,1,0,0
2024-01-31 20:00:00+00:00,43334.63,43361.1,42276.84,42580.0,9602.40467,0.0001,0.0002215399999999999,0.00075937,0.39300878707839887,0,0,33630.918,36806.211,-3175.293000000005,0.47746009068597894,0.49292349272930186,-0.8639936751859576,1979.3909999999887,-229.10880000000253,825091,1,0,0,0
2024-02-01 00:00:00+00:00,42580.0,42687.63,41884.28,42015.65,6159.26638,0.0001,0.00030000000000000003,0.0007593700000000001,0.3930087870783996,0,0,24965.354,26726.839,-1761.4850000000006,0.4829617888333737,0.4900261378707401,-0.598686634127487,-4382.597000000009,-417.38440000000264,653933,1,0,0,0
2024-02-01 04:00:00+00:00,42015.65,42300.0,41889.95,42190.16,4812.74817,0.0001,0.00030000000000000003,0.0007593700000000001,0.3930087870783996,0,0,13198.122,12273.846000000001,924.275999999998,0.5181430033203559,0.4927780908184675,0.8628967471926197,-4012.5020000000077,228.43639999999723,344382,1,0,0,0
2024-02-01 08:00:00+00:00,42190.15,42331.1,42026.52,42087.52,4002.75251,0.0001,0.00030000000000000003,0.00076795,0.39300878707839887,0,0,11413.221,12017.849,-604.6280000000006,0.4870977296384672,0.4916575456669642,-0.5104594960290417,-1441.8370000000032,-812.5898000000022,309171,1,0,0,0
2024-02-01 12:00:00+00:00,42087.52,42946.6,41944.89,42516.12,7858.34198,0.0001,0.00030000000000000003,0.00076795,0.39300878707839887,0,0,37733.42,37352.37700000001,381.04299999999057,0.502537384000865,0.4964406546635636,0.1819748489791101,700.690999999988,-847.2174000000035,846088,1,0,0,0
2024-02-01 16:00:00+00:00,42516.12,43285.13,42364.0,43218.94,8083.56904,0.0001,0.00030000000000000003,0.00076795,0.39300878707839887,0,0,36457.175,34192.50499999999,2264.670000000013,0.5160274611293357,0.49683014193774533,0.7989766259843194,2041.0850000000028,240.77520000000004,825585,1,0,0,0
2024-02-01 20:00:00+00:00,43218.94,43279.91,42872.91,43082.94,4314.36856,0.0001,0.00030000000000000003,0.00076795,0.39300878707839887,0,0,13621.64,14368.759000000002,-747.1190000000024,0.48665401304211486,0.49805173678589176,-0.4965194441782402,1898.594000000001,443.6483999999997,387471,1,0,0,0
2024-02-02 00:00:00+00:00,43082.95,43432.63,43026.15,43037.25,4246.33741,0.0001,0.00030000000000000003,0.0007679500000000001,0.3930087870783996,0,0,12925.275,13379.969,-454.6939999999995,0.49135735064841063,0.4996663441522009,-0.27277975676342087,1062.8570000000109,167.85440000000017,369402,1,0,0,0
2024-02-02 04:00:00+00:00,43037.25,43271.1,42943.71,43086.89,4064.36047,0.0001,0.00030000000000000003,0.0007679500000000001,0.3930087870783996,0,0,10809.095,10037.959,771.1359999999986,0.5184950832861084,0.49846111906407914,0.9152866825119378,-430.6770000000033,443.0072,278374,1,0,0,0
2024-02-02 08:00:00+00:00,43086.9,43199.0,42941.1,43148.41,4094.76501,0.0001,0.00030000000000000003,0.00077303,0.39300878707839887,0,0,10011.146,10140.292999999998,-129.1469999999972,0.4967955886425779,0.4977529493227588,-0.032670407793191844,187.2950000000019,340.96920000000244,295947,0,1,0,0
2024-02-02 12:00:00+00:00,43148.42,43250.0,42546.79,43242.09,8493.53585,0.0001,0.00030000000000000003,0.00077303,0.39300878707839887,0,0,35812.991,36237.297,-424.30599999999686,0.4970554871342083,0.4997124889675818,-0.04921074925879093,217.68300000000454,-196.82599999999948,847072,0,1,0,0
2024-02-02 16:00:00+00:00,43242.1,43488.0,42783.09,43061.97,6362.66369,0.0001,0.00030000000000000003,0.00082154,0.3930087870783996,0,0,25243.464,25547.419,-303.95500000000175,0.4970077799198726,0.5011170880762317,-0.08908877207606197,-857.4079999999958,-108.19319999999934,602002,1,0,0,0
2024-02-02 20:00:00+00:00,43061.98,43238.01,42900.48,43200.0,2410.48175,0.0001,0.00030000000000000003,0.00082154,0.3930087870783996,0,0,8055.831,7566.834999999999,488.996000000001,0.515650209765734,0.5008678087207695,0.7900584987077263,-239.2649999999976,80.54480000000076,216897,1,0,0,0
2024-02-03 00:00:00+00:00,43199.99,43380.01,43142.0,43173.94,2223.22292,7.627e-05,0.0002762699999999999,0.0008762700000000001,-0.8244520758033655,0,0,8761.403,9208.710000000001,-447.3070000000007,0.48755414058887664,0.5009134498158103,-0.46800434158397264,-262.26600000000144,-163.1437999999991,239946,1,0,0,0
2024-02-03 04:00:00+00:00,43173.95,43222.75,43040.0,43053.05,1346.11611,7.627e-05,0.0002762699999999999,0.0008762700000000001,-0.8244520758033655,0,0,4863.195,5522.02,-658.8250000000007,0.4682806277963431,0.4974877741953582,-1.533637454973554,-617.1360000000004,-269.0793999999998,151464,1,0,0,0
2024-02-03 08:00:00+00:00,43053.05,43125.28,42973.66,42995.04,1810.42438,9.042e-05,0.0002666899999999999,0.00086669,-0.05904785298905322,0,0,5927.418,7330.349,-1402.9310000000005,0.4470902226596681,0.49059405034839143,-2.2821020114982407,-2509.063000000002,-464.80440000000056,171370,1,0,0,0
2024-02-03 12:00:00+00:00,42995.04,43190.0,42880.0,43119.06,2505.96267,9.042e-05,0.0002666899999999999,0.00086669,-0.05904785298905322,0,0,9693.644,8924.866999999998,768.7770000000019,0.5206455016730394,0.4939931992114839,1.110138789919166,-1292.9789999999994,-250.2579999999998,228633,1,0,0,0
2024-02-03 16:00:00+00:00,43119.06,43270.0,43016.28,43061.09,2671.62087,9.042e-05,0.0002666899999999999,0.00086669,-0.05904785298905322,0,0,10190.316,9981.731999999998,208.58400000000256,0.5051701245208221,0.495374476598725,0.4163212688010902,-425.56999999999607,-306.3403999999995,259776,0,1,0,0
2024-02-03 20:00:00+00:00,43061.09,43104.68,42953.33,43011.09,1476.06303,8.028e-05,0.0002469699999999999,0.0008469700000000001,-0.5612892488073632,0,0,4140.725,5190.841,-1050.116,0.44373313118076857,0.4878982813881911,-2.1468804846942375,-72.75499999999556,-426.90219999999937,133327,1,0,0,0
2024-02-04 00:00:00+00:00,43011.1,43068.79,42880.01,43027.16,1456.91888,8.307e-05,0.00025376999999999984,0.00083004,-0.3841809012173565,0,0,5111.73,4725.384,386.34599999999955,0.5196371618749157,0.49018243871142486,1.169887451838272,-455.1859999999979,-217.8679999999993,141425,1,0,0,0
2024-02-04 04:00:00+00:00,43027.16,43029.17,42720.07,42845.03,2208.36902,8.307e-05,0.00025376999999999984,0.00083004,-0.3841809012173565,0,0,8499.042,9671.062,-1172.0200000000004,0.4677486711138252,0.48725175710938656,-1.133558196378683,-1835.7900000000009,-171.6857999999993,227064,1,0,0,0
2024-02-04 08:00:00+00:00,42845.03,43119.04,42741.6,43060.1,2577.95374,8.307e-05,0.00025376999999999984,0.00083004,-0.3841809012173565,0,0,9679.635,9166.289999999999,513.3450000000012,0.5136195225227735,0.4889129313696767,0.8972955134306897,-272.3289999999997,-222.77219999999943,247972,1,0,0,0
2024-02-04 12:00:00+00:00,43060.09,43115.76,42845.51,42943.21,2544.71311,8.846e-05,0.0002518099999999999,0.0008185000000000001,-0.07814494750412325,0,0,8776.432,9706.119999999999,-929.6879999999983,0.47484957704974945,0.48483286809807813,-0.7872344839325738,-1588.3629999999976,-450.4265999999996,244753,1,0,0,0
2024-02-04 16:00:00+00:00,42943.2,42969.79,42573.17,42636.44,3608.11375,0.0001,0.00027152999999999986,0.0008185,0.5369933159321578,0,0,11194.215,12099.938999999998,-905.7239999999983,0.4805589848852206,0.4841333525277126,-0.5094569013424181,-1322.0669999999955,-421.54819999999927,310653,1,0,0,0
2024-02-04 20:00:00+00:00,42636.43,42985.73,42222.0,42582.88,4670.82554,0.0001,0.00027152999999999986,0.0008185,0.5369933159321578,0,0,18547.678,20244.021,-1696.3430000000008,0.47813523197321156,0.4851188129453994,-0.6771572825026229,-3531.7549999999974,-838.0859999999993,467306,1,0,0,0
2024-02-05 00:00:00+00:00,42582.88,42729.02,42258.1,42718.31,3709.0102,0.0001,0.00028845999999999993,0.0008185,0.5369933159321578,0,0,14671.651,13004.835000000001,1666.815999999999,0.5301124933273682,0.4934210400121694,1.6045645594907443,-935.2510000000002,-270.31879999999944,377178,1,0,0,0
2024-02-05 04:00:00+00:00,42718.31,43176.39,42642.0,43071.88,4182.30255,0.0001,0.00028845999999999993,0.0008185,0.5369933159321578,0,0,18896.75,15328.438000000002,3568.311999999998,0.5521299108714903,0.49656948093201453,2.253598685546424,3538.784999999996,340.67459999999994,427021,1,0,0,0
2024-02-05 08:00:00+00:00,43071.87,43268.98,42954.54,43194.08,4074.55774,0.0001,0.00030000000000000003,0.0008185,0.5369933159321586,0,0,14679.625,15822.392,-1142.7669999999998,0.48126735356550354,0.4941792038364827,-0.6138372954299585,4092.360999999997,298.0587999999996,406244,0,1,0,0
2024-02-05 12:00:00+00:00,43194.08,43569.76,42600.11,42644.03,8010.04502,0.0001,0.00030000000000000003,0.0008185,0.5369933159321586,0,0,34887.633,37910.532999999996,-3022.899999999994,0.47923780112812187,0.49772967083121794,-0.644537628385464,-597.3549999999959,-125.37639999999956,869620,1,0,0,0
2024-02-05 16:00:00+00:00,42644.04,42869.66,42501.0,42765.36,5069.38976,0.0001,0.00030000000000000003,0.0008185,0.5369933159321578,0,0,20611.394,19451.072,1160.3220000000001,0.5144814101059081,0.49721409565431723,0.8029222128558849,-3005.344999999994,445.9566000000006,493889,1,0,0,0
2024-02-05 20:00:00+00:00,42765.35,42798.37,42330.52,42708.7,4422.45378,0.0001,0.00030000000000000003,0.0008185,0.5369933159321578,0,0,16908.237,18482.989,-1574.7520000000004,0.4777522259330603,0.49821445113624074,-0.7153622242063603,-3437.3299999999945,-202.35699999999923,446399,1,0,0,0
2024-02-06 00:00:00+00:00,42708.7,42960.01,42574.0,42851.11,2897.16519,0.0001,0.00030000000000000003,0.00084223,0.5161525127051413,0,0,12018.415,12476.204999999998,-457.78999999999724,0.49065529491782284,0.4959180283757457,-0.19337682000511197,-872.2199999999975,-1007.5773999999983,308038,0,1,0,0
2024-02-06 04:00:00+00:00,42851.1,42926.73,42667.0,42890.0,2201.29331,0.0001,0.00030000000000000003,0.00084223,0.5161525127051413,0,0,9411.259,9387.83,23.429000000000087,0.5006231418979931,0.49849538486057005,0.24816105549272488,-2009.1129999999976,-774.3381999999983,229591,1,0,0,0
2024-02-06 08:00:00+00:00,42889.99,43119.9,42670.61,42826.96,5579.6774,0.0001,0.00030000000000000003,0.00084223,0.5161525127051413,0,0,22295.117,21790.294,504.8229999999967,0.5057255108725197,0.5010120374592999,0.43625970957791105,70.46199999999953,-68.79360000000015,514986,0,1,0,0
2024-02-06 12:00:00+00:00,42826.96,43270.89,42658.0,43244.89,5949.73363,6.723e-05,0.0002672299999999999,0.00081904,-1.1423993101041385,0,0,25776.71,24081.336000000003,1695.3739999999962,0.5170020100667403,0.5048987152686528,0.8793288149049779,2223.625999999993,38.216799999999054,570802,1,0,0,0
2024-02-06 16:00:00+00:00,43244.89,43399.98,43000.0,43278.78,5091.59374,0.0001,0.0002672299999999999,0.00083876,0.5320478714328071,0,0,18532.57,20566.552000000003,-2033.9820000000036,0.47398941592601485,0.49928640752851744,-0.8490469353599335,166.21499999998923,-53.62920000000158,482493,0,1,0,0
2024-02-06 20:00:00+00:00,43278.79,43322.0,43032.71,43098.95,2956.39106,0.0001,0.0002672299999999999,0.00083876,0.5320478714328071,0,0,9580.57,10240.785,-660.2150000000001,0.4833458661125841,0.4924080030526269,-0.45505956048151014,-998.8230000000076,-94.11420000000217,244086,1,0,0,0
2024-02-07 00:00:00+00:00,43098.96,43192.0,42788.0,42800.0,2968.09769,7.527e-05,0.00024249999999999988,0.00083096,-0.7054771204865914,0,0,9621.741,10966.141000000001,-1344.4000000000015,0.4673497254355742,0.4910162402396339,-1.0631645390762592,-4038.597000000005,-367.68000000000245,267367,1,0,0,0
2024-02-07 04:00:00+00:00,42799.99,43051.1,42794.67,42918.03,2473.25345,7.527e-05,0.00024249999999999988,0.00083096,-0.7054771204865914,0,0,9136.249,8134.798999999999,1001.4500000000007,0.5289921607536497,0.49599167620218676,1.4015945825400458,-1003.1650000000009,-268.35460000000165,239377,1,0,0,0
2024-02-07 08:00:00+00:00,42918.02,43200.0,42838.01,42928.29,3301.4154,5.373e-05,0.0002289999999999999,0.00079623,-1.873441248121877,0,0,13291.743,13196.355000000001,95.38799999999901,0.501800582284164,0.4947235934200124,0.30926874903694196,-247.56200000000172,-588.351800000001,334439,1,0,0,0
2024-02-07 12:00:00+00:00,42928.28,43325.03,42890.51,43071.08,5174.63854,5.373e-05,0.0002289999999999999,0.00079623,-1.873441248121877,0,0,22950.232,21500.946999999996,1449.2850000000035,0.5163019860508087,0.49857856943178713,0.8506309276880872,2546.1230000000032,108.30160000000032,503346,1,0,0,0
2024-02-07 16:00:00+00:00,43071.08,43710.0,43013.75,43615.47,9646.8143,8.306e-05,0.00021205999999999986,0.0007792900000000001,-0.29293617409477085,0,0,34923.311,31027.318,3895.993000000002,0.5295371936482971,0.5024667593048345,1.2889156317700725,5440.666000000005,1019.5432000000008,765898,1,0,0,0
2024-02-07 20:00:00+00:00,43615.47,44396.5,43615.47,44349.6,10828.37977,8.306e-05,0.00021205999999999986,0.0007792900000000001,-0.29293617409477085,0,0,40656.021,36652.851,4003.1699999999983,0.5258907541685514,0.5049935205318904,1.1224696265379002,9348.448000000004,2089.0572000000006,819517,1,0,0,0
2024-02-08 00:00:00+00:00,44349.6,44780.0,44331.1,44540.99,8836.19603,0.0001,0.00023678999999999988,0.00077929,0.6073429966536702,0,0,28680.201,28330.070999999996,350.13000000000466,0.5030707624057644,0.5047280456852149,0.24313993930319341,8249.293000000005,1958.7932000000014,651918,1,0,0,0
2024-02-08 04:00:00+00:00,44540.98,44633.78,44427.01,44513.24,3474.51592,0.0001,0.00023678999999999988,0.00077929,0.6073429966536702,0,0,8957.092,9392.047999999999,-434.9559999999983,0.48814778240288104,0.501842622918829,-0.351175015692402,3918.3440000000046,1852.724400000002,240123,1,0,0,0
2024-02-08 08:00:00+00:00,44513.25,44885.0,44513.24,44698.97,5858.27712,6.535e-05,0.00024840999999999985,0.00074464,-1.1595870403800836,0,0,20481.911,19547.076,934.8349999999991,0.5116769754877883,0.5056113788750063,0.5026546621091263,850.0090000000055,1749.834400000001,458012,1,0,0,0
2024-02-08 12:00:00+00:00,44698.97,45467.14,44606.0,45432.3,11913.40369,6.535e-05,0.00024840999999999985,0.00074464,-1.1595870403800836,0,0,47339.987,44611.685000000005,2728.301999999996,0.5148355214247763,0.5087603444062255,0.6443678029895453,3228.180999999997,1516.2962,983598,1,0,0,0
2024-02-08 16:00:00+00:00,45432.3,45498.0,44890.0,45284.14,8933.58857,2.59e-05,0.00019124999999999988,0.0006705400000000001,-2.6755461345220173,0,0,27389.127,29160.277000000002,-1771.1500000000015,0.484339799584802,0.5104593518211483,-0.5844552325982914,1891.9869999999937,361.4322,675421,1,0,0,1
2024-02-08 20:00:00+00:00,45284.13,45614.3,45227.0,45288.65,6423.64098,2.59e-05,0.00019124999999999988,0.0006705400000000001,-2.6755461345220173,0,0,17564.805,18284.008,-719.2030000000013,0.48996894262579904,0.5065570300083632,-0.4584057376193909,237.94899999999325,147.56559999999882,439123,0,1,0,1
2024-02-09 00:00:00+00:00,45288.66,46384.27,45242.12,46060.74,9482.53987,3.16e-05,0.00012284999999999987,0.00060214,-2.1358751331659227,0,0,39852.002,33134.427,6717.574999999997,0.5460193428561904,0.5109789060655658,1.9269504140453246,4227.221999999994,1578.071799999998,799093,1,0,0,1
2024-02-09 04:00:00+00:00,46060.74,46425.03,45855.0,46202.0,6811.23297,3.16e-05,0.00012284999999999987,0.00060214,-2.1358751331659227,0,0,22422.125,21925.375,496.75,0.5056006539263769,0.5099087728531226,0.14944275501935103,6495.121999999996,1490.4547999999982,492734,1,0,0,1
2024-02-09 08:00:00+00:00,46202.01,47299.88,46201.53,47180.02,11572.91301,0.0001,0.00015749999999999987,0.00063491,0.6989283282695986,0,0,48758.574,43984.325000000004,4774.248999999996,0.525739161981555,0.5095289696864485,1.0111657422284803,11988.573999999993,1899.6441999999981,969145,1,0,0,0
2024-02-09 12:00:00+00:00,47180.01,47719.44,46652.0,47159.99,21197.65997,0.0001,0.00015749999999999987,0.00063491,0.6989283282695986,0,0,80177.683,81989.463,-1811.7799999999988,0.4944138500162049,0.5063812792712139,-0.39806781307271544,3459.2189999999973,1891.5181999999986,1667553,1,0,0,0
2024-02-09 16:00:00+00:00,47159.99,48200.0,47134.0,47509.48,16961.19039,0.0001,0.00015749999999999987,0.00063491,0.6989283282695986,0,0,57156.786,53155.479,4001.3070000000007,0.5181362743299669,0.5078878304636341,0.6170189757500174,6963.775999999998,2835.620199999999,1235687,1,0,0,0
2024-02-09 20:00:00+00:00,47509.48,47693.28,47035.92,47132.77,7477.94479,9.801e-05,0.00022960999999999988,0.00063292,0.5667505637165482,0,0,18087.751,19275.429,-1187.6779999999999,0.4841063046560812,0.507483682688954,-0.9461332737520387,1001.849000000002,1254.5695999999996,486235,1,0,0,0
2024-02-10 00:00:00+00:00,47132.78,47504.0,47044.88,47376.62,3901.03702,9.801e-05,0.00022960999999999988,0.00063292,0.5667505637165482,0,0,13173.452,11742.858000000002,1430.5939999999973,0.5287079828433664,0.5091867834245118,1.1037820973845647,4244.222999999998,1441.3383999999992,304844,1,0,0,0
2024-02-10 04:00:00+00:00,47376.62,47430.03,47145.4,47151.72,2155.29282,8.041e-05,0.00027841999999999987,0.00063806,-0.3063376354921772,0,0,6215.444,8065.660999999999,-1850.2169999999987,0.4352215042183361,0.5012253817038679,-2.8053134110000073,-1607.3010000000013,116.44520000000011,187963,1,0,0,0
2024-02-10 08:00:00+00:00,47151.72,47274.0,46800.0,47182.0,4546.93534,0.0001,0.00027841999999999987,0.00068433,0.6576515933510019,0,0,17730.806,16874.37,856.4360000000015,0.5123743916228023,0.504028840907668,0.4549083404879182,436.8130000000001,650.0884000000002,422905,1,0,0,0
2024-02-10 12:00:00+00:00,47182.01,47378.41,47105.44,47353.48,3624.87877,0.0001,0.00027841999999999987,0.00068433,0.6576515933510019,0,0,12367.544,11893.639000000001,473.90499999999884,0.5097667331391054,0.5060086199589986,0.3031319868963365,-519.8759999999984,-55.39200000000019,306877,1,0,0,0
2024-02-10 16:00:00+00:00,47353.48,47660.0,47154.52,47531.09,3381.00187,0.0001,0.0002804099999999999,0.00070127,0.6576515933510025,0,0,13436.119,12607.087999999998,829.0310000000027,0.5159164537608598,0.5029983310494655,0.5699793766459619,2159.372000000003,347.9498000000003,344557,1,0,0,0
2024-02-10 20:00:00+00:00,47531.09,48170.0,47454.37,47751.09,7193.21354,0.0001,0.0002804099999999999,0.00070127,0.6576515933510025,0,0,28274.908,27244.715,1030.1929999999993,0.509277737710863,0.5033660394279141,0.23822624117487232,2333.129000000001,267.86960000000073,717875,1,0,0,0
2024-02-11 00:00:00+00:00,47751.08,48557.0,47557.16,48519.61,6452.94117,0.0001,0.00030000000000000003,0.00070127,0.6576515933510019,0,0,26408.807,22599.097999999998,3809.7090000000026,0.5388683111428657,0.5046789543440452,1.4425227797663047,5668.9330000000045,1399.854800000001,576714,1,0,0,0
2024-02-11 04:00:00+00:00,48519.6,48592.66,48061.1,48179.52,4752.43271,0.0001,0.00030000000000000003,0.00070127,0.6576515933510019,0,0,17462.628,19501.23,-2038.601999999999,0.4724243881685727,0.5024800081592818,-1.3492551647017266,2801.300000000003,820.8472000000008,491966,1,0,0,0
2024-02-11 08:00:00+00:00,48179.51,48438.81,47922.33,48411.71,3906.99024,0.0001,0.00030000000000000003,0.00070127,0.6576515933510019,0,0,14749.614,14729.662999999999,19.95100000000093,0.5003383902529225,0.5007002197515774,-0.17176129707279805,1791.0580000000045,730.0564000000013,396835,1,0,0,0
2024-02-11 12:00:00+00:00,48411.71,48469.07,47931.82,48150.43,5466.21997,0.0001,0.00030000000000000003,0.00073592,0.6576515933510025,0,0,17607.827,20006.183,-2398.3559999999998,0.4681188472061341,0.4991014740065828,-1.4078354970525915,-4417.006999999998,84.57900000000082,479570,1,0,0,0
2024-02-11 16:00:00+00:00,48150.43,48394.29,47948.38,48284.0,4641.41321,0.0001,0.00030000000000000003,0.0008100200000000001,0.6576515933510019,0,0,15810.064,15153.094,656.9700000000012,0.5106088984850964,0.4972915655707558,0.2733916741559869,-1721.4349999999977,9.934400000001187,397484,1,0,0,0
2024-02-11 20:00:00+00:00,48283.99,48375.0,47971.18,48299.99,4738.81107,0.0001,0.00030000000000000003,0.0008100200000000001,0.6576515933510019,0,0,13129.376,12794.042000000001,335.3339999999989,0.5064677813704968,0.5044161932859719,0.07020368274272457,-1406.0519999999997,-684.9405999999996,337484,1,0,0,0
2024-02-12 00:00:00+00:00,48300.0,48826.81,48009.52,48145.0,7723.68614,0.0001,0.00030000000000000003,0.00087842,0.6576515933510019,0,0,26973.727,25764.701999999997,1209.0250000000015,0.5114624669612362,0.5043250008198152,0.22879182716647312,2201.3290000000015,-35.41519999999946,664909,0,1,0,0
2024-02-12 04:00:00+00:00,48145.0,48382.27,47755.81,48203.98,4444.91925,0.0001,0.00030000000000000003,0.00087842,0.6576515933510019,0,0,17288.387,17742.027,-453.6399999999994,0.4935250551135365,0.5027008330172584,-0.5165211399421794,1090.719000000001,-130.13339999999954,431360,0,1,0,0
2024-02-12 08:00:00+00:00,48203.98,48311.15,47710.01,47903.03,5444.77082,0.0001,0.00030000000000000003,0.0008784200000000001,0.6576515933510025,0,0,18075.468,19888.508,-1813.0400000000009,0.4761215737782576,0.4987213450189982,-1.222209775242674,-1057.6549999999988,-13.07019999999975,537846,1,0,0,0
2024-02-12 12:00:00+00:00,47903.04,49950.0,47841.0,49917.8,16721.55061,0.0001,0.00030000000000000003,0.0008784200000000001,0.6576515933510025,0,0,76065.728,65770.20799999998,10295.520000000019,0.5362937640852881,0.5014229476564407,1.3278700897000508,8028.840000000018,1914.6398000000038,1533788,1,0,0,0
2024-02-12 16:00:00+00:00,49917.8,50334.82,49372.22,49532.03,17277.9458,0.0001,0.00030000000000000003,0.00088041,0.6576515933510019,0,0,67447.384,68452.77,-1005.3859999999986,0.4963010122858286,0.4971662177707369,-0.32253500577075883,7477.094000000019,1646.4958000000042,1599380,1,0,0,0
2024-02-12 20:00:00+00:00,49532.02,50271.02,49532.02,49917.27,7397.09443,0.0001,0.00030000000000000003,0.00088041,0.6576515933510019,0,0,23611.069,23815.224,-204.15499999999884,0.4978476601576261,0.49970854496964223,-0.2190677815946511,9085.979000000021,1363.8598000000043,643035,0,1,0,0
2024-02-13 00:00:00+00:00,49917.28,50368.61,49724.33,49789.99,6175.21021,0.0001,0.00030000000000000003,0.0009000000000000001,0.6173786430144436,0,0,19851.277,20724.19,-872.9130000000005,0.48924334007049136,0.4985990399513992,-0.5718577416719691,-2082.453999999998,1280.005200000004,571754,1,0,0,0
2024-02-13 04:00:00+00:00,49790.0,50117.84,49789.99,49983.09,4055.06807,0.0001,0.00030000000000000003,0.0009000000000000001,0.6173786430144436,0,0,11753.197,11546.497,206.70000000000073,0.5044356805715989,0.5022307232879457,0.06553628676907444,-870.3679999999986,1683.9532000000042,326763,1,0,0,0
2024-02-13 08:00:00+00:00,49983.09,50247.0,49650.0,49988.12,8824.89385,0.0001,0.00030000000000000003,0.0009000000000000001,0.5980785070287903,0,0,23789.278,23628.440000000002,160.8379999999961,0.5016959694264493,0.5013394303820811,-0.039938284321311315,-505.37500000000364,-342.98320000000024,650276,1,0,0,0
2024-02-13 12:00:00+00:00,49988.12,49996.0,48400.0,48727.47,19358.47315,0.0001,0.00030000000000000003,0.0009000000000000001,0.5980785070287903,0,0,77407.927,85151.506,-7743.578999999998,0.4761823141939724,0.4983108836644285,-1.0853544772878088,-7376.041000000001,-1690.6218000000001,1677586,1,0,0,0
2024-02-13 16:00:00+00:00,48727.47,49268.21,48300.95,49036.73,10392.26078,0.0001,0.00030000000000000003,0.0009000000000000001,0.5641127467794539,0,0,34185.947,33960.518,225.42900000000373,0.5016540036229319,0.497330037330598,-0.010491293918560693,-7357.311999999998,-1604.7049999999995,903996,1,0,0,0
2024-02-13 20:00:00+00:00,49036.74,49775.0,49011.1,49699.59,6745.661,0.0001,0.00030000000000000003,0.0009000000000000001,0.5641127467794539,0,0,20381.453,19967.854999999996,413.5980000000054,0.5051252180086956,0.498490053620114,0.1193751355590425,-7104.551999999989,-1347.4027999999985,605541,1,0,0,0
2024-02-14 00:00:00+00:00,49699.6,49712.94,49333.0,49518.61,3206.45301,0.0001,0.00030000000000000003,0.0009000000000000001,0.5345616580299258,0,0,10452.12,10380.992,71.12800000000061,0.5017070901361256,0.5010486052559008,0.03683566406352357,710.1550000000097,-1374.5171999999984,327859,0,1,0,0
2024-02-14 04:00:00+00:00,49518.61,49877.22,49225.01,49838.93,3998.92481,0.0001,0.00030000000000000003,0.0009000000000000001,0.5345616580299258,0,0,14375.821,14686.095000000001,-310.27400000000125,0.4946618454199647,0.4968854133893684,-0.2767760669612882,174.45200000000477,-1468.7395999999978,410569,0,1,0,0
2024-02-14 08:00:00+00:00,49838.93,51723.08,49741.19,51555.12,19901.12485,0.0001,0.00030000000000000003,0.0009000000000000001,0.5134969718769854,0,0,78131.862,68672.894,9458.967999999993,0.5322161497274652,0.5004769271335322,1.4557722755135156,9219.821999999993,1971.7698000000005,1629498,1,0,0,0
2024-02-14 12:00:00+00:00,51555.12,52043.71,51276.24,51590.0,15434.55068,0.0001,0.00030000000000000003,0.0009000000000000001,0.5134969718769854,0,0,56983.183,56232.725,750.4579999999987,0.5033142780606414,0.5010235889238336,0.10401813571762702,9899.151999999991,2076.7755999999995,1415061,1,0,0,0
2024-02-14 16:00:00+00:00,51590.0,51750.0,51200.24,51678.0,8869.42094,0.00012283,0.00032282999999999986,0.0009228299999999999,1.5186345280469284,0,0,27759.144,28253.782,-494.637999999999,0.49558460845269897,0.5016577157620544,-0.22179752371773162,9714.787999999993,1895.1283999999985,765964,0,1,0,0
2024-02-14 20:00:00+00:00,51677.99,51888.0,51464.0,51795.17,5635.89972,0.00012283,0.00032282999999999986,0.0009228299999999999,1.5186345280469284,0,0,14637.116,14626.056999999999,11.059000000001106,0.5001889576362755,0.501233043468522,-0.03153225410293481,266.8790000000008,1883.1145999999985,430993,1,0,0,0
2024-02-15 00:00:00+00:00,51795.17,52500.0,51717.58,52343.32,9485.19698,0.0001,0.0003228299999999999,0.00092283,0.4589277616774154,0,0,39155.526,36597.708,2557.8179999999993,0.5168825663601372,0.5027517031618909,0.7935703697515128,2074.2390000000014,2456.732999999999,949111,1,0,0,0
2024-02-15 04:00:00+00:00,52343.32,52364.55,51634.01,51776.61,6158.65559,0.0001,0.0003228299999999999,0.00092283,0.4589277616774154,0,0,18348.855,21880.01,-3531.154999999999,0.45611167503731465,0.5007446392462251,-2.4120188939181078,-962.2779999999984,-141.29159999999973,532154,1,0,0,0
2024-02-15 08:00:00+00:00,51776.6,52498.12,51650.0,52330.0,6781.21145,0.0001,0.00032282999999999986,0.00092283,0.4589277616774147,0,0,24786.382,22139.859,2646.523000000001,0.5281987534437289,0.5033991142283047,1.3795899417607362,1673.1860000000015,237.92140000000072,666952,1,0,0,0
2024-02-15 12:00:00+00:00,52330.0,52816.62,51721.31,51948.23,13915.59154,0.0001,0.00032282999999999986,0.00092283,0.4589277616774147,0,0,56900.436,60096.455,-3196.0190000000002,0.4863414362010697,0.5015207360475422,-0.7524062714561238,-4080.650999999998,-302.3547999999995,1396791,1,0,0,0
2024-02-15 16:00:00+00:00,51948.24,52380.0,51725.0,52002.01,9258.37794,0.0001,0.00030000000000000003,0.00092283,0.4589277616774154,0,0,29978.318,32643.970999999998,-2665.6529999999984,0.47871641996350534,0.49922166903028015,-1.0714715643339943,-3215.1489999999976,-837.6971999999994,855811,0,1,0,0
2024-02-15 20:00:00+00:00,52002.01,52011.1,51314.0,51880.0,8216.99705,0.0001,0.00030000000000000003,0.00092283,0.4589277616774154,0,0,25037.134,25159.949,-122.81500000000233,0.4987766719432681,0.4996331516826104,-0.027595167017308377,-5984.487000000001,-1373.8237999999997,670566,1,0,0,0
2024-02-16 00:00:00+00:00,51880.01,52328.0,51803.6,52280.25,4925.24862,0.0001,0.00030000000000000003,0.00092283,0.4589277616774154,0,0,16708.83,15127.786999999997,1581.0430000000051,0.5248305748063622,0.49889459419050014,1.3945326751934213,-1207.4249999999956,-351.38419999999894,442449,1,0,0,0
2024-02-16 04:00:00+00:00,52280.25,52343.28,51700.0,51731.99,5910.92632,0.0001,0.00030000000000000003,0.00092283,0.4589277616774154,0,0,14196.454,15784.838000000002,-1588.3840000000018,0.4735104144277705,0.49591420782721307,-1.3654558916074955,-130.15599999999904,-1198.3655999999996,430854,1,0,0,0
2024-02-16 08:00:00+00:00,51732.0,52435.86,51566.0,52213.86,8723.49444,0.0001,0.00030000000000000003,0.00092283,0.4154111628464604,0,0,26728.275,24008.883,2719.392,0.5267988206986288,0.49903562905180615,1.4030910982835993,2712.051000000003,-15.283399999999528,669785,1,0,0,0
2024-02-16 12:00:00+00:00,52213.87,52572.08,51592.88,51888.01,10491.97637,0.0001,0.00030000000000000003,0.00092283,0.4154111628464604,0,0,42703.934,45022.086,-2318.152000000002,0.4867875460439217,0.49769548789257073,-0.7352050654072914,-1187.1440000000039,54.216799999999786,1118794,1,0,0,0
2024-02-16 16:00:00+00:00,51888.01,52245.0,51655.0,51756.29,4781.76179,0.0001,0.00030000000000000003,0.00092283,0.4154111628464604,0,0,20081.064,20453.980000000003,-372.9160000000047,0.4954000790032446,0.4955472391568814,-0.24324475574063678,28.323999999993248,4.196599999999307,616281,1,0,0,0
2024-02-16 20:00:00+00:00,51756.29,52208.43,51681.1,52124.11,2938.84564,0.0001,0.00030000000000000003,0.00092283,0.4154111628464604,0,0,9493.609,9510.053,-16.443999999999505,0.49956734654615514,0.49989280630776545,-0.004468318177601199,-2707.512000000006,-315.30080000000163,321423,0,1,0,0
2024-02-17 00:00:00+00:00,52124.1,52162.82,51846.84,51968.75,1748.64047,0.0001,0.00030000000000000003,0.00092283,0.37935964801662814,0,0,6024.489,6572.9580000000005,-548.469000000001,0.4782309463179325,0.49489602559518586,-1.0898596577002135,-937.8290000000052,-107.31780000000144,225294,1,0,0,0
2024-02-17 04:00:00+00:00,51968.75,52057.54,51792.0,51911.33,1813.90033,0.0001,0.00030000000000000003,0.00092283,0.37935964801662814,0,0,5476.4,5679.997000000001,-203.59700000000157,0.4908753247128082,0.49534941444635966,-0.40596132724532774,-768.510000000002,-691.9156000000017,189380,1,0,0,0
2024-02-17 08:00:00+00:00,51911.34,51911.34,51500.0,51690.48,3811.13615,0.0001,0.00030000000000000003,0.0009228300000000001,0.3252582344304841,0,0,17826.394,17430.525,395.8689999999988,0.5056140611719362,0.4980391785672028,0.3390242893467412,-356.19700000000375,-149.1114000000016,466079,0,1,0,0
2024-02-17 12:00:00+00:00,51690.47,51735.68,50625.0,50984.56,9664.71243,0.0001,0.00030000000000000003,0.0009228300000000001,0.3252582344304841,0,0,44426.741,48637.090000000004,-4210.349000000002,0.4773792409212124,0.4958994354649972,-1.1640363320054508,-4018.077000000005,-916.5980000000011,1066612,1,0,0,0
2024-02-17 16:00:00+00:00,50984.56,51444.0,50741.1,51394.43,4387.33024,0.00016041,0.0003604099999999999,0.0009604100000000001,2.7809822569423615,0,0,17178.815,15638.429,1540.3859999999986,0.523469155423289,0.4957632935266899,1.4017911174595268,-2274.0940000000046,-605.2320000000014,487433,1,0,1,0
2024-02-17 20:00:00+00:00,51394.44,52030.18,51303.0,51642.64,4248.2866,0.00016041,0.0003604099999999999,0.0009604100000000001,2.7809822569423615,0,0,19471.397,17978.77,1492.6270000000004,0.5199281754871747,0.5004050696326303,1.1357888563345409,-1177.336000000003,-197.01280000000116,498408,1,0,1,0
2024-02-18 00:00:00+00:00,51642.64,51798.99,51163.28,51479.99,3342.20712,0.0001724,0.0004328099999999999,0.00103281,2.7367949481069807,0,0,13043.832,14851.659000000001,-1807.8270000000011,0.46759642983161687,0.4944848305459291,-1.609353697095476,1225.1859999999979,-517.8588000000011,404448,1,0,1,0
2024-02-18 04:00:00+00:00,51479.99,51750.6,51405.52,51671.1,2668.90841,0.0001724,0.0004328099999999999,0.00103281,2.7367949481069807,0,0,10385.451,10681.462000000001,-296.01100000000224,0.4929745046177387,0.49510352640331085,-0.2633240120946835,-611.211000000003,-656.2348000000013,345560,0,1,1,0
2024-02-18 08:00:00+00:00,51671.1,52069.0,51644.0,51832.01,3445.09907,0.00015305,0.0004858599999999999,0.00108586,1.8422827550234917,0,0,14365.691,14330.774,34.91700000000128,0.5006083850397601,0.4956243570069624,0.13776461640072019,-2068.921000000002,192.81839999999937,448054,1,0,0,0
2024-02-18 12:00:00+00:00,51832.01,51948.57,51535.01,51773.99,3523.91039,0.00015305,0.0004858599999999999,0.00108586,1.8422827550234917,0,0,13263.741,13902.098,-638.357,0.4882507402035328,0.4944926963727002,-0.5395156558293568,-899.4510000000009,-242.93020000000033,408446,1,0,0,0
2024-02-18 16:00:00+00:00,51774.0,51980.73,51647.25,51758.12,3340.56645,0.00017095,0.0004963999999999999,0.0011568099999999999,2.394368393315216,0,0,10382.28,10389.31,-7.029999999998836,0.4998307784815703,0.4966526795890639,0.08074570644401395,-610.4699999999975,-542.8616000000002,357349,1,0,1,0
2024-02-18 20:00:00+00:00,51758.13,52377.0,51587.4,52137.67,5671.41219,0.00017095,0.0004963999999999999,0.0011568099999999999,2.394368393315216,0,0,21117.36,19922.767999999996,1194.5920000000042,0.5145539507089257,0.4990205421886757,0.8400105131070967,549.2050000000054,57.62220000000089,571241,1,0,1,0
2024-02-19 00:00:00+00:00,52137.68,52428.78,51904.83,52063.81,4612.31179,0.00023064,0.0005546399999999999,0.00128745,3.6786567149999483,0,0,12934.519,12733.532,200.987000000001,0.5039151200065795,0.49885064807213997,0.2746656091545517,1388.5490000000063,157.02180000000152,430692,0,1,1,0
2024-02-19 04:00:00+00:00,52063.8,52488.77,51989.21,52394.04,4434.73522,0.00023064,0.0005546399999999999,0.00128745,3.6786567149999483,0,0,14905.992,15359.987,-453.994999999999,0.4924999121951416,0.500362715199533,-0.32284499985167575,941.5840000000062,59.23940000000148,481288,0,1,1,0
2024-02-19 08:00:00+00:00,52394.04,52450.0,52063.52,52336.22,4670.2242,0.00019594,0.0005975299999999999,0.00138339,2.2616489228568812,0,0,14652.33,15361.978000000001,-709.648000000001,0.4881781715573785,0.49683361681294197,-0.499676643708152,-962.655999999999,44.981200000001266,472544,1,0,1,0
2024-02-19 12:00:00+00:00,52336.22,52454.11,52027.0,52127.99,5672.19056,0.00019594,0.0005975299999999999,0.00138339,2.2616489228568812,0,0,18124.246,19120.343999999997,-996.0979999999981,0.4866276149099776,0.49350356075522217,-0.5530886526760871,-2159.740999999998,-152.8323999999986,565312,1,0,1,0
2024-02-19 16:00:00+00:00,52127.99,52230.0,51677.0,51820.61,6367.05864,0.00013327,0.0005598499999999999,0.0014166600000000001,0.4523334124584584,0,0,24285.137,25057.903000000002,-772.7660000000033,0.492169452875218,0.4959608630595823,-0.23942124411901045,-2478.5120000000024,-546.3040000000001,652738,1,0,0,0
2024-02-19 20:00:00+00:00,51820.61,52110.0,51705.11,51774.73,3778.47391,0.00013327,0.0005598499999999999,0.0014166600000000001,0.4523334124584584,0,0,12217.976,11634.033999999998,583.9420000000027,0.5122409390235876,0.4978875065001672,0.8394975802756997,-1184.9219999999987,-469.71299999999974,381556,0,1,0,0
2024-02-20 00:00:00+00:00,51774.74,51832.01,51311.0,51580.23,5264.00845,0.00010461,0.0004338199999999999,0.00142127,-0.39052600618387845,0,0,17403.055,18192.617,-789.5619999999981,0.4889092977370957,0.4967175977699007,-0.3933002342580433,-978.3859999999986,-536.8263999999996,513674,1,0,0,0
2024-02-20 04:00:00+00:00,51580.23,52039.91,51510.0,51839.28,3718.97659,0.00010461,0.0004338199999999999,0.00142127,-0.39052600618387845,0,0,12349.124,12398.769,-49.64500000000044,0.49899698531911385,0.49779222228145886,0.09853996012969893,-255.26499999999578,-404.82579999999945,352699,0,1,0,0
2024-02-20 08:00:00+00:00,51839.28,52380.0,51560.0,52286.8,7446.13718,0.00010912,0.00034699999999999987,0.00143039,-0.27006897287214,0,0,27194.24,27141.882,52.358000000000175,0.5004817973575663,0.4978573241690585,0.26357712517234017,-786.8489999999983,-195.13459999999978,681462,1,0,0,0
2024-02-20 12:00:00+00:00,52286.8,52985.0,51340.0,51680.0,17302.62916,0.00010912,0.00034699999999999987,0.00143039,-0.27006897287214,0,0,73281.212,77994.87700000001,-4713.665000000008,0.48442032369041477,0.49484396146720727,-0.7846409132513122,-4710.952000000008,-983.3144000000008,1647867,1,0,0,0
2024-02-20 16:00:00+00:00,51679.99,52138.31,50760.37,52101.11,10418.63903,0.00020259,0.00041631999999999986,0.00147257,2.1488269523271515,0,0,42011.736,40478.82,1532.9159999999974,0.5092914636191809,0.4953815958284675,0.7874288907921101,-3128.3910000000105,-793.5196000000018,979893,1,0,1,0
2024-02-20 20:00:00+00:00,52101.1,52517.3,51901.1,52258.82,5464.08277,0.00020259,0.00041631999999999986,0.00147257,2.1488269523271515,0,0,19370.22,21096.512000000002,-1726.2920000000013,0.47867023213043247,0.49399862782199655,-1.1703354856620267,-4907.041000000012,-980.8656000000025,549746,0,1,1,0
2024-02-21 00:00:00+00:00,52258.82,52366.8,51988.91,52001.99,3369.43954,0.0001,0.0004117099999999999,0.0014001699999999998,-0.5818687899143513,0,0,9076.729,9622.658,-545.9290000000001,0.48540248939711234,0.4937210596059699,-0.6857520814031839,-739.3050000000039,-1080.1224000000025,316660,1,0,0,0
2024-02-21 04:00:00+00:00,52002.0,52113.39,51452.45,51568.64,4064.1614,0.0001,0.0004117099999999999,0.0014001699999999998,-0.5818687899143513,0,0,16552.718,19263.678999999996,-2710.9609999999957,0.4621547499599137,0.4912737731109635,-2.143402506879751,-4983.181999999997,-1632.7862000000016,473434,1,0,0,0
2024-02-21 08:00:00+00:00,51568.64,51787.04,50813.0,50965.53,9380.34826,0.00011242,0.00041500999999999994,0.00135954,-0.2635695969272047,0,0,34611.071,37026.321,-2415.25,0.48314253260364365,0.4903710810838061,-0.7331638142401035,-5672.139999999996,-1173.1032,861729,1,0,0,0
2024-02-21 12:00:00+00:00,50965.53,51442.26,50625.0,51156.0,11653.57718,0.00011242,0.00041500999999999994,0.00135954,-0.2635695969272047,0,0,42684.02,42533.832,150.18799999999464,0.5008812003381639,0.4892351072152638,0.47690201987317693,-4976.023000000001,-1449.6488000000004,1062605,1,0,0,0
2024-02-21 16:00:00+00:00,51156.0,51427.43,50649.28,51058.0,7754.08258,0.0001,0.0003124199999999999,0.00128859,-0.5957619719063217,0,0,24771.768,27265.310999999998,-2493.542999999998,0.4760407093564956,0.4879482483772038,-1.1876504846139757,-4758.605000000003,-1603.0989999999997,654918,1,0,0,0
2024-02-21 20:00:00+00:00,51057.99,51950.01,50862.5,51849.39,6857.79153,0.0001,0.0003124199999999999,0.00128859,-0.5957619719063217,0,0,23578.119,21141.075000000004,2437.0439999999944,0.5272482996898378,0.4907733798142761,2.073704887391153,93.68899999999121,-1006.5044000000009,570172,1,0,0,0
2024-02-22 00:00:00+00:00,51849.38,51878.18,51153.69,51586.1,4685.41723,0.0001,0.0003124199999999999,0.00128859,-0.5957619719063217,0,0,15965.486,15837.405999999999,128.08000000000175,0.502013653349513,0.4909265654134708,0.43964079188198374,71.58099999999831,-438.6962000000014,446210,0,1,0,0
2024-02-22 04:00:00+00:00,51586.1,51910.32,51352.0,51827.63,4426.10745,0.0001,0.0003124199999999999,0.00115795,-0.5957619719063217,0,0,14837.25,14677.268,159.98199999999997,0.5027102255235881,0.49275555559678813,0.45786831907422293,2725.105999999996,76.35019999999858,412240,1,0,0,0
2024-02-22 08:00:00+00:00,51827.63,52034.12,51517.63,51622.04,5505.24135,0.0001,0.0003124199999999999,0.00115795,-0.5957619719063217,0,0,18024.279,20127.255,-2102.9760000000024,0.4724391685010621,0.48907032608497625,-1.3670421956656187,-1814.9140000000007,-374.2826000000008,505589,1,0,0,0
2024-02-22 12:00:00+00:00,51622.05,51733.05,50940.78,51602.4,8605.10808,0.0001348,0.0003347999999999999,0.00109681,0.3054260401701236,0,0,32649.831,32609.869,39.961999999999534,0.5003061767062981,0.49123392054256276,0.323413889718472,-1903.0320000000029,132.41839999999866,797161,0,1,0,0
2024-02-22 16:00:00+00:00,51602.41,51750.01,51400.0,51509.99,5304.8486,0.00012557,0.00036036999999999994,0.00108911,0.03473242614984564,0,0,14509.29,15159.201999999997,-649.9119999999966,0.48904710087725395,0.491598381690577,-0.33598505021123926,-2712.9259999999995,-484.97279999999955,409154,1,0,0,0
2024-02-22 20:00:00+00:00,51509.99,52065.78,51184.04,51288.42,6782.72303,0.00012557,0.00036036999999999994,0.00108911,0.03473242614984564,0,0,24441.999,25305.512,-863.512999999999,0.4913210431774165,0.4945150110123273,-0.12623231397787138,-1473.462999999996,-683.2913999999997,614926,1,0,0,0
2024-02-23 00:00:00+00:00,51288.42,51548.54,50971.11,51100.0,4695.56436,0.0001,0.0003603699999999999,0.0010845,-0.6572998881240806,0,0,13206.624,15636.77,-2430.1460000000006,0.4578734388886412,0.49198810164082707,-2.3621689568943953,-3943.5709999999963,-1201.3169999999998,397493,1,0,0,0
2024-02-23 04:00:00+00:00,51100.0,51321.92,50889.0,50915.96,3958.88987,0.0001,0.0003603699999999999,0.0010845,-0.6572998881240806,0,0,12829.396,13863.272,-1033.8760000000002,0.4806337081029142,0.48996335241730204,-0.7850463800153724,-4327.535,-987.4969999999994,367471,1,0,0,0
2024-02-23 08:00:00+00:00,50915.95,51263.22,50830.0,51218.95,4762.093,0.0001,0.0003255699999999999,0.0010753800000000001,-0.6572998881240798,0,0,17131.629,16088.551999999996,1043.0770000000048,0.5156994478747723,0.4939292262691297,1.475907674083018,-2420.944999999996,-786.8739999999983,442298,1,0,0,0
2024-02-23 12:00:00+00:00,51218.94,51333.47,50800.32,50911.11,8302.82835,0.0001,0.0003255699999999999,0.0010753800000000001,-0.6572998881240798,0,0,27972.639,29979.394000000004,-2006.7550000000047,0.482686069011591,0.489473003201305,-0.6421806577925829,-1997.554,-1058.2426,732267,1,0,0,0
2024-02-23 16:00:00+00:00,50911.1,51195.18,50629.33,51099.09,5650.6788,0.00012991,0.0003299099999999999,0.0010027,0.12614846027599325,0,0,19339.392,21239.78,-1900.387999999999,0.47658419447296757,0.4869300573136505,-0.9714463643986925,-2864.065999999999,-1265.6176,545248,0,1,0,0
2024-02-23 20:00:00+00:00,51099.09,51162.04,50521.0,50744.15,3175.74106,0.00012991,0.0003299099999999999,0.0010027,0.12614846027599325,0,0,13006.625,15180.489000000001,-2173.8640000000014,0.46143869145312283,0.482802903906604,-1.7803319459315865,-6081.007000000005,-1214.3612,353409,1,0,0,0
2024-02-24 00:00:00+00:00,50744.15,50907.14,50585.0,50849.97,2775.43339,0.0001,0.00032990999999999994,0.0010027,-0.6894219223571136,0,0,9819.348,10103.971,-284.6229999999996,0.4928570385285705,0.4848446909093548,0.19422390492218797,-4358.875,-1064.5106,292450,0,1,0,0
2024-02-24 04:00:00+00:00,50849.96,51103.87,50826.47,51068.7,2424.36167,0.0001,0.00032990999999999994,0.0010027,-0.6894219223571136,0,0,7429.741,7974.950000000001,-545.2090000000007,0.4823037995374266,0.4830444531924677,-0.44607622730053775,-3003.6960000000017,-1382.167800000001,238868,0,1,0,0
2024-02-24 08:00:00+00:00,51068.7,51172.06,50953.0,51119.79,2450.32792,0.0001,0.00032990999999999994,0.0010027,-0.6894219223571136,0,0,5871.603,5410.9890000000005,460.6139999999996,0.5204125966799118,0.48618100277273346,1.7664089057250039,-369.21800000000076,-888.6940000000002,195954,1,0,0,0
2024-02-24 12:00:00+00:00,51119.79,51180.41,51032.34,51099.34,1990.4479,0.0001,0.0003299099999999999,0.00099028,-0.6894219223571136,0,0,5212.64,5062.239999999999,150.40000000000146,0.5073188202684606,0.4877807804818379,0.9382591725540691,65.80500000000029,-478.5364000000001,171880,0,1,0,0
2024-02-24 16:00:00+00:00,51099.35,51698.0,51094.99,51557.07,4634.38652,0.0001,0.00030000000000000003,0.00099028,-0.6634539158381578,0,0,18763.363,16780.600000000002,1982.762999999999,0.5278916985143159,0.49478260644440536,1.92456964532921,2593.777,352.78899999999993,467907,1,0,0,0
2024-02-24 20:00:00+00:00,51557.08,51666.0,51437.84,51568.22,2285.4637,0.0001,0.00030000000000000003,0.00099028,-0.6634539158381578,0,0,6519.525,5995.487000000001,524.0379999999986,0.5209363762495792,0.49881287325907187,1.5004401028316134,2657.200999999999,514.5211999999996,214658,1,0,0,0
2024-02-25 00:00:00+00:00,51568.21,51898.72,51438.88,51624.99,3601.71905,0.0001,0.00030000000000000003,0.00099028,-0.6634539158381578,0,0,12008.292,11926.283000000001,82.0089999999982,0.5017131910635555,0.49741424757795016,0.45598541068040904,2588.809999999996,639.9647999999994,349380,1,0,0,0
2024-02-25 04:00:00+00:00,51625.0,51800.03,51509.0,51719.28,2307.35285,0.00011438,0.0003143799999999999,0.00100466,-0.28922582463068885,0,0,6732.687,6865.2880000000005,-132.60100000000057,0.49512423724856086,0.4986580644016472,0.11427982338974357,473.4459999999963,521.3217999999994,203757,0,1,0,0
2024-02-25 08:00:00+00:00,51719.28,51777.64,51531.73,51645.0,1998.19169,0.00015012,0.0003644999999999999,0.00101998,0.6390829641352348,0,0,6022.044,7119.445,-1097.4009999999998,0.4582467024855403,0.4968243152029044,-1.6793202921516241,-1147.9930000000022,271.7615999999991,199976,1,0,0,0
2024-02-25 12:00:00+00:00,51645.0,51780.0,51436.67,51524.02,3015.0669,0.00015012,0.0003644999999999999,0.00101998,0.6390829641352348,0,0,10561.096,10254.482000000002,306.61399999999776,0.507365012876414,0.5014169473452335,0.7522017012833233,-923.3880000000026,-63.46820000000116,290920,0,1,0,0
2024-02-25 16:00:00+00:00,51524.02,51738.85,51279.8,51672.96,3855.78862,0.00015062,0.0004151199999999999,0.00104503,0.6084642212013645,0,0,12316.432,12525.95,-209.51800000000003,0.49578305333200334,0.5017095488255768,0.19788522679484216,-1000.3050000000021,-210.1794000000009,345585,0,1,0,0
2024-02-25 20:00:00+00:00,51672.97,51958.55,51640.88,51728.85,3943.51248,0.00015062,0.0004151199999999999,0.00104503,0.6084642212013645,0,0,13567.723,12277.537999999999,1290.1850000000013,0.5249597982392208,0.5059751486957562,1.5403274823624618,1387.280999999999,31.455799999999726,347694,1,0,0,0
2024-02-26 00:00:00+00:00,51728.85,51796.5,51400.0,51555.59,2849.5668,0.00026761,0.0005683499999999998,0.00121264,3.029202757171725,0,0,8625.125,8460.685000000001,164.4399999999987,0.5048121803999926,0.5044151070677644,0.5236980648560003,1245.107,90.86399999999958,259171,0,1,1,0
2024-02-26 04:00:00+00:00,51555.6,51598.06,51288.18,51293.26,2965.61094,0.00026761,0.0005683499999999998,0.00121264,3.029202757171725,0,0,6279.702,7533.569,-1253.8670000000002,0.45461368274031544,0.49914459331494976,-1.8695302768340873,200.7579999999998,59.57079999999951,214934,1,0,1,0
2024-02-26 08:00:00+00:00,51293.26,51374.66,50901.44,51090.01,5428.89999,0.00021567,0.0006338999999999998,0.0013283099999999999,1.690301201848352,0,0,19139.546,19508.158,-368.612000000001,0.4952311267960446,0.4958785361431226,0.048617089501542254,-1458.0390000000025,-75.47440000000024,517630,1,0,0,0
2024-02-26 12:00:00+00:00,51090.01,52847.84,50957.0,52842.32,11761.1694,0.00021567,0.0006338999999999998,0.0013283099999999999,1.690301201848352,0,0,53010.778,46972.29200000001,6038.48599999999,0.5301975424439357,0.49680465276255836,1.601472185896057,4416.006999999989,1174.1263999999978,1084680,1,0,0,0
2024-02-26 16:00:00+00:00,52842.33,54512.02,52753.28,54487.11,19931.38279,0.00027227,0.0007555499999999999,0.0014706699999999999,2.494796089494995,0,0,81970.508,73098.60199999998,8871.906000000017,0.5286062968956229,0.499493963345765,1.4153134519435617,14541.780000000006,2690.470600000001,1676003,1,0,1,0
2024-02-26 20:00:00+00:00,54487.1,54910.0,54258.2,54476.47,8320.09207,0.00027227,0.0007555499999999999,0.0014706699999999999,2.494796089494995,0,0,35532.184,33335.082,2197.101999999999,0.5159517149991115,0.5015767111208201,0.8837084972206591,17107.494000000006,3097.003000000001,807280,0,1,1,0
2024-02-27 00:00:00+00:00,54476.48,57073.84,54450.13,55667.6,17222.6943,0.00032262,0.0008105599999999999,0.00169329,2.8429054673661915,0,0,77957.232,66669.32899999998,11287.90300000002,0.5390243082665847,0.5096544716989245,1.7728731466068153,22356.911000000036,5605.357000000005,1527549,1,0,1,0
2024-02-27 04:00:00+00:00,55667.6,56448.0,55576.12,56059.08,8813.40604,0.00032262,0.0008105599999999999,0.00169329,2.8429054673661915,0,0,28603.383,27591.549,1011.8340000000026,0.5090028937129064,0.5098182597825739,0.47117189069660537,14496.839000000022,5881.446200000006,746394,1,0,1,0
2024-02-27 08:00:00+00:00,56059.09,56818.02,56023.8,56527.79,8262.13357,0.00073521,0.0013300999999999999,0.0023285,4.618625947906489,1,0,24243.406,25006.873000000003,-763.4670000000042,0.4922491098984434,0.5094648654392178,-0.2811114090572132,11536.270000000019,4521.055600000007,684716,0,1,1,0
2024-02-27 12:00:00+00:00,56527.8,57416.93,56457.26,56745.66,15703.7215,0.00073521,0.0013300999999999999,0.0023285,4.618625947906489,1,0,66844.965,67643.90900000001,-798.9440000000177,0.49702970224882687,0.5066718558401784,-0.06713378486015509,-550.5770000000193,2586.8856,1555577,0,1,1,0
2024-02-27 16:00:00+00:00,56745.66,57588.15,56209.0,57339.68,10002.01696,0.00022965,0.00128748,0.0024581499999999997,0.45123080121590653,0,0,42846.429,42703.38300000001,143.04599999998754,0.5008360392422603,0.506274241724405,0.0824827944282109,-1419.3650000000343,2176.0743999999977,976990,1,0,0,0
2024-02-27 20:00:00+00:00,57339.69,57359.0,56579.84,57037.34,7191.01325,0.00022965,0.00128748,0.0024581499999999997,0.45123080121590653,0,0,20783.964,20581.112999999998,202.8510000000024,0.5024519596566931,0.5110580694160429,0.13735180803551736,-453.04700000002777,-40.936000000005876,546260,0,1,0,0
2024-02-28 00:00:00+00:00,57037.35,57101.1,56691.85,56916.4,3603.53596,0.00026729,0.0012321499999999998,0.00261106,0.7261256376431331,0,0,9427.25,10314.109,-886.8590000000004,0.47753804588630394,0.5092887613250688,-1.0309106999958726,-540.9620000000104,-420.6746000000065,303175,1,0,0,0
2024-02-28 04:00:00+00:00,56916.39,58379.57,56894.16,58241.1,7636.88153,0.00026729,0.0012321499999999998,0.00261106,0.7261256376431331,0,0,33619.697,28196.353000000003,5423.343999999997,0.5438667951122726,0.5106556865919025,1.8268464807534799,4739.335999999999,816.6875999999938,698691,1,0,0,0
2024-02-28 08:00:00+00:00,58241.09,59494.06,58171.11,58941.11,19224.20294,0.00023682,0.0007337599999999998,0.0026977599999999996,0.4554327242165932,0,0,85992.201,85934.391,57.80999999999767,0.5001681240793745,0.5078118693102777,-0.06183841159161128,4594.294999999995,988.038399999997,1797726,1,0,0,0
2024-02-28 12:00:00+00:00,58941.11,61360.0,58891.1,60966.22,26368.9182,0.00023682,0.0007337599999999998,0.0026977599999999996,0.4554327242165932,0,0,117470.954,113351.949,4119.005000000005,0.5089224356562225,0.5071089413759888,0.28806575594460293,9600.159,1783.2302000000004,2265968,1,0,0,0
2024-02-28 16:00:00+00:00,60966.22,64000.0,58700.0,60951.11,45415.5681,0.00053538,0.0010394899999999997,0.00308252,2.452869825447211,1,0,214106.685,208120.515,5986.169999999984,0.5070888019530717,0.5039153907446375,0.16511128692802582,10162.984999999986,2939.8939999999966,4067496,0,1,1,0
2024-02-28 20:00:00+00:00,60951.1,62647.04,59797.57,62432.1,16514.36311,0.00053538,0.0010394899999999997,0.00308252,2.452869825447211,1,0,51756.19,51828.148,-71.95799999999872,0.4996526598451592,0.5029803673578628,-0.24825612751818643,10033.21699999999,3102.874199999997,1337488,0,1,1,0
2024-02-29 00:00:00+00:00,62432.11,62438.22,61021.1,61561.33,10084.02851,0.00069091,0.0014631099999999997,0.0035058199999999998,2.8966620904062452,1,0,33147.801,34407.782,-1259.9809999999998,0.490674486518753,0.5028229050198937,-0.6813772941751112,4654.230999999985,1766.2091999999975,980536,1,0,1,0
2024-02-29 04:00:00+00:00,61561.34,63676.35,61334.59,62707.17,14931.15457,0.00069091,0.0014631099999999997,0.0035058199999999998,2.8966620904062452,1,0,53955.96,50978.121999999996,2977.8380000000034,0.5141890887271497,0.5045388436677261,0.4197034603726387,1645.899000000005,2350.214799999999,1381593,1,0,1,0
2024-02-29 08:00:00+00:00,62707.17,63340.95,62111.1,62936.02,11918.80476,0.00076337,0.00198966,0.00405352,2.749969006357392,1,0,36807.053,37895.849,-1088.796000000002,0.49271249194576133,0.5037264889380761,-0.6017290751422699,629.0610000000015,1308.6545999999973,1110390,0,1,1,0
2024-02-29 12:00:00+00:00,62936.02,63531.88,62051.11,62768.02,12976.74161,0.00076337,0.00198966,0.00405352,2.749969006357392,1,0,50641.53,54123.64200000001,-3482.1120000000083,0.4833813473813606,0.501819427710543,-1.007852295263601,-1593.070000000007,-585.0018000000011,1408632,1,0,1,0
2024-02-29 16:00:00+00:00,62768.01,62879.3,60364.7,61600.0,17118.2411,0.00057031,0.0020245899999999997,0.00435156,1.6123917755312767,1,0,73750.865,77202.121,-3451.255999999994,0.48856844077267875,0.5029224671991804,-0.7015138137332624,-8022.164000000004,-1260.8614000000002,1932841,1,0,0,0
2024-02-29 20:00:00+00:00,61599.99,62285.47,60584.07,61130.98,11396.10548,0.00057031,0.0020245899999999997,0.00435156,1.6123917755312767,1,0,40029.135,41774.022999999994,-1744.8879999999917,0.4893348371709562,0.4974692714050487,-0.6160836535847366,-8678.255999999994,-1357.8427999999985,1177459,1,0,0,0
2024-03-01 00:00:00+00:00,61130.99,61749.0,60777.0,61105.91,6345.57641,0.00053322,0.0018669,0.00456216,1.3277602714557086,1,0,17367.218,17494.356999999996,-127.13899999999558,0.4981765166949572,0.497270110666607,-0.16753700728263593,-5323.282999999981,-1978.8381999999983,587648,1,0,0,0
2024-03-01 04:00:00+00:00,61105.92,61772.82,61061.11,61434.0,5719.40504,0.00053322,0.0018669,0.00456216,1.3277602714557086,1,0,15101.267,15437.542000000001,-336.27500000000146,0.49449430067819605,0.49582729716880436,-0.3505763094019795,-2208.3019999999888,-1828.3339999999982,496066,0,1,0,0
2024-03-01 08:00:00+00:00,61434.0,62243.53,61316.67,61863.72,8452.27991,0.00064824,0.0017517699999999997,0.0044751899999999996,1.7109375146821382,1,0,20805.294,20867.858999999997,-62.56499999999505,0.49924933685723283,0.4950433506592205,-0.19830737878506038,-525.9789999999921,-1144.4245999999955,629452,0,1,0,0
2024-03-01 12:00:00+00:00,61863.71,62677.06,61131.01,61263.99,9971.27905,0.00064824,0.0017517699999999997,0.0044751899999999996,1.7109375146821382,1,0,38344.924,40318.916,-1973.9919999999984,0.48745298983624497,0.4938233836583291,-0.7994725749955629,-2372.831999999995,-848.9717999999964,1064165,1,0,0,0
2024-03-01 16:00:00+00:00,61263.98,62494.31,61234.0,62215.5,7886.35574,0.0004601,0.0016415599999999998,0.0047056400000000005,0.8045231246552154,0,0,27714.52,26457.253,1257.2669999999998,0.5116044475782618,0.49591637976428,0.4796727803380705,-779.2899999999936,-248.54079999999811,724387,1,0,0,0
2024-03-01 20:00:00+00:00,62215.51,63114.23,62215.5,62387.9,9363.03858,0.0004601,0.0016415599999999998,0.0047056400000000005,0.8045231246552154,0,0,29858.824,29463.853000000003,394.97099999999773,0.5033290051964445,0.4948303714112094,0.07303176992816289,-321.7540000000008,-144.11879999999945,740844,1,0,0,0
2024-03-02 00:00:00+00:00,62387.9,62433.19,61949.03,62307.45,5441.91324,0.00033426,0.0014425999999999998,0.00477261,0.20238422279267762,0,0,14755.907,13686.647,1069.2599999999984,0.518796835192789,0.4974388057359122,0.8933819254367336,2721.497999999996,136.98820000000052,467927,0,1,0,0
2024-03-02 04:00:00+00:00,62307.45,62307.45,61752.3,62011.85,4846.35512,0.00033426,0.0014425999999999998,0.00477261,0.20238422279267762,0,0,14787.805,15995.433,-1207.6280000000006,0.480384974446158,0.4971391684423919,-1.3952546402980852,256.6029999999955,-92.02440000000061,439235,1,0,0,0
2024-03-02 08:00:00+00:00,62011.85,62123.0,61641.1,61826.32,4411.57189,0.00033426,0.0014425999999999998,0.00477261,0.20238422279267762,0,0,13739.685,15035.026,-1295.3410000000003,0.47749167663230396,0.4960314920283545,-1.480379879787577,-1433.7090000000026,43.705799999999,456579,1,0,0,0
2024-03-02 12:00:00+00:00,61826.32,62167.79,61561.12,61771.2,4301.35084,0.00057174,0.0013660999999999999,0.00510753,1.2012993273890986,1,0,17016.556,17344.607,-328.0509999999995,0.4952264275804634,0.4966206510693052,-0.3899558703713474,-2831.0200000000004,-273.35780000000085,495490,1,0,0,0
2024-03-02 16:00:00+00:00,61771.21,62114.77,61625.0,62114.77,3418.28795,0.00056396,0.0014699599999999998,0.00513611,1.0897947801360615,1,0,8640.362,8313.085000000001,327.2769999999982,0.5096522258865704,0.4977682219884665,0.5590848225997062,-1296.1150000000016,-286.8966000000008,284221,1,0,0,0
2024-03-02 20:00:00+00:00,62114.76,62200.0,61685.01,61987.28,3115.25755,0.00056396,0.0014699599999999998,0.00513611,1.0897947801360615,1,0,9216.739,10751.777,-1535.0380000000005,0.46156354332990995,0.4944751462536379,-2.227222608698339,-1535.8120000000017,-807.7562000000005,301869,1,0,0,0
2024-03-03 00:00:00+00:00,61987.28,62000.0,61642.39,61931.09,3127.09906,0.00046267,0.0015983699999999998,0.00490787,0.5884164121673755,0,0,7783.883,7867.254000000001,-83.371000000001,0.49733658327826274,0.49428387089574083,-0.027224782327110342,-1291.1320000000032,-582.9048000000006,266996,1,0,0,0
2024-03-03 04:00:00+00:00,61931.09,62100.0,61320.0,61598.0,4831.45761,0.00046267,0.0015983699999999998,0.00490787,0.5884164121673755,0,0,15346.887,18984.92,-3638.0329999999976,0.4470165814458878,0.49024023005670514,-2.773761229964466,-5256.441999999999,-1051.4432000000002,483540,1,0,0,0
2024-03-03 08:00:00+00:00,61598.01,61890.96,61393.83,61831.1,3942.85361,0.00042989,0.0014565199999999998,0.00457439,0.3998622035696705,0,0,12650.296,11744.039999999999,906.2560000000012,0.518575131538731,0.490937298452752,1.2218329797948957,-2815.1479999999974,-804.5817999999999,385774,1,0,0,0
2024-03-03 12:00:00+00:00,61831.1,62640.18,61821.09,62164.63,6685.90515,0.00042989,0.0014565199999999998,0.00457439,0.3998622035696705,0,0,27714.374,27113.571,600.8029999999999,0.5054789852145654,0.4911522964545642,0.47746078496248845,-2130.9739999999965,-749.8765999999996,756072,1,0,0,0
2024-03-03 16:00:00+00:00,62164.63,62989.0,62088.0,62730.0,5623.12318,0.00044598,0.0013385399999999998,0.00445006,0.4309669524244402,0,0,20237.33,19120.858999999997,1116.471000000005,0.5141834650979495,0.49069095944508023,0.9205545137730397,2623.530000000006,-219.5747999999985,608826,1,0,0,0
2024-03-03 20:00:00+00:00,62730.0,63231.88,62580.0,63113.97,4784.47042,0.00044598,0.0013385399999999998,0.00445006,0.4309669524244402,0,0,16956.656,14792.433,2164.222999999998,0.5340832299156678,0.4960607849920312,1.8298030446387021,3881.497000000003,229.94400000000132,475282,1,0,0,0
2024-03-04 00:00:00+00:00,63113.97,64268.24,62300.0,63458.72,12563.71291,0.00055071,0.0014265799999999998,0.00446755,0.8589384276815196,1,0,53922.822,52415.788,1507.0339999999997,0.5070860151359887,0.49902021884239967,0.4044249370435609,4787.728000000003,1258.9574000000007,1316398,1,0,0,0
2024-03-04 04:00:00+00:00,63458.71,64300.0,63210.0,64066.62,6654.96237,0.00055071,0.0014265799999999998,0.00446755,0.8589384276815196,1,0,19419.124,18521.549000000003,897.5749999999971,0.5118286647155679,0.5006804425559102,0.7782859312737593,4568.831999999995,1257.2212,596394,1,0,0,0
2024-03-04 08:00:00+00:00,64066.62,65555.0,64000.11,65230.0,16002.48076,0.00046833,0.0014650199999999998,0.0042876400000000005,0.42384017602395463,0,0,58917.554,56242.87,2674.683999999994,0.5116128610294106,0.5008765060701941,0.7369492943019839,5079.292999999991,1671.9973999999988,1541170,1,0,0,0
2024-03-04 12:00:00+00:00,65229.99,66580.29,64533.67,66451.65,16689.8023,0.00046833,0.0014650199999999998,0.0042876400000000005,0.42384017602395463,0,0,59431.682,60522.128,-1090.4459999999963,0.4954547254480704,0.5042656242820102,-0.1562115213133984,2481.8129999999946,1230.6139999999984,1444959,0,1,0,0
2024-03-04 16:00:00+00:00,66451.65,67524.99,66039.31,67405.26,17313.10625,0.0006362,0.0016552399999999999,0.00446374,1.1571008428367209,1,0,68308.455,70825.46800000001,-2517.0130000000063,0.4909547113107707,0.5036274370852609,-0.3833138169406998,-932.7750000000087,294.3667999999976,2090840,0,1,0,0
2024-03-04 20:00:00+00:00,67405.25,68499.0,66755.79,68245.71,15611.09546,0.0006362,0.0016552399999999999,0.00446374,1.1571008428367209,1,0,55954.857,58399.846999999994,-2444.9899999999907,0.489309622103521,0.5078567411510242,-0.4561464608747462,-6052.448999999993,-496.03800000000047,1632725,0,1,0,0
2024-03-05 00:00:00+00:00,68245.71,68686.8,67535.31,68113.94,11448.26318,0.0004896,0.0015941299999999998,0.004619079999999999,0.39718625108848826,0,0,38782.727,40745.951,-1963.224000000002,0.4876571316827371,0.5047649411654249,-0.5431796498124006,-6925.226999999999,-1068.1978000000004,1121099,1,0,0,0
2024-03-05 04:00:00+00:00,68113.95,68384.54,65089.0,66129.64,17780.29058,0.0004896,0.0015941299999999998,0.004619079999999999,0.39718625108848826,0,0,58088.816,66728.467,-8639.651000000005,0.4653908064959241,0.5007561232935608,-1.6586334870233528,-13047.864999999998,-3331.0648,1457820,1,0,0,0
2024-03-05 08:00:00+00:00,66129.64,67150.0,65515.15,66656.31,11938.90863,0.00082969,0.00195549,0.00487703,1.9331119910571823,1,0,35803.418,35232.696,570.7219999999943,0.5040171257115782,0.4997394893549236,0.4415245497085292,-10032.153000000013,-2998.831200000002,973666,1,0,0,0
2024-03-05 12:00:00+00:00,66656.32,69000.0,66370.0,66773.05,22508.23086,0.00082969,0.00195549,0.00487703,1.9331119910571823,1,0,96501.561,100992.164,-4490.603000000003,0.48863102359328126,0.49519426872268496,-0.41309109405970285,-12559.532000000014,-3393.5492000000013,2155569,0,1,0,0
2024-03-05 16:00:00+00:00,66773.05,66996.36,59005.0,61410.98,42797.37895,0.00088148,0.00220077,0.00519455,2.004442126478508,1,0,175793.19,203629.09399999998,-27835.90399999998,0.46331804275365124,0.4908174714844512,-1.675564877830635,-31755.78499999999,-8471.732,3704079,1,0,1,0
2024-03-05 20:00:00+00:00,61410.98,64367.27,61167.91,63724.01,26223.7091,0.00088148,0.00220077,0.00519455,2.004442126478508,1,0,101155.459,99571.589,1583.8699999999953,0.5039453327685066,0.4900291382897451,0.4274433947726682,-30742.636999999988,-7762.3132,2175595,1,0,1,0
2024-03-06 00:00:00+00:00,63724.01,64146.45,62779.14,63263.21,9495.88692,0.0003628,0.00207397,0.00509468,-0.5312134572593324,0,0,26999.938,27565.299000000003,-565.3610000000044,0.4948194030569316,0.4883497924924972,-0.04425067550804825,-26817.39499999999,-6147.455199999999,730773,1,0,0,0
2024-03-06 04:00:00+00:00,63263.22,66761.1,63263.21,66676.46,15208.16062,0.0003628,0.00207397,0.00509468,-0.5312134572593324,0,0,56708.285,51429.488,5278.797000000006,0.5244077386354166,0.4912450938112318,1.4005923702404703,6297.305999999997,-5205.840199999997,1226013,1,0,0,0
2024-03-06 08:00:00+00:00,66676.46,67641.1,66041.63,67301.31,14316.87745,0.0003628,0.00207397,0.00509468,-0.5312134572593324,0,0,47004.156,47864.049,-859.8929999999964,0.49546795999776744,0.49169641867993147,-0.05392310360006687,3853.543000000005,-4479.698199999996,1162080,0,1,0,0
2024-03-06 12:00:00+00:00,67301.31,67592.31,64664.92,66481.12,21399.96424,0.00033876,0.00158304,0.00500355,-0.7092990483826591,0,0,83564.281,89470.72600000001,-5906.445000000007,0.4829328033026288,0.49105873679984235,-0.6762220304142563,-1487.5409999999974,-93.8064000000013,2113951,1,0,0,0
2024-03-06 16:00:00+00:00,66481.12,67465.0,66221.1,66739.48,10674.76219,0.00049354,0.0011951,0.005051109999999999,0.0360948994065648,0,0,31827.85,32056.917999999998,-229.0679999999993,0.4982071782744832,0.49211374145901693,0.1152151055490636,-6995.406000000003,-456.39400000000023,972593,0,1,0,0
2024-03-06 20:00:00+00:00,66739.49,67363.58,65714.17,66074.04,7643.20349,0.00049354,0.0011951,0.005051109999999999,0.0360948994065648,0,0,18862.016,20658.806999999997,-1796.7909999999974,0.4772677937400241,0.4933014401834269,-0.8934313227426808,-7932.304000000004,-702.6799999999988,574670,1,0,0,0
2024-03-07 00:00:00+00:00,66074.04,66467.88,65551.0,65847.29,7749.00312,0.00030311,0.0011354099999999999,0.00480351,-1.0198307418806318,0,0,18275.15,17254.214,1020.9360000000015,0.5143674961364352,0.49433647722591256,0.9840956510697106,-1004.9229999999952,-1554.2521999999997,566502,0,1,0,0
2024-03-07 04:00:00+00:00,65847.3,66469.05,65657.59,66387.78,6679.10619,0.00030311,0.0011354099999999999,0.00480351,-1.0198307418806318,0,0,17827.533,17207.277,620.2560000000012,0.5088519960576353,0.49635857447234805,0.6582299615523939,-155.5989999999947,-1258.2224,555571,1,0,0,0
2024-03-07 08:00:00+00:00,66387.77,67275.2,66341.11,66905.34,8562.6623,0.00040984,0.00120649,0.00474502,-0.4851587823408753,0,0,24039.726,24198.684000000005,-158.958000000006,0.49835237106695673,0.49986200730367863,0.09197713148864319,1482.2339999999967,-108.725,786993,0,1,0,0
2024-03-07 12:00:00+00:00,66905.34,67899.0,66541.1,67260.01,13605.46645,0.00040984,0.00120649,0.00474502,-0.4851587823408753,0,0,42421.312,41691.280999999995,730.0310000000027,0.5043396058423737,0.4999014346110653,0.3837223870212391,1191.328999999998,83.09480000000039,1153997,1,0,0,0
2024-03-07 16:00:00+00:00,67260.01,67980.0,67012.0,67498.02,9547.44499,0.00054217,0.00125512,0.00465099,0.22726313955522448,1,0,27988.125,28803.485999999997,-815.3609999999971,0.49282146618450395,0.4997016409238225,-0.1804721044411025,-244.28800000000047,279.3808000000005,809919,0,1,0,0
2024-03-07 20:00:00+00:00,67498.03,67914.74,66810.32,66823.17,6916.20385,0.00054217,0.00125512,0.00465099,0.22726313955522448,1,0,17102.904,19283.096,-2180.1920000000027,0.47004078491727586,0.4942649455520084,-1.4080260106475213,-2265.521999999997,-360.8448000000004,532545,1,0,0,0
2024-03-08 00:00:00+00:00,66823.18,67256.18,66757.0,67156.09,5636.13131,0.00034819,0.0013002,0.00450958,-0.9253717306543287,0,0,12889.96,10946.892,1943.0679999999993,0.5407576470248672,0.49879391425471836,2.082804181445048,-1052.4850000000006,-96.28240000000078,397143,1,0,0,0
2024-03-08 04:00:00+00:00,67156.09,67640.45,66782.22,67223.02,5528.83778,0.00034819,0.0013002,0.00450958,-0.9253717306543287,0,0,13689.674,14160.744,-471.0699999999997,0.49154285583792673,0.49965491950824814,-0.4392724478249477,-708.1940000000031,-158.70479999999952,413393,0,1,0,0
2024-03-08 08:00:00+00:00,67223.02,67753.4,67038.71,67741.21,6407.54695,0.00043497,0.00132533,0.0041148600000000006,-0.3636745117324039,0,0,13973.366,13392.113,581.2530000000006,0.5106201868419697,0.5008962203649968,0.6334427756352864,2053.251,-188.46039999999994,449649,1,0,0,0
2024-03-08 12:00:00+00:00,67741.22,69990.0,67150.0,67617.6,22754.678982,0.00043497,0.00132533,0.0041148600000000006,-0.3636745117324039,0,0,85472.901,82916.384,2556.5169999999925,0.5075910916778344,0.5039285501587779,0.45988762654243454,2666.6999999999935,485.915199999998,2080335,0,1,0,0
2024-03-08 16:00:00+00:00,67617.6,68864.0,66082.66,68863.99,22384.90145,0.00062913,0.0014122899999999999,0.0038625099999999996,0.7712840601811535,1,0,75119.622,76898.26000000001,-1778.6380000000063,0.49414990533811015,0.5019067910789454,-0.2539109749554841,1359.1319999999869,566.2259999999973,1821984,0,1,0,0
2024-03-08 20:00:00+00:00,68864.0,69379.0,67807.58,68124.19,11549.83637,0.00062913,0.0014122899999999999,0.0038625099999999996,0.7712840601811535,1,0,30423.22,29504.070999999996,919.1490000000049,0.5076688682623749,0.5017884782994193,0.5969850047262146,1697.0279999999912,361.4421999999984,818188,0,1,0,0
2024-03-09 00:00:00+00:00,68124.2,68279.0,67861.1,68247.34,3976.42864,0.00019134,0.0012554399999999998,0.00369105,-1.938580611847385,0,0,9118.995,8362.315,756.6800000000003,0.5216425428071466,0.5041174954734384,1.3709208664767998,-102.8090000000011,606.9921999999984,291781,1,0,0,0
2024-03-09 04:00:00+00:00,68247.34,68541.1,68133.27,68288.64,3391.79959,0.00019134,0.0012554399999999998,0.00369105,-1.938580611847385,0,0,7207.16,8048.5419999999995,-841.3819999999996,0.4724240156237976,0.5009259364515807,-1.4029413819578964,834.4470000000056,322.4651999999984,251559,0,1,0,0
2024-03-09 08:00:00+00:00,68288.64,68453.12,67933.93,68299.99,4166.2641,0.00019134,0.0012554399999999998,0.00369105,-1.938580611847385,0,0,9920.696,12229.596000000001,-2308.9000000000015,0.44788104824983793,0.4964318946581141,-2.4190929850530742,-2393.6020000000008,-650.6182000000005,311512,0,1,0,0
2024-03-09 12:00:00+00:00,68300.0,68521.1,68100.01,68288.2,3154.11941,0.00031281,0.00113328,0.0036650999999999997,-1.2329001992512412,0,0,8494.244,9859.467999999999,-1365.2239999999983,0.4628079595015984,0.4957086121165464,-1.5262306464815232,-4515.505999999999,-567.9353999999988,278171,1,0,0,0
2024-03-09 16:00:00+00:00,68288.19,68325.0,68000.0,68193.51,3079.82488,0.00026407,0.0007682199999999998,0.00343563,-1.4296119984033202,0,0,5811.359,6203.889999999999,-392.53099999999904,0.4836652989879777,0.4899993773128575,-0.4832340143897123,-4066.654999999999,-830.2713999999996,239996,1,0,0,0
2024-03-09 20:00:00+00:00,68193.51,68433.17,68193.51,68313.27,2104.46081,0.00026407,0.0007682199999999998,0.00343563,-1.4296119984033202,0,0,5028.825,4613.915,414.90999999999985,0.5215141132084864,0.4929965030499134,1.285705870180973,-1342.8449999999975,-898.6253999999997,164595,1,0,0,0
2024-03-10 00:00:00+00:00,68313.28,69216.0,68200.0,69136.79,7144.0803,0.0003101,0.0008869799999999997,0.00344262,-1.076103382119272,0,0,22821.116,21415.701,1405.4150000000009,0.5158851279919168,0.4935229971649081,0.9580189960279059,1427.7940000000017,-449.2659999999996,620806,1,0,0,0
2024-03-10 04:00:00+00:00,69136.78,69659.47,69024.62,69347.16,5397.01526,0.0003101,0.0008869799999999997,0.00344262,-1.076103382119272,0,0,15401.897,14931.662,470.2350000000006,0.5077510687090823,0.4935389948680329,0.5257937647692553,2290.5600000000013,106.56100000000079,471508,1,0,0,0
2024-03-10 08:00:00+00:00,69347.16,69887.61,69162.0,69568.46,7712.18719,0.00063451,0.0012086799999999997,0.00366729,0.9699223079040704,1,0,23278.705,23723.676,-444.97099999999773,0.4952665057542511,0.49365065490964694,-0.06640806967548195,1430.6790000000037,290.6116000000009,683713,0,1,0,0
2024-03-10 12:00:00+00:00,69568.45,69833.33,68641.1,69194.83,8240.59115,0.00063451,0.0012086799999999997,0.00366729,0.9699223079040704,1,0,24550.513,25544.616,-994.1030000000028,0.4900778476885447,0.49189155285226394,-0.32150003758704954,-968.8389999999999,170.29720000000015,693662,1,0,0,0
2024-03-10 16:00:00+00:00,69194.83,69768.58,69111.89,69400.19,4006.35572,0.00054479,0.0014893999999999997,0.00366991,0.40686010512546483,1,0,12029.994,11865.204,164.79000000000087,0.5034481823502781,0.4900721168065771,0.27751145905369706,-1274.2839999999997,120.27320000000036,358226,1,0,0,0
2024-03-10 20:00:00+00:00,69400.19,69470.01,68094.75,68955.88,5904.43873,0.00054479,0.0014893999999999997,0.00366991,0.40686010512546483,1,0,18079.181,19954.257999999998,-1875.0769999999975,0.4753496258910482,0.4903646778333021,-1.087676535955443,-2704.3899999999994,-535.8251999999993,547805,1,0,0,0
2024-03-11 00:00:00+00:00,68955.88,68955.9,67024.96,68604.42,9122.59767,0.00035489,0.0015341899999999997,0.00367661,-0.7577420027941052,0,0,33446.927,36011.369,-2564.4419999999955,0.48153969973579547,0.4937305429818979,-0.7480334700342731,-4274.728999999992,-1142.7605999999985,945424,1,0,0,0
2024-03-11 04:00:00+00:00,68604.41,71298.0,68445.91,71019.99,17348.195928,0.00035489,0.0015341899999999997,0.00367661,-0.7577420027941052,0,0,59965.149,54769.433,5195.716,0.5226423276636856,0.4997139797981066,1.2987788678061771,756.1970000000074,-14.623199999998906,1421729,1,0,0,0
2024-03-11 08:00:00+00:00,71019.99,72226.3,71019.99,71487.2,16023.350068,0.00078428,0.0016839599999999998,0.0040259200000000005,1.8435238263446239,1,0,48057.421,49487.06,-1429.6389999999956,0.4926718611583981,0.5006146360151487,-0.18900299191699207,1201.6350000000093,-101.73039999999746,1315482,0,1,0,0
2024-03-11 12:00:00+00:00,71487.21,72661.1,71304.2,72010.0,15581.872268,0.00078428,0.0016839599999999998,0.0040259200000000005,1.8435238263446239,1,0,50054.656,48700.167,1354.4890000000014,0.506857837211657,0.4991490084154657,0.47929174478034653,5120.566000000006,136.20940000000263,1447875,1,0,0,0
2024-03-11 16:00:00+00:00,72010.01,72800.0,71760.0,71970.0,11603.115722,0.00066396,0.0018031299999999996,0.00406075,1.0535006160441054,1,0,31335.198,32636.971,-1301.773000000001,0.48982547394946074,0.49654304301122015,-0.35710255506367383,-1376.9229999999952,250.87020000000194,877049,1,0,0,0
2024-03-11 20:00:00+00:00,71970.0,72750.0,71836.36,72078.1,5613.69407,0.00066396,0.0018031299999999996,0.00406075,1.0535006160441054,1,0,15297.458,14635.087999999998,662.3700000000026,0.5110643778848616,0.496874373928798,0.6521483647440811,715.086000000003,896.2326000000015,417225,1,0,0,0
2024-03-12 00:00:00+00:00,72078.1,72470.41,71400.0,71619.0,6941.41973,0.0004447,0.0018929399999999999,0.0043141099999999995,-0.2718194601136181,0,0,17359.722,20339.081999999995,-2979.3599999999933,0.4604846880553559,0.4933961921589085,-1.7265803488177487,-3618.7629999999917,-738.7825999999972,584449,1,0,0,0
2024-03-12 04:00:00+00:00,71619.0,72355.15,71301.0,72121.1,6922.6066,0.0004447,0.0018929399999999999,0.0043141099999999995,-0.2718194601136181,0,0,23223.884,22752.061,471.8229999999967,0.5051311941494623,0.49490152680500027,0.43201912584718394,-1845.166999999994,-358.4901999999987,686427,1,0,0,0
2024-03-12 08:00:00+00:00,72121.1,72376.0,71388.0,72023.82,7323.42979,0.000453,0.0015616599999999999,0.0044543,-0.1988880508442156,0,0,19697.186,19981.900999999998,-284.7149999999965,0.49641227884099254,0.49419793645407173,0.013687090571570384,-2792.251999999993,-686.3309999999983,658939,1,0,0,0
2024-03-12 12:00:00+00:00,72023.82,73000.0,70800.0,71703.41,17116.478251,0.000453,0.0015616599999999999,0.0044543,-0.1988880508442156,0,0,63657.774,65367.92800000001,-1710.1540000000095,0.49337281652612125,0.4960002555175791,-0.115888930082052,-1523.0460000000094,-768.0072,1763363,1,0,0,0
2024-03-12 16:00:00+00:00,71703.41,71829.11,68620.82,71349.99,24015.90765,0.00047935,0.0013770499999999999,0.0046695799999999996,-0.023077860628690185,0,0,89756.173,93206.32900000001,-3450.1560000000172,0.4905714122776917,0.4969034267717687,-0.24786308294754314,-5445.025000000023,-1590.512400000004,2359036,1,0,0,0
2024-03-12 20:00:00+00:00,71349.99,71550.05,70607.86,71452.01,6463.70467,0.00047935,0.0013770499999999999,0.0046695799999999996,-0.023077860628690185,0,0,18044.785,18685.505999999998,-640.7209999999977,0.49127802989635994,0.4937669969950361,-0.2547501474305417,-5801.0310000000245,-1122.784600000005,564735,0,1,0,0
2024-03-13 00:00:00+00:00,71452.0,72217.79,71333.31,72057.43,6367.1435,0.00033224,0.00126459,0.00469172,-0.8753895267223655,0,0,16043.86,14264.153999999999,1779.706000000002,0.5293603203429957,0.49743584291349585,1.7261035127819264,-2311.171000000013,-861.2080000000038,500602,1,0,0,0
2024-03-13 04:00:00+00:00,72057.43,73182.22,71920.0,72855.16,8445.987492,0.00033224,0.00126459,0.00469172,-0.8753895267223655,0,0,25728.937,23249.991999999995,2478.945000000007,0.5253062393422282,0.499280683126553,1.4069067156057586,3617.930000000011,-308.4760000000031,723605,1,0,0,0
2024-03-13 08:00:00+00:00,72855.15,73650.25,72820.0,73065.41,9588.448875,0.00033224,0.00126459,0.00469172,-0.8753895267223655,0,0,25062.506,25098.820999999996,-36.31499999999505,0.4996380179495651,0.5002619375265634,0.14408571996458872,4222.336000000014,26.291799999999785,757743,0,1,0,0
2024-03-13 12:00:00+00:00,73065.4,73180.0,71634.52,72634.95,14039.65954,0.0006442,0.0014557899999999998,0.0047014100000000005,0.9317437593062805,1,0,47839.014,49532.44299999999,-1693.4289999999892,0.4913042843756565,0.49828592817564293,-0.2491821963506479,749.2010000000228,377.6372000000054,1423663,1,0,0,0
2024-03-13 16:00:00+00:00,72634.95,73394.19,72350.0,73349.24,8727.85823,0.00045402,0.00143046,0.00461064,-0.189697772795639,0,0,19817.296,19929.479000000003,-112.18300000000454,0.49858877858643874,0.5020963372287512,0.11161109775327588,-1841.9269999999888,483.34480000000406,605405,0,1,0,0
2024-03-13 20:00:00+00:00,73349.24,73410.22,72788.15,73072.41,5490.61401,0.00045402,0.00143046,0.00461064,-0.189697772795639,0,0,10275.6,11604.235999999999,-1328.6359999999986,0.46963788942476536,0.4985470067562815,-1.258340534358104,-3134.2479999999923,-138.32359999999608,402756,1,0,0,0
2024-03-14 00:00:00+00:00,73072.4,73288.3,72500.0,73267.08,5469.57319,0.00045402,0.00143046,0.00461064,-0.189697772795639,0,0,13220.887,13542.387,-321.5,0.49399363471001345,0.4983051423431835,-0.010099015191883413,-1762.3190000000031,-698.4125999999975,439186,0,1,0,0
2024-03-14 04:00:00+00:00,73267.08,73777.0,72680.0,73224.0,7734.903346,0.00024393,0.0013421499999999999,0.00449968,-1.3267320066094004,0,0,27089.819,27886.497,-796.6779999999999,0.49275435261977174,0.4982432959525487,-0.11025128672545993,-2446.8139999999985,-850.4851999999985,829223,1,0,0,0
2024-03-14 08:00:00+00:00,73224.0,73528.11,72627.0,72884.0,6407.33652,0.00038753,0.0010854799999999998,0.00410293,-0.48830746662433555,0,0,16336.46,17827.654000000002,-1491.1940000000031,0.4781760182629059,0.4970037565510701,-1.0213400950258178,-2609.372000000003,-810.0382000000012,558456,1,0,0,0
2024-03-14 12:00:00+00:00,72884.01,73047.16,70543.64,70844.01,18557.28967,0.00038753,0.0010854799999999998,0.00410293,-0.48830746662433555,0,0,72096.187,73712.532,-1616.3450000000012,0.49445731019693,0.4973216845811271,-0.15312677151057552,-3904.217000000004,-1110.8706000000006,1951769,1,0,0,0
2024-03-14 16:00:00+00:00,70844.0,71458.0,68555.0,69415.09,22921.42581,0.00038258,0.0010140399999999997,0.0038215500000000004,-0.4738043999098711,0,0,87103.532,92531.932,-5428.399999999994,0.48489051137474726,0.49287470368430225,-0.7486211845520006,-8535.938999999998,-1930.8233999999998,2353097,1,0,0,0
2024-03-14 20:00:00+00:00,69415.09,71709.9,69303.75,71388.94,10667.10021,0.00038258,0.0010140399999999997,0.0038215500000000004,-0.4738043999098711,0,0,36794.236,35759.11400000001,1035.1219999999885,0.5071335231247075,0.49105743206255015,0.6822283910668542,-6009.623000000007,-1659.499000000002,954468,1,0,0,0
2024-03-15 00:00:00+00:00,71388.94,72419.71,66699.0,68224.01,22422.85781,0.00038515,0.0011552599999999998,0.003762,-0.43760983490982797,0,0,84183.137,99038.70599999999,-14855.568999999989,0.4594601583611404,0.48703964610370776,-2.124518063845139,-19248.846999999994,-4471.2771999999995,2265913,1,0,0,0
2024-03-15 04:00:00+00:00,68224.01,68861.1,66904.98,68448.29,17229.30114,0.00038515,0.0011552599999999998,0.003762,-0.43760983490982797,0,0,56508.096,56352.409999999996,155.6860000000015,0.5006897275473849,0.48797819042088053,0.38468928881842773,-13664.760999999999,-4141.901199999998,1615022,1,0,0,0
2024-03-15 08:00:00+00:00,68448.28,68600.0,65600.0,67757.76,22721.61196,0.00014328,0.0009110099999999997,0.0034522800000000003,-1.7454113024641413,0,0,78027.517,83308.509,-5280.991999999998,0.4836335624133943,0.48648266880357605,-0.6270516946888678,-19980.874999999985,-4874.830599999998,2147942,1,0,0,0
2024-03-15 12:00:00+00:00,67757.75,68746.69,67424.79,68157.07,12481.72359,0.00014328,0.0009110099999999997,0.0034522800000000003,-1.7454113024641413,0,0,36850.633,38016.935,-1166.301999999996,0.492210899651502,0.4887399698262498,-0.11219764590710092,-6291.607999999993,-4022.4109999999987,1112545,0,1,0,0
2024-03-15 16:00:00+00:00,68157.07,70650.0,67520.01,68964.0,17320.34953,0.00015306,0.0006814899999999999,0.00312599,-1.6843368303557191,0,0,55165.065,53261.079,1903.9860000000044,0.508780105654223,0.49021861692067076,0.8738376970907955,-4543.30799999999,-3848.6381999999953,1380329,1,0,0,0
2024-03-15 20:00:00+00:00,68964.0,69750.0,67413.8,69499.85,11158.19143,0.00015306,0.0006814899999999999,0.00312599,-1.6843368303557191,0,0,32566.28,32532.318,33.961999999999534,0.500260850471772,0.49096926670587077,0.3187669740777958,771.6460000000079,-870.7319999999978,910748,1,0,0,0
2024-03-16 00:00:00+00:00,69499.84,70043.0,68932.01,69200.08,7063.23297,0.0001,0.0003963399999999998,0.00289375,-1.8495751827851001,0,0,17825.221,18615.156999999996,-789.9359999999942,0.48916125403529026,0.4920677902831091,-0.38233109286585104,1148.0120000000097,-1059.856399999997,598129,1,0,0,0
2024-03-16 04:00:00+00:00,69200.07,69460.91,68600.0,69432.45,5195.14968,0.0001,0.0003963399999999998,0.00289375,-1.8495751827851001,0,0,12621.156,12905.767999999998,-284.61199999999735,0.49442525860146724,0.4920645851235629,0.0026736616548924935,-1040.585999999992,-60.580399999996736,435141,0,1,0,0
2024-03-16 08:00:00+00:00,69432.45,69436.24,67725.53,68256.01,7874.19098,0.00023202,0.0004850799999999998,0.00248157,-1.0125803161261822,0,0,19972.63,23372.963,-3400.3329999999987,0.4607764853972583,0.48965318252581397,-1.9771004637454617,-4474.88099999999,-507.38659999999726,606637,1,0,0,0
2024-03-16 12:00:00+00:00,68256.0,68499.1,67524.0,68385.58,8590.50806,0.00023202,0.0004850799999999998,0.00248157,-1.0125803161261822,0,0,24389.823,23547.029,842.7940000000017,0.5087906690243239,0.48981889711577564,0.9325432289567211,-2842.1509999999944,-719.6249999999978,720405,1,0,0,0
2024-03-16 16:00:00+00:00,68385.58,68407.94,66670.0,66911.52,11754.26553,0.00020813,0.0005401499999999999,0.0022356800000000003,-1.0809139069334952,0,0,35619.879,40254.523,-4634.644,0.469458447922924,0.490818726071954,-1.3611660603800184,-7192.182999999997,-1653.3461999999977,1046527,1,0,0,0
2024-03-16 20:00:00+00:00,66911.51,67538.49,64780.0,65300.63,15449.60614,0.00020813,0.0005401499999999999,0.0022356800000000003,-1.0809139069334952,0,0,48382.426,55919.554,-7537.127999999997,0.46386872042122307,0.48713662535933777,-1.5580874673791907,-11328.977999999996,-3002.784599999998,1321530,1,0,0,0
2024-03-17 00:00:00+00:00,65300.64,66576.39,65122.23,66538.99,10190.42681,0.00013089,0.0005710399999999998,0.00212264,-1.45011426319657,0,0,27101.156,27052.067,49.08899999999994,0.5004532417211807,0.4888185932901165,0.4816745439617543,-12122.682999999997,-2936.044399999999,764598,1,0,0,0
2024-03-17 04:00:00+00:00,66538.99,66560.0,64533.0,65636.67,9585.06163,0.00013089,0.0005710399999999998,0.00212264,-1.45011426319657,0,0,33533.369,36643.708999999995,-3110.3399999999965,0.47783934520613697,0.48738143784557997,-0.8256997866302118,-10598.378999999994,-2878.0457999999985,878794,1,0,0,0
2024-03-17 08:00:00+00:00,65636.68,67515.0,65290.0,66955.49,9037.77471,0.00017773,0.0005167499999999997,0.00191284,-1.115403179491599,0,0,33739.063,32880.238000000005,858.8249999999971,0.5064457671208529,0.4871480039922429,0.8656970650563794,-2202.4259999999995,-2874.8395999999993,910323,1,0,0,0
2024-03-17 12:00:00+00:00,66955.49,68111.45,66436.92,67965.5,8266.27135,0.00017773,0.0005167499999999997,0.00191284,-1.115403179491599,0,0,29713.774,28258.047000000002,1455.726999999999,0.5125554707001527,0.4883774660150809,1.162167268207611,-795.7880000000005,-1656.7653999999995,827717,1,0,0,0
2024-03-17 16:00:00+00:00,67965.51,68693.75,67769.86,68536.73,6689.53988,0.00024827,0.0005568899999999998,0.00177853,-0.6744448196562328,0,0,18752.386,17867.122000000003,885.2639999999956,0.5120873278799922,0.4906700733995512,1.071020159328622,3199.8159999999916,27.71299999999901,578822,1,0,0,0
2024-03-17 20:00:00+00:00,68536.72,68904.4,67953.35,68393.48,5973.14151,0.00024827,0.0005568899999999998,0.00177853,-0.6744448196562328,0,0,14907.183,14442.195,464.9880000000012,0.5079215988836289,0.4920197074277673,0.7937748636684178,2805.9789999999957,110.89279999999926,480948,0,1,0,0
2024-03-18 00:00:00+00:00,68393.47,68425.97,66800.0,67972.01,9044.36516,0.00020181,0.0006278099999999997,0.00159519,-0.8937394469455688,0,0,26260.758,27688.985999999997,-1428.2279999999955,0.4867633477556446,0.494618393663606,-0.3404155598723316,-77.97599999999875,447.31519999999944,848736,1,0,0,0
2024-03-18 04:00:00+00:00,67972.01,68956.0,67704.01,68218.38,6783.817,0.00020181,0.0006278099999999997,0.00159519,-0.8937394469455688,0,0,18672.211,18625.714000000004,46.49699999999575,0.5006233188575503,0.49380165864692865,0.5891479214731298,-916.7429999999986,284.8495999999992,626924,1,0,0,0
2024-03-18 08:00:00+00:00,68218.38,68483.96,67300.0,68253.4,8039.1486,0.00030597,0.0007560499999999998,0.0017578799999999999,-0.29723939547164335,0,0,23016.919,22484.898,532.0210000000006,0.5058461511547989,0.4974404289701161,0.906139920404529,-849.7099999999991,100.10839999999953,763022,1,0,0,0
2024-03-18 12:00:00+00:00,68253.39,68627.81,66628.68,67467.19,13191.14257,0.00030597,0.0007560499999999998,0.0017578799999999999,-0.29723939547164335,0,0,46005.512,47118.416,-1112.903999999995,0.4940246077248804,0.5004560177004819,0.13945822729800544,-534.3859999999986,-299.52519999999856,1338969,1,0,0,0
2024-03-18 16:00:00+00:00,67467.19,68079.52,66565.2,66936.0,12161.56392,0.00030597,0.0007560499999999998,0.0017578799999999999,-0.29723939547164335,0,0,29503.52,30594.993,-1091.4729999999981,0.4909193011148213,0.49950262363984593,-0.04402261002722622,-1672.3559999999925,-610.8173999999984,912066,1,0,0,0
2024-03-18 20:00:00+00:00,66936.0,67999.0,66935.99,67609.99,6471.04363,0.00027195,0.0007797299999999997,0.00187677,-0.43506572602099725,0,0,14059.136,13854.853000000001,204.28299999999945,0.5036591509726539,0.5020846042164976,0.7249622026614128,-2000.0939999999937,-284.31519999999944,439472,1,0,0,0
2024-03-19 00:00:00+00:00,67610.0,68124.11,64860.0,65876.01,16347.35381,0.00026923,0.0008471499999999999,0.002046,-0.4704174484105122,0,0,57021.075,61022.795,-4001.720000000001,0.48304986103895103,0.4997450136083074,-0.6144666814300307,-4888.91,-1093.9585999999988,1563001,1,0,0,0
2024-03-19 04:00:00+00:00,65876.01,65976.1,63577.0,64704.22,16011.77985,0.00026923,0.0008471499999999999,0.002046,-0.4704174484105122,0,0,54253.262,60446.376000000004,-6193.114000000001,0.4730029052053329,0.4957897570588254,-1.201258382449959,-9990.551000000003,-2438.985599999999,1483710,1,0,0,0
2024-03-19 08:00:00+00:00,64704.23,64710.69,62505.0,63081.34,21759.46345,0.00029065,0.0008318299999999998,0.00210463,-0.34191381391153564,0,0,74622.345,74023.84599999999,598.4990000000107,0.5020131662842272,0.49478234089924894,0.614586408487637,-9596.334999999992,-2096.704999999998,1833199,0,1,0,0
2024-03-19 12:00:00+00:00,63081.34,64150.0,62410.78,64051.85,19821.88333,0.00029065,0.0008318299999999998,0.00210463,-0.34191381391153564,0,0,61134.626,59075.362,2059.2639999999956,0.5085652782861937,0.4948467088395055,0.9902723931785529,-3535.350999999995,-1466.5575999999994,1549967,1,0,0,0
2024-03-19 16:00:00+00:00,64051.85,65756.0,63969.58,64391.99,14712.724,0.00029065,0.0008318299999999998,0.00210463,-0.34191381391153564,0,0,52652.9,54875.617000000006,-2222.717000000004,0.4896645231329657,0.4951368263772376,-0.22139174845910822,435.0460000000021,-1951.9576000000002,1276450,0,1,0,0
2024-03-19 20:00:00+00:00,64392.0,64500.12,61555.0,61937.4,12352.12043,0.00024018,0.0008000599999999998,0.00213668,-0.6270064015591937,0,0,41703.002,49635.589,-7932.5869999999995,0.4565759285689003,0.4907320873483726,-2.075719728633443,-8096.040000000008,-2738.131,1177513,1,0,0,0
2024-03-20 00:00:00+00:00,61937.41,63466.21,61666.0,61860.81,14260.123,0.00015847,0.0006892999999999998,0.00216426,-1.04815976985034,0,0,50617.982,50408.91499999999,209.06700000001,0.5010347095981776,0.4902509431927104,0.5203885426020639,-9946.236999999994,-1457.6947999999975,1267856,0,1,0,0
2024-03-20 04:00:00+00:00,61860.82,63198.83,60775.0,62957.85,16405.1055,0.00015847,0.0006892999999999998,0.00216426,-1.04815976985034,0,0,54925.548,56455.081,-1529.5329999999958,0.4931337566786411,0.49016185808808654,0.03499891609893271,-9253.052999999985,-1883.3011999999987,1396944,0,1,0,0
2024-03-20 08:00:00+00:00,62957.85,63957.74,62640.0,63392.94,11101.8558,0.00015847,0.0006892999999999998,0.00216426,-1.04815976985034,0,0,36641.929,33875.21,2766.7189999999973,0.5196173514640178,0.49303166312300606,1.5811496993758756,1446.2530000000115,-1741.8101999999985,923205,1,0,0,0
2024-03-20 12:00:00+00:00,63392.95,64395.0,63066.6,63600.37,14577.40042,0.00018388,0.0005825299999999997,0.0021704100000000002,-0.8510157586742962,0,0,47126.302,46609.371999999996,516.9300000000076,0.5027573813572835,0.49294148616146904,0.5251782894997152,1754.116000000009,-1193.880799999996,1218314,1,0,0,0
2024-03-20 16:00:00+00:00,63600.37,66000.0,62022.0,65784.46,19560.39962,0.0001,0.0004423499999999998,0.00202214,-1.2564812816292712,0,0,81420.561,79560.403,1860.1579999999958,0.5057775713158233,0.49521425718915635,0.7189018464325369,5143.807000000001,764.668200000003,1970983,1,0,0,0
2024-03-20 20:00:00+00:00,65784.47,68100.0,65656.41,67840.51,14515.70158,0.0001,0.0004423499999999998,0.00202214,-1.2564812816292712,0,0,52013.101,47708.060999999994,4305.040000000008,0.5215853882649302,0.5000725054951161,1.5731048558101535,6682.1280000000115,1583.8628000000026,1303987,1,0,0,0
2024-03-21 00:00:00+00:00,67840.51,68240.47,66340.0,66654.45,9548.03051,0.00010403,0.00038790999999999983,0.00192436,-1.1563816589958442,0,0,27647.229,28479.742,-832.512999999999,0.4925836635652403,0.4991295552232174,-0.13367474543984878,5332.685000000005,1723.266800000002,868017,1,0,0,0
2024-03-21 04:00:00+00:00,66654.46,67330.0,66072.2,66985.19,7775.81555,0.00010403,0.00038790999999999983,0.00192436,-1.1563816589958442,0,0,26334.817,25480.827,853.989999999998,0.5082406579758035,0.4990970931921783,0.7508048144636009,4326.517000000007,1340.721000000002,804861,1,0,0,0
2024-03-21 08:00:00+00:00,66985.19,67659.53,66650.0,67044.0,6826.1452,0.00019304,0.0003970699999999998,0.00181143,-0.6191870995591356,0,0,20286.953,20419.862999999998,-132.90999999999622,0.49836747241543045,0.4999673881204248,0.11259846422022313,-111.43299999999726,1210.7530000000013,668737,0,1,0,0
2024-03-21 12:00:00+00:00,67044.01,67693.6,65885.96,66557.77,10244.26221,0.00019304,0.0003970699999999998,0.00181143,-0.6191870995591356,0,0,36100.409,36540.588,-440.1790000000037,0.4969701751202561,0.5040068127755604,0.05012963675159725,280.900999999998,750.6856000000014,1088135,1,0,0,0
2024-03-21 16:00:00+00:00,66557.77,67000.0,64871.01,65223.74,11883.44847,0.0001951,0.0004921699999999998,0.0017345799999999999,-0.56655570142463,0,0,36541.683,39340.81500000001,-2799.1320000000123,0.4815561422345373,0.5020589560391964,-0.988879175904704,-3372.2210000000123,-670.1488000000027,1129940,1,0,0,0
2024-03-21 20:00:00+00:00,65223.73,65946.66,64529.01,65501.27,7079.77808,0.0001951,0.0004921699999999998,0.0017345799999999999,-0.56655570142463,0,0,23790.375,26255.084000000003,-2464.7090000000026,0.47537529828630404,0.5002831101999626,-1.4921737766910617,-5704.020000000019,-996.5880000000034,754608,0,1,0,0
2024-03-22 00:00:00+00:00,65501.28,66160.0,65120.01,65981.99,6860.14662,0.00016271,0.0005508499999999998,0.00162806,-0.7552528546724298,0,0,19803.897,19453.404,350.4930000000022,0.5044640486109833,0.4987677799146592,0.5070584050335192,-4913.348000000013,-1097.2874000000024,680345,1,0,0,0
2024-03-22 04:00:00+00:00,65981.99,66649.62,65756.64,66178.01,5005.64413,0.00016271,0.0005508499999999998,0.00162806,-0.7552528546724298,0,0,14012.792,14611.360999999999,-598.5689999999995,0.48954433691016114,0.4974464754699469,-0.5620460914767407,-2712.785,-1190.4192000000032,474791,0,1,0,0
2024-03-22 08:00:00+00:00,66178.01,66363.1,64065.72,64233.9,8364.76408,0.0001,0.0004578099999999998,0.0014374099999999999,-1.1643146451868382,0,0,29059.797,35223.059,-6163.262000000002,0.4520613863204833,0.49207485697041287,-2.6798522364086503,-6411.338,-2335.035800000003,906550,1,0,0,0
2024-03-22 12:00:00+00:00,64233.9,64674.06,62601.11,63877.04,15779.03684,0.0001,0.0004578099999999998,0.0014374099999999999,-1.1643146451868382,0,0,68660.995,73523.83800000002,-4862.843000000023,0.48289957199584,0.488206275343504,-0.7316059442647224,-11624.674000000025,-2747.778000000005,1804554,1,0,0,0
2024-03-22 16:00:00+00:00,63877.04,64126.09,62766.63,63866.93,8473.14688,0.00011993,0.00038263999999999974,0.00131716,-0.9569985418153875,0,0,33618.989,34282.649000000005,-663.6600000000035,0.49511307812633326,0.48845921679961324,0.06270711047965918,-11689.765000000029,-2387.568200000005,938153,1,0,0,0
2024-03-22 20:00:00+00:00,63866.94,63978.86,62260.0,63796.64,6999.63966,0.00011993,0.00038263999999999974,0.00131716,-0.9569985418153875,0,0,28086.388,30812.164000000004,-2725.7760000000053,0.47686041585538463,0.4853211925875714,-1.0232000017902454,-8252.279000000031,-3002.8220000000065,806520,1,0,0,0
2024-03-23 00:00:00+00:00,63796.64,64374.91,63000.0,63556.0,5352.28065,0.0001,0.0003199299999999998,0.00125869,-1.0467384053595437,0,0,21793.832,23378.030000000002,-1584.198000000004,0.48246476977194336,0.4837309223232227,-0.6575528547267556,-4973.634000000013,-3199.9478000000076,609266,1,0,0,0
2024-03-23 04:00:00+00:00,63556.0,64856.01,63506.5,64575.41,3673.223,0.0001,0.0003199299999999998,0.00125869,-1.0467384053595437,0,0,20462.735,18112.621,2350.1140000000014,0.5304613390995018,0.4870800387211472,2.1103167080805223,-1959.8600000000079,-1497.2726000000068,538629,1,0,0,0
2024-03-23 08:00:00+00:00,64575.41,64857.14,64186.21,64629.62,3461.5518,0.0001,0.0003199299999999998,0.00117481,-1.1352071057896784,0,0,14642.541,15933.034000000001,-1290.4930000000022,0.4788966683373902,0.4868140913314325,-0.8144914994196502,-524.5770000000048,-782.8026000000027,427840,0,1,0,0
2024-03-23 12:00:00+00:00,64629.61,65414.69,64278.15,65104.05,5604.02124,0.0001,0.0003199299999999998,0.00117481,-1.1352071057896784,0,0,25515.66,24499.428000000004,1016.2319999999963,0.5101592543434093,0.49029248693714306,0.9396302847742876,2075.8529999999955,-446.82420000000275,654526,1,0,0,0
2024-03-23 16:00:00+00:00,65104.06,65999.0,64786.25,64872.9,5268.49718,0.00010806,0.00030805999999999976,0.00118287,-1.0373905591006978,0,0,23164.142,23134.105000000003,30.036999999996624,0.5003243859319338,0.4898785206692381,0.36378620617835294,-244.22400000000926,104.33839999999763,603626,0,1,0,0
2024-03-23 20:00:00+00:00,64872.9,65199.97,63861.66,63990.01,3050.54022,0.00010806,0.00030805999999999976,0.00118287,-1.0373905591006978,0,0,13322.096,15165.776,-1843.6800000000003,0.4676409666541608,0.4876881836436381,-1.3757581004447963,-797.4110000000073,52.44199999999837,421887,1,0,0,0
2024-03-24 00:00:00+00:00,63990.02,64723.16,63922.85,63962.98,2935.71455,0.00010351,0.0003115699999999998,0.00118235,-1.0209809582084404,0,0,13827.897,13127.685999999998,700.211000000003,0.5129882369822979,0.4937808687098196,1.0442417260911954,-1113.4320000000007,-277.53860000000134,428217,0,1,0,0
2024-03-24 04:00:00+00:00,63962.98,64583.44,63772.29,64583.43,2684.12371,0.00010351,0.0003115699999999998,0.00118235,-1.0209809582084404,0,0,14416.658,12110.427,2306.2309999999998,0.5434693634826443,0.4998378478584999,2.3524388279190367,1162.7620000000024,441.8061999999991,396822,1,0,0,0
2024-03-24 08:00:00+00:00,64583.44,65368.66,64476.0,65334.01,4489.73276,0.00014616,0.0003577299999999998,0.00113547,-0.4971253254921056,0,0,20447.54,18399.502,2048.0380000000005,0.5263602824637201,0.5029625682922386,1.4127663881827561,5054.480000000003,648.1673999999999,546730,1,0,0,0
2024-03-24 12:00:00+00:00,65334.0,65925.19,65177.28,65673.36,5348.55639,0.00014616,0.0003577299999999998,0.00113547,-0.4971253254921056,0,0,21192.523,20974.746,217.77700000000186,0.5025822990813088,0.5055347566148309,0.2851489885902733,4572.046000000002,685.715400000001,640111,1,0,0,0
2024-03-24 16:00:00+00:00,65673.36,66045.99,64600.01,65843.02,6877.2094,0.00015884,0.0004085099999999998,0.00109921,-0.28260480033781593,0,0,27445.036,27121.377,323.65899999999965,0.5029657346177401,0.5075848530994107,0.2824344241219911,2589.474000000002,1119.1832000000009,829321,1,0,0,0
2024-03-24 20:00:00+00:00,65843.02,67628.69,65730.6,67209.99,9060.44334,0.00015884,0.0004085099999999998,0.00109921,-0.28260480033781593,0,0,30123.465,24992.577999999998,5130.887000000002,0.5465462206711755,0.5091933412565781,2.188429846319474,5672.323000000004,2005.3184000000008,833235,1,0,0,0
2024-03-25 00:00:00+00:00,67210.0,67350.0,66385.06,67350.0,5111.47135,0.00025549,0.0005604899999999998,0.00119199,1.2370502860687373,0,0,19922.574,18709.167999999998,1213.4060000000027,0.5157047797637497,0.512874152399214,0.7060887059409547,6667.952000000005,1786.7534000000014,602404,1,0,0,0
2024-03-25 04:00:00+00:00,67350.0,67740.0,66710.0,66821.19,5187.21371,0.00025549,0.0005604899999999998,0.00119199,1.2370502860687373,0,0,18350.579,20638.478,-2287.8989999999976,0.4706597289593334,0.5089241998608064,-1.3218792746288996,4056.3940000000075,919.5660000000018,593691,1,0,0,0
2024-03-25 08:00:00+00:00,66821.19,67344.23,66747.65,66810.15,4533.27519,0.00025549,0.0005604899999999998,0.00119199,1.2370502860687373,0,0,14630.641,15065.760999999999,-435.119999999999,0.4926738599511146,0.5081591472627245,-0.2874360295087865,-1509.612999999994,788.9866000000017,491657,1,0,0,0
2024-03-25 12:00:00+00:00,66810.15,70000.0,66780.0,69792.05,18421.73075,0.00016324,0.0005775699999999997,0.00125523,-0.19906650449748745,0,0,73801.891,66400.03,7401.861000000004,0.5263971454428217,0.5140347651415906,1.1936509331050449,4678.842000000008,2204.6270000000027,1870888,1,0,0,0
2024-03-25 16:00:00+00:00,69792.06,71000.0,69440.18,70960.89,12949.80008,0.00028815,0.0007068799999999998,0.00142345,1.5941495261480345,0,0,44378.016,43237.011,1141.0050000000047,0.5065114686319734,0.5133870883065581,0.3025819248736748,8107.74600000001,1406.6506000000031,1216523,1,0,0,0
2024-03-25 20:00:00+00:00,70960.89,71150.0,69562.09,69880.01,7227.65378,0.00028815,0.0007068799999999998,0.00142345,1.5941495261480345,0,0,29411.16,30610.882,-1199.7220000000016,0.49000598813349266,0.508040750771643,-0.39439325572759604,7343.1440000000075,924.0250000000021,841191,1,0,0,0
2024-03-26 00:00:00+00:00,69880.0,70606.0,69732.8,70423.11,4442.88157,0.00021963,0.0006710199999999998,0.00154308,0.5306558544400315,0,0,15888.927,14794.25,1094.6769999999997,0.5178383907246632,0.5071885615977373,0.8217737608128637,1035.9600000000028,1600.5402000000017,480106,1,0,0,0
2024-03-26 04:00:00+00:00,70423.11,71561.1,70260.3,70486.38,6445.21132,0.00021963,0.0006710199999999998,0.00154308,0.5306558544400315,0,0,25235.104,25121.176,113.92799999999988,0.5011312193831633,0.5070434536279228,0.08244879074515239,8.882999999997992,1710.3498000000013,699561,1,0,0,0
2024-03-26 08:00:00+00:00,70486.38,71280.0,70268.66,70693.16,6034.6806,0.00018348,0.0006912599999999997,0.00162656,0.008081208817373817,0,0,22330.838,21806.429999999997,524.4080000000031,0.5059406486146809,0.5073409450276168,0.28718597617536235,1733.0130000000026,334.8592000000011,667097,1,0,0,0
2024-03-26 12:00:00+00:00,70693.17,71136.63,69280.0,70250.0,11063.14222,0.00018348,0.0006912599999999997,0.00162656,0.008081208817373817,0,0,50440.326,51541.269,-1100.9429999999993,0.49460224661126356,0.5021465476216257,-0.2188403339445956,-462.60699999999633,-113.53039999999964,1352827,1,0,0,0
2024-03-26 16:00:00+00:00,70250.01,70499.0,69412.0,69477.67,7627.77768,0.00026764,0.0006707499999999998,0.0017861399999999999,1.2320137773906015,0,0,26557.266,28112.733000000004,-1555.4670000000042,0.48577403485959453,0.4991534731312101,-0.6246972617835329,-2132.0020000000004,-184.67940000000016,827366,1,0,0,0
2024-03-26 20:00:00+00:00,69477.66,70305.33,69401.72,69988.0,3320.69078,0.00026764,0.0006707499999999998,0.0017861399999999999,1.2320137773906015,0,0,13391.376,12641.420999999998,749.9550000000017,0.514404041947548,0.5035279044300316,0.6180442845614865,-1906.4550000000017,-253.62379999999976,444022,1,0,0,0
2024-03-27 00:00:00+00:00,69987.99,70739.65,69840.0,70387.99,4372.6997,0.00028757,0.0007386899999999997,0.0019702,1.414786595424049,0,0,18595.078,17033.343999999997,1561.734000000004,0.5219169684248155,0.5064522152774017,0.9217620759307935,756.2220000000016,35.93740000000107,514300,1,0,0,0
2024-03-27 04:00:00+00:00,70388.0,70598.0,69640.0,69725.99,4193.40578,0.00028757,0.0007386899999999997,0.0019702,1.414786595424049,0,0,14969.777,16376.723,-1406.946,0.47755816438836873,0.5015683171719564,-1.047001250399414,904.7430000000058,-350.33339999999953,484152,1,0,0,0
2024-03-27 08:00:00+00:00,69726.0,70359.97,69407.0,70220.73,5171.78507,0.00028757,0.0007386899999999997,0.0019702,1.414786595424049,0,0,18985.896,19883.199,-897.3029999999999,0.4884573721101559,0.4997629075197746,-0.6707640640402464,-742.5149999999958,-309.60539999999963,568638,0,1,0,0
2024-03-27 12:00:00+00:00,70220.73,71769.54,68534.01,68874.0,22329.46086,0.00029551,0.0008507199999999999,0.00211955,1.419946768039428,0,0,99382.392,103219.76599999999,-3837.3739999999816,0.49052978004311293,0.49981528671073666,-0.5884679319709704,-6141.622999999981,-765.9867999999951,2477275,1,0,0,0
2024-03-27 16:00:00+00:00,68873.99,69406.0,68359.18,68652.0,8096.55097,0.00043631,0.0010193899999999998,0.0023970199999999997,2.823559771121584,0,0,34386.541,35314.409,-927.8680000000022,0.4933439357713202,0.49736584121540234,-0.4474388635142033,-5662.544999999984,-1101.551399999996,955558,1,0,1,0
2024-03-27 20:00:00+00:00,68652.01,69637.66,68630.0,69469.99,4955.45447,0.00043631,0.0010193899999999998,0.0023970199999999997,2.823559771121584,0,0,15046.095,14093.354000000001,952.7409999999982,0.5163479583982524,0.4988875151169113,0.6252096555265193,-3812.5009999999857,-1223.3499999999972,468541,1,0,1,0
2024-03-28 00:00:00+00:00,69469.99,69980.0,68903.62,69290.0,4222.74545,0.00024195,0.0009737699999999999,0.00238348,0.47979295059908705,0,0,15410.049,16451.697,-1041.6479999999992,0.4836536265150065,0.49665881290694386,-1.0107801634956135,-1016.7750000000033,-1150.290399999997,510799,1,0,0,0
2024-03-28 04:00:00+00:00,69290.0,70469.82,69280.0,70399.03,4925.19222,0.00024195,0.0009737699999999999,0.00238348,0.47979295059908705,0,0,19861.556,17626.950999999997,2234.605000000003,0.5298038676226824,0.5001789750080856,1.3006469240263936,2145.698000000002,-523.9087999999963,548103,1,0,0,0
2024-03-28 08:00:00+00:00,70399.04,70962.63,70292.44,70647.18,6772.71614,0.00029899,0.0009772499999999998,0.00251923,1.1663506888419735,0,0,20933.661,21779.818,-846.1569999999992,0.49009496510457506,0.5006110680325838,-0.7209968486630165,346.80000000000473,74.33460000000014,643537,0,1,0,0
2024-03-28 12:00:00+00:00,70647.18,71552.06,70348.75,71290.39,11335.7439,0.00029899,0.0009772499999999998,0.00251923,1.1663506888419735,0,0,40093.098,38276.445999999996,1816.6520000000019,0.511590293290465,0.5003296931668755,0.3740049957138083,3205.100000000006,623.2386000000009,1134636,1,0,0,0
2024-03-28 16:00:00+00:00,71290.38,71320.0,70404.0,70798.26,5199.87249,0.0002943,0.0008352399999999999,0.00252538,1.0916190261834533,0,0,15968.444,17553.681999999997,-1585.2379999999976,0.4763553481065014,0.495773531135044,-1.3391200738662046,-614.7429999999949,115.64280000000181,541988,1,0,0,0
2024-03-28 20:00:00+00:00,70798.26,71074.03,70541.9,70780.6,2982.76219,0.0002943,0.0008352399999999999,0.00252538,1.0916190261834533,0,0,9344.674,8670.745999999997,673.9280000000035,0.5187041989584479,0.49988813459205195,0.7034579945721817,905.3420000000078,458.75800000000237,308970,0,1,0,0
2024-03-29 00:00:00+00:00,70780.6,70916.16,70274.07,70442.22,3035.25826,0.0001825,0.0007757899999999998,0.0024882499999999996,-0.20138862278296157,0,0,8376.808,10007.826999999997,-1631.0189999999966,0.4556417900056216,0.4966065763815986,-2.2464306713670714,-2542.3289999999906,-314.3667999999976,325675,1,0,0,0
2024-03-29 04:00:00+00:00,70442.23,70538.78,69746.33,69794.0,4015.74929,0.0001825,0.0007757899999999998,0.0024882499999999996,-0.20138862278296157,0,0,15163.537,15826.560000000001,-663.023000000001,0.489302663363719,0.4964838647136592,-0.6096869317285016,-1620.1139999999941,-277.73999999999796,478913,1,0,0,0
2024-03-29 08:00:00+00:00,69794.01,70318.0,69566.0,70142.78,4708.66434,0.00025456,0.0007313599999999998,0.00255933,0.6853946881439623,0,0,18042.945,18294.266000000003,-251.32100000000355,0.496541823201566,0.49680365345668376,-0.20191676104023268,-2545.363000000001,-691.334599999999,553912,0,1,0,0
2024-03-29 12:00:00+00:00,70142.78,70636.04,69009.0,69180.0,7043.97127,0.00025456,0.0007313599999999998,0.00255933,0.6853946881439623,0,0,27723.6,33006.786,-5283.1860000000015,0.4565029440122445,0.49081915201808296,-2.0239407206753204,-6197.530000000006,-1430.9242,848061,1,0,0,0
2024-03-29 16:00:00+00:00,69179.99,69666.0,69078.62,69665.99,4246.066,0.0003017,0.0007387599999999998,0.00259339,1.2060460520269154,0,0,13354.46,12776.79,577.6699999999983,0.5110532408514709,0.4935591134517293,0.5634383089523088,-4956.837000000007,-1450.175800000001,425555,1,0,0,0
2024-03-29 20:00:00+00:00,69665.99,69916.5,69290.0,69850.54,2395.37437,0.0003017,0.0007387599999999998,0.00259339,1.2060460520269154,0,0,7651.259,7746.003000000001,-94.7440000000006,0.49692334909933983,0.49027106159939515,-0.03192988531198827,-4800.260000000004,-1142.9208000000017,266670,0,1,0,0
2024-03-30 00:00:00+00:00,69850.53,70177.87,69710.0,69773.99,2533.94601,0.00019624,0.0007524999999999999,0.00250206,-0.06175948122952942,0,0,8209.657,8949.222000000002,-739.5650000000023,0.4784494954478086,0.48910651463371846,-0.9361824944003824,-256.63900000000467,-1158.229200000002,287823,1,0,0,0
2024-03-30 04:00:00+00:00,69774.0,70321.1,69755.98,69852.18,2669.0432,0.00019624,0.0007524999999999999,0.00250206,-0.06175948122952942,0,0,9253.115,9067.284000000001,185.8309999999983,0.505071696309671,0.4884546549356391,0.41292590213145847,-648.4780000000046,-1070.7988000000016,278357,1,0,0,0
2024-03-30 08:00:00+00:00,69852.18,70183.67,69811.37,70183.55,2073.90457,0.00032267,0.0008206099999999998,0.00252922,1.3465239061969265,0,0,7205.77,6978.759,227.01100000000042,0.508002063374822,0.49161932646247114,0.5415782026177631,-326.7230000000036,31.240599999998814,209824,1,0,0,0
2024-03-30 12:00:00+00:00,70183.54,70269.15,69925.87,69999.99,1960.15928,0.00032267,0.0008206099999999998,0.00252922,1.3465239061969265,0,0,6177.099,7150.491,-973.3919999999998,0.4634820699016101,0.48609711355678736,-1.7225494488444262,-560.5500000000011,-278.9718000000008,214903,1,0,0,0
2024-03-30 16:00:00+00:00,69999.99,70280.06,69670.0,69896.34,2564.18678,0.0003436,0.0008625099999999998,0.00243651,1.4752275262104337,0,0,8059.992,8181.657999999999,-121.66599999999926,0.4962545061616277,0.49015838517238797,0.039885792844915696,-868.0469999999987,-284.3562000000005,266265,1,0,0,0
2024-03-30 20:00:00+00:00,69896.34,69896.35,69540.0,69582.18,1843.37158,0.0003436,0.0008625099999999998,0.00243651,1.4752275262104337,0,0,5955.995,5937.708,18.287000000000262,0.5007687681456313,0.49130499565057917,0.26238243279353995,-1076.7709999999988,-132.78580000000002,212095,0,1,0,0
2024-03-31 00:00:00+00:00,69582.17,70165.86,69562.99,69916.61,2971.88718,0.00032351,0.0009897799999999998,0.00251807,1.1675323927689085,0,0,8643.013,8179.210000000001,463.8029999999999,0.513785425386407,0.4930293558690632,0.9743647783674331,360.4240000000009,-77.1913999999997,261562,1,0,0,0
2024-03-31 04:00:00+00:00,69916.6,70460.0,69874.54,70301.73,3491.10805,0.00032351,0.0009897799999999998,0.00251807,1.1675323927689085,0,0,10695.966,8874.214,1821.7520000000004,0.5465440787974357,0.5020334693475824,2.380329907975948,2303.8420000000006,241.75680000000028,309892,1,0,0,0
2024-03-31 08:00:00+00:00,70301.72,70470.0,70147.77,70369.99,1973.67988,0.00039889,0.0010659999999999997,0.00261797,1.834207236805869,0,0,6174.251,6635.51,-461.259,0.4819957999216379,0.49912772525459914,-0.6940166628628853,1824.2960000000003,344.18340000000023,205496,0,1,0,0
2024-03-31 12:00:00+00:00,70369.99,70759.1,70289.72,70381.13,3579.74008,0.00039889,0.0010659999999999997,0.00261797,1.834207236805869,0,0,12033.421,13576.633,-1543.2119999999995,0.4698709733294588,0.496422487677611,-1.2044088820876846,-182.71899999999914,59.8742000000002,358965,0,1,0,0
2024-03-31 16:00:00+00:00,70381.13,71227.22,70321.86,71023.5,3712.47384,0.00039889,0.0010659999999999997,0.00261797,1.834207236805869,0,0,18050.415,14979.845000000001,3070.5699999999997,0.5464811660580329,0.5032256547386335,2.103766566502765,1066.0990000000002,670.3308000000001,466025,1,0,0,0
2024-03-31 20:00:00+00:00,71023.51,71366.0,70639.93,71280.01,3667.4553,0.00040301,0.0011254099999999999,0.00272668,1.7110860850474894,0,0,13052.888,11563.424,1489.464,0.5302535976957068,0.505743844877237,1.3489106362146006,3016.822,875.4630000000001,353349,1,0,0,0
2024-04-01 00:00:00+00:00,71280.0,71288.23,70520.51,70588.01,3360.81417,0.00070161,0.0015035099999999998,0.00324579,3.480735949737416,1,0,10015.078,11800.245,-1785.1670000000013,0.45908456180089563,0.5008520947198444,-1.5177213118579926,2774.8669999999984,154.07919999999976,360129,1,0,1,0
2024-04-01 04:00:00+00:00,70588.01,70648.83,68888.0,69594.94,9756.49862,0.00070161,0.0015035099999999998,0.00324579,3.480735949737416,1,0,34020.708,36948.416,-2927.7079999999987,0.4793733680579177,0.5024412245354751,-0.6891836250428905,-3223.411,-339.2106,906761,1,0,1,0
2024-04-01 08:00:00+00:00,69594.94,69799.98,69165.35,69460.01,4785.74482,0.00033491,0.0014395299999999996,0.00332614,0.5846983109848165,0,0,14464.376,14641.043999999998,-176.66799999999785,0.49696503262966146,0.5025122771822785,0.02220357721709091,-4889.542999999998,-65.90179999999964,396022,1,0,0,0
2024-04-01 12:00:00+00:00,69460.0,70080.0,68161.48,68237.15,11010.9048,0.00033491,0.0014395299999999996,0.00332614,0.5846983109848165,0,0,39617.756,44016.347,-4398.591,0.4737033647625778,0.4998057368439731,-0.9001013712695658,-7502.966999999997,-1559.7339999999997,1118928,1,0,0,0
2024-04-01 16:00:00+00:00,68237.15,69816.24,68062.86,69648.01,8342.53739,0.00027469,0.0013112099999999997,0.00329913,0.0685724984064499,0,0,27714.605,25449.543999999998,2265.0610000000015,0.5213025228711928,0.5005574465924518,0.9783556859428103,-2310.1979999999967,-1404.6145999999994,707219,1,0,0,0
2024-04-01 20:00:00+00:00,69648.01,69900.0,69327.66,69649.8,4188.82059,0.00027469,0.0013112099999999997,0.00329913,0.0685724984064499,0,0,11430.789,12693.218,-1262.429,0.4738345914092961,0.49328649785363776,-0.8581615082301407,-3395.958999999999,-1300.066999999999,366133,0,1,0,0
2024-04-02 00:00:00+00:00,69649.81,69674.23,66000.0,66703.97,14727.55061,0.00027469,0.0013112099999999997,0.00329913,0.0685724984064499,0,0,52725.799,65499.512,-12773.713000000003,0.44597724932184785,0.48968464279365875,-1.8093269761820225,-11771.081000000002,-3269.268,1431111,1,0,0,0
2024-04-02 04:00:00+00:00,66703.97,67120.0,66120.75,66455.5,8828.4082,0.00010926,0.0007188599999999998,0.00321215,-1.2782080205071835,0,0,27062.357,28023.959,-961.601999999999,0.49127186141836027,0.4918247316025489,-0.06088936919788542,-14997.744000000002,-3426.2548,714983,1,0,0,0
2024-04-02 08:00:00+00:00,66455.5,66705.08,65075.0,65622.69,13036.59722,0.00010926,0.0007188599999999998,0.00321215,-1.2782080205071835,0,0,48028.053,53096.835999999996,-5068.782999999996,0.4749380046291077,0.4846704154596564,-0.6704218727752996,-18804.097999999998,-3560.293199999999,1279887,1,0,0,0
2024-04-02 12:00:00+00:00,65622.69,66249.83,64588.58,64890.0,17665.0445,0.0001,0.0004839499999999998,0.0029894799999999997,-1.3534671645196827,0,0,58630.599,62371.247,-3740.648000000001,0.4845430126743686,0.4800993569575226,-0.267818400296289,-9771.032999999996,-4761.4349999999995,1504150,1,0,0,0
2024-04-02 16:00:00+00:00,64889.99,66200.0,64550.0,65914.9,11481.41905,0.00016456,0.0003738199999999998,0.00281044,-0.8586915927194504,0,0,35464.42,34858.918000000005,605.5019999999931,0.5043051284055942,0.4846214136179925,0.46523825066648794,-8203.929000000004,-4387.848800000002,900608,1,0,0,0
2024-04-02 20:00:00+00:00,65914.91,66120.0,65200.0,65463.99,6060.80835,0.00016456,0.0003738199999999998,0.00281044,-0.8586915927194504,0,0,15250.405,18029.467000000004,-2779.0620000000035,0.45824710503694244,0.48250878731589497,-1.2395024965553783,-5914.208000000011,-2388.9186000000013,476213,1,0,0,0
2024-04-03 00:00:00+00:00,65463.99,66288.88,64493.07,66225.79,9351.12963,0.0001,0.00036455999999999983,0.00258693,-1.3895984134444122,0,0,31208.274,29237.681999999997,1970.5920000000042,0.5163004453101875,0.48444232858394753,0.9398800909586184,-202.9680000000062,-1802.4798000000005,809502,1,0,0,0
2024-04-03 04:00:00+00:00,66225.79,66483.87,65920.0,66135.99,4521.80948,0.0001,0.00036455999999999983,0.00258693,-1.3895984134444122,0,0,15023.486,16454.661,-1431.1749999999993,0.47726716569434663,0.48479870867712443,-0.5742204079945552,-2239.6449999999986,-1074.9582000000014,420101,1,0,0,0
2024-04-03 08:00:00+00:00,66135.98,66642.36,65538.06,66059.76,6489.92426,0.0001,0.0003645599999999998,0.00228804,-1.355806161157996,0,0,23092.827,24240.971,-1148.1440000000002,0.48787183737083595,0.48145564012708875,-0.14878767754110997,-608.7269999999953,-556.4574000000011,595309,1,0,0,0
2024-04-03 12:00:00+00:00,66059.75,66903.63,65635.01,65836.01,7323.44464,0.0001,0.0003645599999999998,0.00228804,-1.355806161157996,0,0,33355.193,33831.471999999994,-476.278999999995,0.4964555540894909,0.48371773639510823,0.13921498505452426,-3055.5979999999945,-772.8135999999988,879995,1,0,0,0
2024-04-03 16:00:00+00:00,65836.02,66550.0,65451.62,65784.0,6431.99952,0.0001,0.00030000000000000003,0.00198503,-1.3160087225405663,0,0,22381.51,22930.51,-549.0,0.4939420047925473,0.4885142119421781,0.06122372484868372,-2173.422999999995,-326.80119999999806,654307,1,0,0,0
2024-04-03 20:00:00+00:00,65784.01,66297.4,65476.63,65963.28,5768.91025,0.0001,0.00030000000000000003,0.00198503,-1.3160087225405663,0,0,11325.496,11959.148000000001,-633.6520000000019,0.4863933500550835,0.48802636080585043,-0.23250579640008615,-1658.9309999999969,-847.6499999999993,356831,0,1,0,0
2024-04-04 00:00:00+00:00,65963.27,66354.83,65454.55,65620.01,3770.13451,0.0001,0.00030000000000000003,0.00138342,-1.2393318090804089,0,0,14774.254,15499.818,-725.5639999999985,0.48801674251154586,0.4893342345940943,-0.1801698194897788,-1908.2160000000003,-706.5277999999992,449254,1,0,0,0
2024-04-04 04:00:00+00:00,65620.0,66290.32,65064.52,66091.6,4739.31707,0.0001,0.00030000000000000003,0.00138342,-1.2393318090804089,0,0,19228.708,19911.778,-683.0699999999997,0.49127412470044446,0.4900073457967019,-0.027858758488645042,-2042.286,-613.512999999999,502755,0,1,0,0
2024-04-04 08:00:00+00:00,66091.59,66468.99,66028.0,66353.67,3428.64196,0.0001,0.00030000000000000003,0.00114851,-1.2030517824604492,0,0,12190.43,12270.917000000001,-80.48700000000099,0.49835481259474385,0.4894123142156168,0.2789717201856899,-1489.1209999999992,-534.3546000000002,375985,0,1,0,0
2024-04-04 12:00:00+00:00,66353.68,67927.69,66330.56,67647.99,10795.2997,0.0001,0.00030000000000000003,0.00114851,-1.2030517824604492,0,0,38101.578,37425.636999999995,675.9410000000062,0.5044748174548738,0.49403508545740993,0.48607956276652264,-87.61599999999453,-289.366399999999,952800,1,0,0,0
2024-04-04 16:00:00+00:00,67648.0,69309.91,67526.5,68500.0,11282.70659,0.0001,0.00030000000000000003,0.00097382,-1.1296544857945103,0,0,50423.328,46682.212999999996,3741.1150000000052,0.5192631386503475,0.494331354791426,1.05834347865552,4336.56900000001,585.5870000000025,1135643,1,0,0,0
2024-04-04 20:00:00+00:00,68500.0,68565.54,67320.0,68487.79,7494.3847,0.0001,0.00030000000000000003,0.00097382,-1.1296544857945103,0,0,30546.217,29330.460000000003,1215.7569999999978,0.5101521749445114,0.4976198557164424,0.6629901593018394,5632.813000000009,973.8512000000017,801780,0,1,0,0
2024-04-05 00:00:00+00:00,68487.8,68756.67,67435.67,67863.99,5774.35522,0.0001,0.00030000000000000003,0.00096456,-1.0779067552735209,0,0,17837.896,19575.991,-1738.0950000000012,0.47677206059878247,0.4965098780392371,-0.6652748614192256,3218.777000000002,762.8462000000014,592516,1,0,0,0
2024-04-05 04:00:00+00:00,67864.0,68028.0,66380.0,66930.74,5658.20928,0.0001,0.00030000000000000003,0.00096456,-1.0779067552735209,0,0,23787.231,26901.095,-3113.8640000000014,0.46928420954363337,0.49379274358465136,-0.9418745699976516,-3636.202000000005,156.17080000000132,639559,1,0,0,0
2024-04-05 08:00:00+00:00,66930.75,67684.26,66383.01,66478.0,5920.7343,0.0001,0.00030000000000000003,0.00096456,-1.040950392396931,0,0,28302.154,27932.392000000003,369.76199999999517,0.5032876765822916,0.4947273107636258,0.5510632622603127,-4482.197000000007,94.93499999999912,752395,0,1,0,0
2024-04-05 12:00:00+00:00,66478.0,68566.66,65952.56,68190.62,11781.15101,0.0001,0.00030000000000000003,0.00096456,-1.040950392396931,0,0,56749.221,54073.592,2675.629000000001,0.5120716526118138,0.49729514101929884,0.8830727197361766,-68.47300000000541,-118.16220000000176,1390846,1,0,0,0
2024-04-05 16:00:00+00:00,68190.62,68380.0,67316.0,67412.4,6064.18449,0.0001,0.00030000000000000003,0.0009000000000000001,-0.9837508447654093,0,0,19853.097,21562.170999999995,-1709.0739999999932,0.4793666190932292,0.49643012867746705,-0.5410266925630891,1336.3170000000027,-703.1283999999999,583788,1,0,0,0
2024-04-05 20:00:00+00:00,67412.41,67966.67,67342.0,67820.62,2716.59643,0.0001,0.00030000000000000003,0.0009000000000000001,-0.9837508447654093,0,0,8553.143,8419.310000000001,133.83299999999872,0.503942653427881,0.4976969815502107,0.7875774581428998,1100.3880000000063,-328.7428,287018,1,0,0,0
2024-04-06 00:00:00+00:00,67820.63,68065.2,67447.83,67788.01,3176.77641,0.0001,0.00030000000000000003,0.0009000000000000001,-0.9269222533401688,0,0,8828.796,9651.625999999998,-822.8299999999981,0.47773779191838806,0.49563527948257524,-0.6793637593550758,-2398.0709999999926,129.46400000000068,309772,1,0,0,0
2024-04-06 04:00:00+00:00,67788.0,68232.14,67602.0,67992.02,3070.43208,0.0001,0.00030000000000000003,0.0009000000000000001,-0.9269222533401688,0,0,8765.276,8626.428000000002,138.84799999999814,0.5039917882687055,0.49558697656395834,0.7398078696020829,-550.1490000000013,83.28120000000126,290649,1,0,0,0
2024-04-06 08:00:00+00:00,67992.02,68120.0,67615.22,67668.16,2642.86157,0.0001,0.00030000000000000003,0.0009000000000000001,-0.8723404554376137,0,0,6827.619,8421.626,-1594.0070000000005,0.44773488785838245,0.4884341514847619,-2.115271688299659,-2277.9890000000005,-770.645999999999,231274,1,0,0,0
2024-04-06 12:00:00+00:00,67668.16,68299.0,67527.78,68104.0,3568.26804,0.0001,0.00030000000000000003,0.0009000000000000001,-0.8723404554376137,0,0,11757.35,10181.891999999998,1575.4580000000024,0.5359050235190441,0.49100943634221517,2.1221772002626857,120.29899999999998,-113.73959999999988,359114,1,0,0,0
2024-04-06 16:00:00+00:00,68104.01,68484.09,67948.83,68259.98,2363.11858,0.0001,0.00030000000000000003,0.0009000000000000001,-0.8166827907116931,0,0,9134.022,9183.935999999998,-49.91399999999703,0.49863756647984464,0.4931959869303214,0.40505436247734206,-68.46299999999519,-150.48899999999904,297337,0,1,0,0
2024-04-06 20:00:00+00:00,68259.99,69692.0,68166.66,68896.0,5312.83251,0.0001,0.00030000000000000003,0.0009000000000000001,-0.8166827907116931,0,0,19607.772,16357.382999999998,3250.389000000003,0.5451880299139542,0.5007863689673535,2.3370814742888673,4775.933000000008,664.1548000000012,555921,1,0,0,0
2024-04-07 00:00:00+00:00,68896.0,69777.0,68824.0,69408.05,4070.3115,0.0001,0.00030000000000000003,0.0009000000000000001,-0.7751252571825922,0,0,16034.985,14658.381000000001,1376.6039999999994,0.5224251064545999,0.5027001119545844,1.2762422507154516,4577.079000000005,911.7060000000014,555754,1,0,0,0
2024-04-07 04:00:00+00:00,69408.04,69493.98,69053.97,69364.01,2506.83696,0.0001,0.00030000000000000003,0.0009000000000000001,-0.7751252571825922,0,0,8266.047,9065.809,-799.7619999999988,0.4769279758613273,0.49918574427953566,-0.8330347842264729,3827.2310000000034,1070.5550000000017,334026,1,0,0,0
2024-04-07 08:00:00+00:00,69364.0,69555.0,69199.01,69357.0,2408.97704,0.0001,0.00030000000000000003,0.0009000000000000001,-0.7266427022478432,0,0,7478.699,7985.564000000001,-506.8650000000016,0.4836117311248521,0.4996102554826979,-0.5410973941773403,69.97699999999895,654.090400000001,291987,1,0,0,0
2024-04-07 12:00:00+00:00,69357.0,69886.03,69210.0,69543.74,3508.85654,0.0001,0.00030000000000000003,0.0009000000000000001,-0.7266427022478432,0,0,18027.382,15632.759999999998,2394.622000000003,0.53557058671945,0.5027730488118548,1.728779066271557,1087.9950000000026,1142.997600000001,581832,1,0,0,0
2024-04-07 16:00:00+00:00,69543.73,70326.29,68849.77,69068.01,6365.63132,0.0001,0.00030000000000000003,0.0009000000000000001,-0.6804807285181101,0,0,27335.066,26712.344000000005,622.7219999999943,0.5057608865993763,0.5055753582799537,0.39619170719210783,2510.4789999999957,617.4641999999992,899187,0,1,0,0
2024-04-07 20:00:00+00:00,69068.01,69477.18,68901.0,69360.39,2674.13097,0.0001,0.00030000000000000003,0.0009000000000000001,-0.6804807285181101,0,0,10371.263,10215.136,156.1270000000004,0.5037919939276413,0.5055553788458472,0.25427596290090065,3173.4709999999977,373.36879999999945,431221,1,0,0,0
2024-04-08 00:00:00+00:00,69360.38,69841.03,69043.24,69458.95,2783.56347,0.0001,0.00030000000000000003,0.0009000000000000001,-0.6804807285181101,0,0,13458.941,13094.555999999999,364.38500000000204,0.5068613373221614,0.5114680237922251,0.4176788691390322,1143.2339999999967,606.1981999999996,524241,1,0,0,0
2024-04-08 04:00:00+00:00,69458.95,70850.0,69280.0,70698.63,5743.89017,0.0001,0.00030000000000000003,0.0009000000000000001,-0.6562238885856884,0,0,22222.764,18481.457,3741.3070000000007,0.5459572362286457,0.5124732450631853,2.036953862569896,4261.819000000003,1455.8326000000002,719943,1,0,0,0
2024-04-08 08:00:00+00:00,70698.64,72650.0,70642.0,72404.0,17583.55254,0.0001,0.00030000000000000003,0.0009000000000000001,-0.618073690538594,0,0,58341.413,51728.113,6613.300000000003,0.5300414666998747,0.5156136350851883,1.2350725725624303,10718.992000000006,2299.5682,1750437,1,0,0,0
2024-04-08 12:00:00+00:00,72404.0,72797.99,71245.17,71773.98,11394.24682,0.0001,0.00030000000000000003,0.0009000000000000001,-0.618073690538594,0,0,34008.952,36408.486,-2399.5339999999997,0.4829620753882014,0.509391039632613,-0.7939201307219167,7955.073000000004,1695.1170000000013,1276163,1,0,0,0
2024-04-08 16:00:00+00:00,71773.98,72104.05,71300.0,71766.0,5209.50842,0.0001,0.00030000000000000003,0.0009000000000000001,-0.618073690538594,0,0,16779.712,17523.898,-744.1860000000015,0.4891529492085527,0.5060638239080084,-0.5177842966765408,3469.5800000000017,1515.054400000001,668837,1,0,0,0
2024-04-08 20:00:00+00:00,71766.0,72000.0,71500.37,71620.0,3009.11482,0.00035189,0.0005518899999999998,0.00115189,1.1040816173846277,0,0,7943.579,7245.5779999999995,698.0010000000002,0.5229769499386964,0.5106687213157451,0.8817952850834828,-2445.719000000001,1581.7776000000006,354872,0,1,0,0
2024-04-09 00:00:00+00:00,71620.0,71758.19,70833.33,71285.0,4291.79016,0.00020915,0.0006610399999999998,0.00126104,0.12261766952978155,0,0,15928.641,17694.716000000004,-1766.0750000000044,0.4737373784539122,0.5096812860486513,-1.1836803105541216,-1812.2600000000057,480.30119999999954,675841,1,0,0,0
2024-04-09 04:00:00+00:00,71285.0,71339.79,70110.0,70383.99,6190.35905,0.00020915,0.0006610399999999998,0.00126104,0.12261766952978155,0,0,22887.516,25605.249,-2717.733,0.4719779538246582,0.503322022759172,-1.2027040776941182,-3785.8070000000043,-1385.905400000001,795401,1,0,0,0
2024-04-09 08:00:00+00:00,70383.98,70905.26,69576.61,70794.85,6972.66696,0.00020915,0.0006610399999999998,0.00126104,0.12261766952978155,0,0,32723.615,33294.753,-571.1379999999954,0.49567440079706304,0.5023133741789407,-0.22573416991393971,-5054.946,-1020.2262000000003,972946,0,1,0,0
2024-04-09 12:00:00+00:00,70794.84,70977.0,68535.03,69264.0,12156.24815,0.00020603,0.0007670699999999998,0.0013670700000000002,0.12973322034582666,0,0,54199.362,59250.833000000006,-5051.471000000005,0.4777370545727136,0.499707880243448,-0.9117896617395655,-8340.342,-1881.6832000000009,1655188,1,0,0,0
2024-04-09 16:00:00+00:00,69264.0,69320.0,68210.0,69000.77,6642.90689,0.00020603,0.0007670699999999998,0.0013670700000000002,0.12973322034582666,0,0,26172.252,27938.386,-1766.1339999999982,0.4836803439648965,0.4973897809077214,-0.6257134192707993,-7388.742999999999,-2374.5102000000006,941660,1,0,0,0
2024-04-09 20:00:00+00:00,69000.78,69439.6,68888.47,69146.0,3039.93121,0.00019061,0.0006057899999999997,0.00145768,0.05923636744125281,0,0,8647.421,9716.659000000001,-1069.2380000000012,0.47088778746335236,0.48988283603119215,-1.0729973296130972,-7886.843000000004,-2235.1428,390560,0,1,0,0
2024-04-10 00:00:00+00:00,69146.0,69594.15,68466.63,69150.18,4540.58603,0.00011929,0.0005159299999999998,0.00147697,-0.40518359929708403,0,0,19173.814,19286.452000000005,-112.63800000000629,0.49853565755369444,0.48673225511657414,0.000876551463109574,-2948.0100000000057,-1714.1238000000012,747272,0,1,0,0
2024-04-10 04:00:00+00:00,69150.18,69515.0,69005.55,69336.28,2643.50253,0.00011929,0.0005159299999999998,0.00147697,-0.40518359929708403,0,0,8604.965,10456.178,-1851.2129999999997,0.4514401366172008,0.483580061239474,-1.8100641784321194,-3033.089000000007,-1970.138800000002,356201,0,1,0,0
2024-04-10 08:00:00+00:00,69336.27,69336.28,68629.99,69043.0,4809.39998,0.00011929,0.0005159299999999998,0.00147697,-0.40518359929708403,0,0,15804.471,17059.779000000002,-1255.3080000000027,0.48090161801958053,0.48275492812057674,-0.6296599619613039,-3219.1590000000087,-1210.9062000000017,621050,1,0,0,0
2024-04-10 12:00:00+00:00,69043.0,69204.28,67518.0,68657.32,13749.00779,0.00012457,0.00043446999999999973,0.00150154,-0.315580849847051,0,0,60179.266,65451.451,-5272.184999999998,0.4790171340023475,0.4783589465269419,-0.65873663242299,-8378.706,-1912.1164000000015,1728844,1,0,0,0
2024-04-10 16:00:00+00:00,68657.31,70098.89,68556.0,70083.99,9298.63372,0.0001,0.0003438599999999998,0.00150154,-0.44988272696071785,0,0,37158.168,34071.895,3086.273000000001,0.5216641181406789,0.4831516204956186,0.9265978901362892,-3441.2199999999993,-1081.014200000001,1123231,1,0,0,0
2024-04-10 20:00:00+00:00,70084.0,71172.08,69581.03,70631.08,6964.89372,0.0001,0.0003438599999999998,0.00150154,-0.44988272696071785,0,0,26320.852,24207.465000000004,2113.386999999995,0.5209128972176136,0.4880451148349142,0.8653064820113079,-72.52500000000146,-635.8092000000008,799797,1,0,0,0
2024-04-11 00:00:00+00:00,70631.08,71062.0,70285.13,70851.67,4013.72496,0.00013979,0.00036435999999999977,0.00154133,0.03248558429990969,0,0,13169.287,12606.965,562.3220000000001,0.5109077533847822,0.489568450093686,0.44799820864197454,5761.981999999996,-153.1022000000008,520357,1,0,0,0
2024-04-11 04:00:00+00:00,70851.66,71305.89,70378.11,70735.99,3777.07402,0.00013979,0.00036435999999999977,0.00154133,0.03248558429990969,0,0,15795.431,16874.193,-1078.7619999999988,0.48348983141036456,0.49014372777745113,-0.5679091312567378,1596.9469999999965,-117.79300000000003,563123,1,0,0,0
2024-04-11 08:00:00+00:00,70736.0,71256.27,69881.31,69983.16,5151.60119,0.00020153,0.0004413199999999998,0.0016428600000000001,1.1135300364501863,0,0,21956.285,23907.590999999997,-1951.3059999999969,0.4787272013381512,0.4896484135147766,-0.8348298277101996,-2467.7459999999955,546.3828000000001,732997,1,0,0,0
2024-04-11 12:00:00+00:00,69983.16,71100.0,69567.21,70000.0,11347.13026,0.00020153,0.0004413199999999998,0.0016428600000000001,1.1135300364501863,0,0,48529.128,48125.736000000004,403.39199999999255,0.5020867651316544,0.49276831128160675,0.15513857351643418,-2626.676000000003,9.806599999998435,1499747,1,0,0,0
2024-04-11 16:00:00+00:00,70000.0,70529.73,69574.88,70459.67,4574.37082,0.00019763,0.0005389499999999998,0.0014885999999999999,1.1820089881240126,0,0,17900.218,17083.023999999998,817.1940000000031,0.5116797922845459,0.49408272475469195,0.5351480094094434,-730.7200000000012,-249.43199999999996,663417,1,0,0,0
2024-04-11 20:00:00+00:00,70459.67,70746.09,69804.87,70006.23,3053.3547,0.00019763,0.0005389499999999998,0.0014885999999999999,1.1820089881240126,0,0,9803.576,10442.719,-639.143,0.4842158034346531,0.49736029143643723,-0.5577046793809166,581.4429999999957,-489.725,411877,1,0,0,0
2024-04-12 00:00:00+00:00,70006.22,70996.91,70002.22,70977.27,4545.17393,0.00011258,0.0005117399999999998,0.00139203,-0.31718681294647094,0,0,16038.512,12734.01,3304.5020000000004,0.5574246150545996,0.5050125911399391,2.408234644380624,3482.5530000000035,386.9277999999998,497646,1,0,0,0
2024-04-12 04:00:00+00:00,70977.27,71227.46,70566.02,70764.01,3687.50378,0.00011258,0.0005117399999999998,0.00139203,-0.31718681294647094,0,0,12293.532,12902.837,-609.3050000000003,0.4879088729014883,0.5059017650298532,-0.4252756916903553,2056.054,655.3279999999992,451689,1,0,0,0
2024-04-12 08:00:00+00:00,70764.0,70972.0,70509.58,70904.01,3928.05462,0.00011258,0.0005117399999999998,0.00139203,-0.31718681294647094,0,0,11650.297,9637.741,2012.5560000000005,0.547269645046669,0.5084623177204521,1.8112755156612892,4707.753000000001,977.1608000000008,415467,1,0,0,0
2024-04-12 12:00:00+00:00,70904.0,70975.54,69236.95,69347.3,10668.68172,0.0002563,0.0005665099999999998,0.0014422999999999999,1.9789638671226941,0,0,38452.866,43572.501,-5119.634999999995,0.46879236760988835,0.5032502647596797,-1.1488327794146242,-3716.3839999999946,-210.20499999999885,1166597,1,0,0,0
2024-04-12 16:00:00+00:00,69347.3,69580.0,65086.86,66843.98,26206.56931,0.00012214,0.0004910199999999998,0.00137383,-0.20173146296055622,0,0,102828.419,117234.69099999999,-14406.271999999997,0.4672678623872943,0.4988862756599309,-1.1331840345686568,-17513.35099999999,-2963.630799999998,2409496,1,0,0,0
2024-04-12 20:00:00+00:00,66843.98,67440.0,66680.84,67116.52,7036.87893,0.00012214,0.0004910199999999998,0.00137383,-0.20173146296055622,0,0,18335.972,19846.771,-1510.798999999999,0.48021620657269176,0.4985589131761635,-0.6051242156812177,-21036.70599999999,-3926.690999999998,648431,0,1,0,0
2024-04-13 00:00:00+00:00,67116.52,67168.0,65731.27,67160.55,7747.05556,0.0001,0.0004784399999999998,0.00135454,-0.5665188025331286,0,0,26958.926,28218.376000000004,-1259.4500000000044,0.48858724553078,0.4995449175954265,-0.2642540520136021,-17176.521,-4056.719999999999,873863,0,1,0,0
2024-04-13 04:00:00+00:00,67160.55,67929.0,67012.67,67446.52,5876.343,0.0001,0.0004784399999999998,0.00135454,-0.5665188025331286,0,0,20643.929,21465.784000000003,-821.8550000000032,0.49024150318953724,0.49836039140121474,-0.14004515226086683,-3592.1040000000066,-4623.602199999999,629668,0,1,0,0
2024-04-13 08:00:00+00:00,67446.53,67825.91,67090.83,67360.0,3376.15097,0.0001,0.0003221399999999998,0.00132997,-0.5665188025331286,0,0,11363.013,12081.769999999999,-718.7569999999978,0.484671280600038,0.495659540232764,-0.31799350685836625,-2800.0620000000054,-3743.4266000000002,407184,1,0,0,0
2024-04-13 12:00:00+00:00,67360.01,67926.0,67169.97,67676.0,3454.16666,0.0001,0.0003221399999999998,0.00132997,-0.5665188025331286,0,0,14902.6,14639.821999999998,262.77800000000207,0.5044474687958895,0.4976827067688876,0.49077017139937473,-1277.833999999999,-809.6166000000005,507266,1,0,0,0
2024-04-13 16:00:00+00:00,67675.99,67752.85,63750.01,64788.01,12176.97124,0.0001,0.0003221399999999998,0.00132997,-0.5665188025331286,0,0,49214.896,58438.184,-9223.288,0.4571619873764875,0.4876564440010764,-1.416290804370358,-9679.266999999996,-2352.114400000001,1415398,1,0,0,0
2024-04-13 20:00:00+00:00,64788.01,65608.09,60660.57,63924.51,38764.53276,0.0001,0.00030000000000000003,0.00132997,-0.5665188025331281,0,0,122729.539,134348.364,-11618.824999999997,0.47740213206889276,0.48660576991781684,-0.5399148754986492,-20579.334999999995,-4423.9893999999995,2846262,1,0,0,0
2024-04-14 00:00:00+00:00,63924.52,64303.87,62134.0,63437.55,14435.88247,0.0001,0.00030000000000000003,0.0012901800000000001,-0.5665188025331286,0,0,43538.208,45111.831000000006,-1573.6230000000069,0.4911245216711072,0.4809912575802606,0.01082402515018725,-22415.736000000004,-4574.343,1195928,1,0,0,0
2024-04-14 04:00:00+00:00,63437.55,64872.96,63394.0,64464.3,9667.37241,0.0001,0.00030000000000000003,0.0012901800000000001,-0.5665188025331286,0,0,24417.744,25694.703,-1276.9590000000026,0.487259063601504,0.48283792717942225,-0.17597645667599604,-14469.407000000007,-4685.983400000001,788598,0,1,0,0
2024-04-14 08:00:00+00:00,64464.3,64887.99,63855.45,64166.05,7342.92314,0.0001,0.00030000000000000003,0.0011886499999999999,-0.5665188025331286,0,0,19577.555,20654.92,-1077.364999999998,0.48661075412337923,0.48477221635303075,-0.19075858041955787,-3927.9470000000074,-4954.012000000001,702017,1,0,0,0
2024-04-14 12:00:00+00:00,64166.05,64848.49,63437.55,64180.97,10578.65201,0.0001,0.00030000000000000003,0.0011886499999999999,-0.5665188025331286,0,0,29461.972,30463.390999999996,-1001.4189999999944,0.4916444477774795,0.4859150404735095,0.0045217242208394565,-3355.742999999995,-3309.6382,909641,0,1,0,0
2024-04-14 16:00:00+00:00,64180.98,64747.25,62573.66,64168.62,10439.26301,0.0001,0.00030000000000000003,0.00109102,-0.5665188025331286,0,0,46493.918,45619.314000000006,874.6039999999921,0.5047474395426707,0.4875310598746985,0.5357610783912538,-1204.1800000000003,-810.952400000002,1171244,0,1,0,0
2024-04-14 20:00:00+00:00,64168.62,65840.0,63326.42,65661.84,9135.08514,0.0001,0.00030000000000000003,0.00109102,-0.5665188025331286,0,0,32540.663,32195.913999999997,344.74900000000343,0.5026627064325628,0.4887731801990012,0.4060002855859494,217.9340000000011,-427.2779999999999,928357,1,0,0,0
2024-04-15 00:00:00+00:00,65661.85,65867.45,64937.01,65138.19,6221.13657,0.0001,0.00030000000000000003,0.00107844,-0.5665188025331281,0,0,17014.167,18379.375999999997,-1365.2089999999953,0.48071386919359843,0.4883774390583572,-0.5180618522729125,-145.85599999999977,-444.9279999999984,643231,1,0,0,0
2024-04-15 04:00:00+00:00,65138.2,66582.84,64683.01,66263.84,8889.70626,0.0001,0.00030000000000000003,0.00107844,-0.5665188025331281,0,0,28087.3,25501.963,2585.3369999999995,0.5241217816337574,0.4903448703421439,1.2899930652958045,1564.8770000000077,287.61240000000106,807166,1,0,0,0
2024-04-15 08:00:00+00:00,66263.84,66867.07,65807.25,65860.12,6595.64794,0.0001,0.00030000000000000003,0.00107844,-0.5665188025331281,0,0,19871.48,21408.401,-1536.921000000002,0.481384139649046,0.49276708556939985,-0.6125753218353367,-316.79299999999785,180.51199999999955,619937,1,0,0,0
2024-04-15 12:00:00+00:00,65860.12,66399.0,63810.0,64568.81,11897.77903,1.759e-05,0.00021758999999999982,0.0008397300000000001,-1.7799322176644112,0,0,45955.438,48996.72699999999,-3041.2889999999898,0.48398515189200797,0.4934253875517113,-0.5065298814396074,-1992.8729999999923,-602.6665999999968,1317330,1,0,0,0
2024-04-15 16:00:00+00:00,64568.8,64868.28,62274.4,63301.11,13199.26326,0.0001,0.0002175899999999998,0.00081759,-0.4937550908357082,0,0,55379.613,58256.666,-2877.053,0.48734095737154504,0.4930470311217552,-0.31258892334404814,-7455.262999999992,-1247.0269999999975,1485986,1,0,0,0
2024-04-15 20:00:00+00:00,63301.11,63633.02,62632.0,63419.99,5585.99763,0.0001,0.0002175899999999998,0.00081759,-0.4937550908357082,0,0,20594.328,22086.765999999996,-1492.4379999999946,0.4825164041015444,0.49257276517175913,-0.48609478634902914,-7410.779999999984,-1272.4727999999973,668018,0,1,0,0
2024-04-16 00:00:00+00:00,63419.99,63899.69,62750.0,62956.0,6780.05828,0.0001,0.0002175899999999998,0.00081759,-0.4937550908357082,0,0,21512.935,22188.734,-675.7989999999991,0.4922680412960887,0.4931384938890301,0.00011297191707822102,-5045.289999999994,-1924.699999999997,712840,1,0,0,0
2024-04-16 04:00:00+00:00,62956.0,63800.0,61680.0,63516.19,10893.71179,5.953e-05,0.0001771199999999998,0.0007771200000000001,-1.0855876935023299,0,0,33676.043,34736.521,-1060.4780000000028,0.4922493915006606,0.4931989882613482,-0.01468164478918015,-3228.7149999999965,-1829.4113999999972,930149,0,1,0,0
2024-04-16 08:00:00+00:00,63516.18,63660.0,61600.0,63094.77,9560.71907,9.525e-05,0.0002547799999999998,0.0007723700000000001,-0.5344593568271815,0,0,39827.102,41104.477,-1277.375,0.4921083029901097,0.4919350746060921,-0.04297782155202484,-3013.652000000002,-1476.6285999999993,1075550,1,0,0,0
2024-04-16 12:00:00+00:00,63094.76,63422.97,61735.42,61762.2,11375.72504,9.525e-05,0.0002547799999999998,0.0007723700000000001,-0.5344593568271815,0,0,47918.343,50540.026999999995,-2621.683999999994,0.48668633250784066,0.4903374372136199,-0.27914968140471086,-4959.536999999997,-1425.554799999998,1398491,1,0,0,0
2024-04-16 16:00:00+00:00,61762.19,63280.75,61694.02,62721.43,9939.37779,3.513e-05,0.00018990999999999979,0.0007075,-1.378724883218431,0,0,37963.842,35804.90900000001,2158.93299999999,0.5146331134168178,0.49372936163594183,1.055133206221058,-1740.1260000000038,-695.2806000000012,1129650,1,0,0,0
2024-04-16 20:00:00+00:00,62721.43,64365.0,62555.0,63793.39,4885.70134,3.513e-05,0.00018990999999999979,0.0007075,-1.378724883218431,0,0,21504.722,19153.784,2350.938000000002,0.5289107769970692,0.494208261172273,1.5943971547257263,1888.186999999998,-89.93320000000094,569835,1,0,0,0
2024-04-17 00:00:00+00:00,63793.4,64295.0,63581.16,63842.02,4408.10123,6.375e-05,0.00019412999999999977,0.0006712500000000001,-0.9242248971352417,0,0,13998.522,14338.454999999998,-339.93299999999726,0.4940019537016952,0.4954700425775379,0.1114362686369677,4169.937999999995,54.175800000000166,510001,0,1,0,0
2024-04-17 04:00:00+00:00,63842.03,64499.0,63181.81,63297.84,4770.84819,6.375e-05,0.00019412999999999977,0.0006712500000000001,-0.9242248971352417,0,0,17681.024,18480.152,-799.127999999997,0.48895046997365355,0.4959665743857025,-0.16681495735730856,1211.8770000000077,149.82520000000076,585891,1,0,0,0
2024-04-17 08:00:00+00:00,63297.85,63587.88,62541.13,62595.04,4528.8573,3.574e-05,0.0001346199999999998,0.00060699,-1.269147588598166,0,0,20201.509,21604.326,-1402.8170000000027,0.48322223440818723,0.49555470208936664,-0.44121206377932,-2541.877999999997,393.598599999999,613908,1,0,0,0
2024-04-17 12:00:00+00:00,62595.04,62974.88,59888.0,60304.95,19701.56268,3.574e-05,0.0001346199999999998,0.00060699,-1.269147588598166,0,0,86604.994,93597.6,-6992.606,0.4805979319032444,0.49536285486953674,-0.660155704079569,-9194.551,-1436.7091999999989,2190895,1,0,0,0
2024-04-17 16:00:00+00:00,60304.95,61956.42,59678.16,61022.35,13090.32351,6.534e-05,0.0001648299999999998,0.00057233,-0.821721899109075,0,0,61458.238,60580.166,878.0720000000001,0.5035975232845555,0.49649580306838337,0.8565319910152388,-7517.351000000002,-1731.2823999999994,1573241,1,0,0,0
2024-04-17 20:00:00+00:00,61022.36,61763.07,60777.0,61277.37,4110.85218,6.534e-05,0.0001648299999999998,0.00057233,-0.821721899109075,0,0,17720.869,17767.137000000002,-46.26800000000367,0.4993481177837943,0.49720567569669677,0.514809054667638,-6160.802000000003,-1672.5494000000006,539481,0,1,0,0
2024-04-18 00:00:00+00:00,61277.38,62229.9,60939.92,61988.0,5112.05762,6.937e-05,0.00017044999999999978,0.0005417,-0.7443216177357584,0,0,19635.532,19755.748,-120.21600000000035,0.49847407852702424,0.4978422532503882,0.4283155349489153,711.5879999999961,-1536.7670000000012,623904,0,1,0,0
2024-04-18 04:00:00+00:00,61987.99,62075.46,60803.35,61178.08,5389.61634,6.937e-05,0.00017044999999999978,0.0005417,-0.7443216177357584,0,0,22268.306,22808.813,-540.5069999999978,0.4940046412460388,0.498574084124208,0.1023928376685419,-706.9910000000018,-1364.3050000000003,691285,1,0,0,0
2024-04-18 08:00:00+00:00,61178.08,63072.27,60864.0,62597.92,8854.03421,5.982e-05,0.00019452999999999978,0.00058393,-0.8498369411554545,0,0,32255.726,28726.787,3528.9389999999985,0.5289340240865442,0.5000041751911807,2.2533104675430224,2868.2160000000003,740.0039999999993,888786,1,0,0,0
2024-04-18 12:00:00+00:00,62597.92,64117.09,61580.71,63498.7,13179.24657,5.982e-05,0.00019452999999999978,0.00058393,-0.8498369411554545,0,0,59366.035,59437.738,-71.70299999999406,0.49969822928098423,0.4970829204195722,0.3778691261199367,2916.7290000000066,550.0490000000005,1579064,0,1,0,0
2024-04-18 16:00:00+00:00,63498.69,63866.19,62310.03,63477.04,7383.52292,-3.334e-05,9.584999999999978e-05,0.00045059,-2.2347186084546546,0,0,34351.205,34632.91099999999,-281.70599999999104,0.49795818214152376,0.497478543263555,0.19763364688378995,3175.5300000000134,502.96140000000304,992080,1,0,0,1
2024-04-18 20:00:00+00:00,63477.04,63825.74,63162.77,63470.08,3683.13152,-3.334e-05,9.584999999999978e-05,0.00045059,-2.2347186084546546,0,0,14978.192,15085.401000000002,-107.20900000000256,0.49821696295582496,0.4984051925617721,0.17113971161990787,-460.61799999998766,505.5628000000026,472385,1,0,0,1
2024-04-19 00:00:00+00:00,63470.09,63470.09,59600.01,61785.14,18924.46633,-3.334e-05,9.584999999999978e-05,0.00045059,-2.2347186084546546,0,0,79458.286,82868.92500000002,-3410.6390000000247,0.4894945555369641,0.4990324246746499,-0.47735151489758204,-3799.5540000000183,-68.46360000000277,2100780,1,0,0,1
2024-04-19 04:00:00+00:00,61785.14,65179.0,61739.68,64547.18,16300.5042,-3.12e-05,-4.720000000000219e-06,0.00035986,-2.0120167153321846,0,0,68568.645,63831.979999999996,4736.665000000008,0.5178876232646183,0.5027613938107873,1.5151397396963804,1218.816999999981,173.08159999999916,1623074,1,0,0,1
2024-04-19 08:00:00+00:00,64547.18,65450.0,64098.13,64870.74,10760.55037,6.641e-05,1.8699999999997771e-06,0.00033102,-0.4673566046758875,0,0,40473.895,39494.673,979.2219999999943,0.5061225430471632,0.503013895787048,0.6207529365475184,2305.2479999999778,383.26659999999686,1069065,1,0,0,0
2024-04-19 12:00:00+00:00,64870.73,65440.57,63820.57,64437.17,10695.68779,6.641e-05,1.8699999999997771e-06,0.00033102,-0.4673566046758875,0,0,41853.503,41968.079,-114.57600000000093,0.4993165483323853,0.5030107388419072,0.10977143661306403,5601.3110000000015,416.69259999999485,1209732,1,0,0,0
2024-04-19 16:00:00+00:00,64437.18,64808.54,63506.57,64325.25,7338.37595,5.88e-05,9.400999999999979e-05,0.00035469,-0.5389008885552067,0,0,34152.514,33586.018000000004,566.4959999999992,0.5041814900860266,0.5035814799978073,0.4647932124983224,1431.1419999999925,551.4335999999952,984114,0,1,0,0
2024-04-19 20:00:00+00:00,64325.26,64494.03,62953.9,63818.01,5754.71807,5.88e-05,9.400999999999979e-05,0.00035469,-0.5389008885552067,0,0,23232.79,24774.75,-1541.9599999999991,0.4839404393559845,0.5025750598088019,-0.9475451993153299,-1090.0400000000009,925.1694000000003,742818,1,0,0,0
2024-04-20 00:00:00+00:00,63818.01,64263.41,63090.07,63956.0,4907.95296,0.0001,0.00022520999999999978,0.00039094,0.15759381116446075,0,0,21093.612,20159.163,934.4490000000005,0.5113258926217691,0.5008142466623243,0.9504764156289233,-41.01499999999942,164.72619999999878,683075,1,0,0,0
2024-04-20 04:00:00+00:00,63956.01,64268.58,63815.53,63961.22,2687.98622,0.0001,0.00022520999999999978,0.00039094,0.15759381116446075,0,0,9020.534,10104.629,-1084.0950000000012,0.4716578886151192,0.4980102125957379,-1.801647026479323,-1691.6059999999998,-247.9372000000003,339878,0,1,0,0
2024-04-20 08:00:00+00:00,63961.22,63988.0,63277.0,63707.17,3210.87149,-7.66e-06,0.0001511399999999998,0.00034753999999999997,-1.5094287226241005,0,0,17391.216,17931.803999999996,-540.5879999999961,0.49234793627498447,0.497449188009084,-0.33019009636449914,-690.2339999999967,-333.13959999999935,529001,1,0,0,0
2024-04-20 12:00:00+00:00,63707.18,64960.37,63575.83,64808.35,3733.80603,-7.66e-06,0.0001511399999999998,0.00034753999999999997,-1.5094287226241005,0,0,18283.079,15533.156999999996,2749.922000000006,0.540659788392771,0.5016934705527787,2.7164845650753,1125.2390000000087,103.54560000000201,548660,1,0,0,0
2024-04-20 16:00:00+00:00,64808.35,65419.0,64456.54,64866.44,6438.0366,4.204e-05,0.00013437999999999978,0.00032424,-0.6737357925129855,0,0,24614.031,25483.165000000005,-869.1340000000055,0.4913255224903206,0.5018765672481142,-0.48779197694476917,1340.2000000000044,238.11080000000075,778496,0,1,0,0
2024-04-20 20:00:00+00:00,64866.45,65031.25,64555.0,64940.59,2158.77645,4.204e-05,0.00013437999999999978,0.00032424,-0.6737357925129855,0,0,9010.587,8517.285,493.3019999999997,0.5140719306941538,0.5014949979910679,0.9285230215522599,2374.09,149.88140000000058,324663,1,0,0,0
2024-04-21 00:00:00+00:00,64940.58,65695.56,64608.0,65170.0,3453.01051,3.186e-05,6.623999999999979e-05,0.00028673,-0.7814109437817127,0,0,15047.009,15521.352,-474.34300000000076,0.4922412752191719,0.5001068712082686,-0.49900293301361026,-850.1750000000065,271.83180000000067,524788,0,1,0,0
2024-04-21 04:00:00+00:00,65170.01,65244.65,64843.98,65150.66,2641.24775,3.186e-05,6.623999999999979e-05,0.00028673,-0.7814109437817127,0,0,8869.286,9033.379,-164.09300000000076,0.49541707896561765,0.49971692427159187,-0.2990868505726775,-145.13400000000183,347.13079999999974,346040,1,0,0,0
2024-04-21 08:00:00+00:00,65150.67,65440.95,64763.15,65234.01,3450.14128,-2.093e-05,5.2969999999999786e-05,0.00020598,-1.5499980054901767,0,0,13424.676,11910.964,1513.7119999999995,0.5298731747056715,0.5022860927335564,1.7774415189253374,875.275999999998,99.88879999999844,416571,1,0,0,0
2024-04-21 12:00:00+00:00,65234.02,65375.41,64778.69,65043.69,2695.60703,-2.093e-05,5.2969999999999786e-05,0.00020598,-1.5499980054901767,0,0,12249.233,11980.885999999999,268.3470000000016,0.5055374676451239,0.5044457955624704,0.2311171633178766,1617.9660000000003,327.3849999999999,436882,0,1,0,0
2024-04-21 16:00:00+00:00,65043.7,65087.92,64237.5,64538.0,4176.1013,8.271e-05,9.363999999999979e-05,0.00032203,0.23789036320567392,0,0,17931.206,19838.576,-1907.3700000000026,0.4747500528332411,0.5007882115836175,-1.5680952373052341,-125.31100000000151,-152.7494000000006,615360,1,0,0,0
2024-04-21 20:00:00+00:00,64538.0,65167.19,64362.5,64941.15,2900.31365,8.271e-05,9.363999999999979e-05,0.00032203,0.23789036320567392,0,0,12873.505,11853.876000000002,1019.6289999999972,0.5206174078848058,0.5056841635105862,1.27124570936072,-619.3940000000039,146.044999999999,433243,1,0,0,0
2024-04-22 00:00:00+00:00,64941.15,66090.69,64500.0,65703.5,7919.96299,4.409e-05,0.00010586999999999977,0.00039732,-0.4134639775069889,0,0,29668.877,27120.222,2548.654999999999,0.5224396499053454,0.5086933348736222,1.289438413332484,1660.9139999999934,688.5945999999989,887530,1,0,0,0
2024-04-22 04:00:00+00:00,65703.49,66479.8,65509.24,65980.0,6098.37541,4.409e-05,0.00010586999999999977,0.00039732,-0.4134639775069889,0,0,20208.603,20861.106000000003,-652.5030000000042,0.4920561526257709,0.5038329712969223,-0.5644136535055748,2915.7809999999918,255.35159999999814,685985,0,1,0,0
2024-04-22 08:00:00+00:00,65980.01,66204.44,65702.0,65877.47,3405.5687,2.497e-05,0.00015176999999999978,0.00035588,-0.797876178993091,0,0,11422.012,12071.104000000001,-649.0920000000006,0.48618548514381826,0.503318967562272,-0.9344166137698127,1247.059999999994,71.86379999999772,432629,1,0,0,0
2024-04-22 12:00:00+00:00,65877.47,66477.53,65626.87,65994.38,5461.41672,2.497e-05,0.00015176999999999978,0.00035588,-0.797876178993091,0,0,24084.742,25729.523,-1644.7810000000027,0.4834908635106831,0.500260860843925,-1.1138837894204516,-2946.3760000000075,124.3815999999977,801224,0,1,0,0
2024-04-22 16:00:00+00:00,65994.39,66824.28,65913.52,66524.77,4574.61291,8.98e-06,7.803999999999979e-05,0.00030606,-1.0999488629070744,0,0,22868.06,20272.726999999995,2595.333000000006,0.5300798059154554,0.5040447139135533,1.6295644877389035,301.46000000000276,439.5223999999995,651478,1,0,0,0
2024-04-22 20:00:00+00:00,66524.77,67232.35,66342.1,66819.32,3938.05698,8.98e-06,7.803999999999979e-05,0.00030606,-1.0999488629070744,0,0,17010.498,14950.937000000002,2059.560999999998,0.5322194701207877,0.5077249530290703,1.611673318529938,3010.113000000001,341.70359999999926,514255,1,0,0,0
2024-04-23 00:00:00+00:00,66819.32,67183.01,66419.55,66435.01,3243.03761,-1.236e-05,2.1589999999999785e-05,0.0001937,-1.4836161051588694,0,0,11881.293,13189.465000000002,-1308.1720000000023,0.4739104019112625,0.5021286757496294,-1.5447867905259605,3346.7220000000016,210.56979999999967,443542,1,0,0,0
2024-04-23 04:00:00+00:00,66435.01,66646.0,66020.0,66099.79,3505.2568,-1.236e-05,2.1589999999999785e-05,0.0001937,-1.4836161051588694,0,0,13206.342,14369.912,-1163.5699999999997,0.47890268199589403,0.49946519718470644,-1.2206100051171027,-412.18100000000413,107.67419999999984,464998,1,0,0,0
2024-04-23 08:00:00+00:00,66099.79,66310.44,65852.35,66043.99,3664.65129,5.24e-05,4.9019999999999785e-05,0.00025376,0.050175770546362485,0,0,12626.056,12351.221999999998,274.83400000000256,0.5055016803672523,0.5025403599381075,0.22408890186478245,-2196.9079999999994,491.5972000000009,415031,0,1,0,0
2024-04-23 12:00:00+00:00,66043.99,67130.0,65765.81,66419.56,7336.45218,5.24e-05,4.9019999999999785e-05,0.00025376,0.050175770546362485,0,0,29208.236,29995.511000000002,-787.2750000000015,0.493351138737891,0.4998137330234161,-0.42385986043633367,-1676.0109999999986,-184.92440000000062,895799,0,1,0,0
2024-04-23 16:00:00+00:00,66419.56,66905.99,66350.91,66484.43,2615.80021,5.24e-05,4.9019999999999785e-05,0.00025376,0.050175770546362485,0,0,11198.788,11130.381000000001,68.40699999999924,0.5015317856208621,0.49772294659496785,0.013197204388032175,-444.03399999999965,-583.1552000000004,396754,1,0,0,0
2024-04-23 20:00:00+00:00,66484.43,66484.96,65980.0,66414.0,2234.70195,-1.083e-05,2.9209999999999786e-05,0.00020088999999999998,-1.345480881229947,0,0,9534.159,9974.199,-440.0400000000009,0.48872175710533916,0.4973895070429245,-0.6596439711292833,-1158.908000000003,-409.52880000000005,346913,1,0,0,0
2024-04-24 00:00:00+00:00,66414.0,66900.0,66390.0,66608.14,3046.35629,1.413e-05,5.569999999999979e-05,0.00018315999999999997,-0.7072892819324101,0,0,8725.346,9614.856000000002,-889.510000000002,0.4757497218405773,0.49634593071260047,-1.3014682832474627,-1261.1430000000037,-354.7168000000005,365265,0,1,0,0
2024-04-24 04:00:00+00:00,66608.14,67070.43,66552.37,66630.9,3233.87893,1.413e-05,5.569999999999979e-05,0.00018315999999999997,-0.7072892819324101,0,0,11568.784,11716.259000000002,-147.47500000000218,0.4968332676044446,0.4976801711219766,-0.15885624729044354,-1477.025000000005,-439.17860000000144,382807,0,1,0,0
2024-04-24 08:00:00+00:00,66630.89,66743.01,66203.05,66571.52,3109.38742,5.302e-05,5.6319999999999786e-05,0.00025710999999999996,0.2682092675425288,0,0,12407.583,12395.234999999999,12.348000000001775,0.5002489233279864,0.4946970828632297,0.03380958820801886,-1024.6370000000024,-279.2540000000008,404224,0,1,0,0
2024-04-24 12:00:00+00:00,66571.52,66737.0,64519.03,64610.11,11318.18882,5.302e-05,5.6319999999999786e-05,0.00025710999999999996,0.2682092675425288,0,0,48539.277,54487.636,-5948.358999999997,0.4711320138263291,0.48858833723378386,-1.41813283596515,-6083.485999999997,-1482.6072,1405768,1,0,0,0
2024-04-24 16:00:00+00:00,64610.1,65156.95,63736.7,63976.06,7661.7157,7.047e-05,0.00013761999999999978,0.00024487,0.7435962007193513,0,0,34180.14,36878.083,-2697.9429999999993,0.4810159691159178,0.48929889395424936,-0.8592107670385963,-8633.953999999994,-1934.1877999999997,987784,1,0,0,0
2024-04-24 20:00:00+00:00,63976.05,64447.91,63606.06,64289.59,5226.16921,7.047e-05,0.00013761999999999978,0.00024487,0.7435962007193513,0,0,20005.004,20026.858,-21.85399999999936,0.4997270424243569,0.49138132999709566,0.0665444906528263,-8668.155999999995,-1760.6565999999991,613613,0,1,0,0
2024-04-25 00:00:00+00:00,64289.58,64741.47,63860.0,64282.01,3701.42089,7.02e-05,0.00019368999999999978,0.00027098,0.7853957605678036,0,0,14663.422,14454.693000000001,208.72899999999936,0.5035841777532646,0.49118957973569694,0.27960603975254933,-2511.0679999999993,-1689.4157999999989,484754,0,1,0,0
2024-04-25 04:00:00+00:00,64282.02,64397.78,63824.07,64017.99,2632.77055,7.02e-05,0.00019368999999999978,0.00027098,0.7853957605678036,0,0,10822.168,12807.465000000002,-1985.2970000000023,0.45799137041188914,0.4876536029030967,-1.9720705969136136,-1798.4220000000023,-2088.9447999999998,382946,1,0,0,0
2024-04-25 08:00:00+00:00,64017.99,64192.0,63337.25,63861.23,5784.37183,4.069e-05,0.00018135999999999977,0.00028670000000000003,-0.006738768628218649,0,0,23320.41,24202.956000000002,-882.5460000000021,0.49071460973534575,0.48657188531454515,-0.34462420463832566,-2659.114000000005,-1075.7822000000008,771675,1,0,0,0
2024-04-25 12:00:00+00:00,63861.24,64302.99,62794.0,64135.94,9541.23587,4.069e-05,0.00018135999999999977,0.00028670000000000003,-0.006738768628218649,0,0,45555.415,46694.272000000004,-1138.8570000000036,0.49382731238968863,0.4870824408429801,-0.12321249237207602,-4006.700000000008,-763.9650000000016,1369898,0,1,0,0
2024-04-25 16:00:00+00:00,64135.93,64975.0,63971.48,64747.11,5893.40227,4.069e-05,0.00018135999999999977,0.00028670000000000003,-0.006738768628218649,0,0,26156.793,26425.448,-268.65499999999884,0.49744538274814115,0.4892520069337364,0.061815887238319385,-2290.0580000000045,-813.3252000000015,747777,0,1,0,0
2024-04-25 20:00:00+00:00,64747.12,65297.94,64447.75,64498.34,3788.26197,1.14e-05,0.00012228999999999978,0.00028912,-0.7253746565216088,0,0,15291.703,14816.317000000001,475.3859999999986,0.5078946739108051,0.49035814756437246,0.6457244908202732,-932.1260000000038,-759.9938000000017,468338,0,1,0,0
2024-04-26 00:00:00+00:00,64498.33,64662.53,63890.82,64381.24,4501.10389,1.14e-05,0.00012228999999999978,0.00028912,-0.7253746565216088,0,0,16233.119,16515.928,-282.8089999999993,0.49568217969823675,0.4899014732013975,-0.02916090757102129,-76.07799999999952,-419.49620000000107,528795,1,0,0,0
2024-04-26 04:00:00+00:00,64381.25,64610.82,64000.02,64276.95,3820.59365,1.709e-05,6.917999999999978e-05,0.00031857,-0.5321730276954911,0,0,10827.415,11497.518,-670.1029999999992,0.4849920490242905,0.4912874767211936,-0.5921023503604534,-477.52599999999984,-377.0076000000005,369447,1,0,0,0
2024-04-26 08:00:00+00:00,64276.94,64581.52,64059.8,64244.02,3562.57552,6.85e-06,3.533999999999978e-05,0.00027301999999999996,-0.7593796554489408,0,0,10088.765,9927.052,161.71299999999974,0.5040396302584101,0.49358984283544294,0.5224490083626563,-791.1989999999987,-116.8935999999998,347922,0,1,0,0
2024-04-26 12:00:00+00:00,64244.03,64820.01,63297.48,63503.22,9690.76928,6.85e-06,3.533999999999978e-05,0.00027301999999999996,-0.7593796554489408,0,0,40605.98,40697.579999999994,-91.59999999999127,0.4994366790334889,0.49356080649635603,0.26945099570576814,-599.9899999999907,-81.48259999999827,1158612,1,0,0,0
2024-04-26 16:00:00+00:00,63503.22,64162.5,63318.75,63742.05,3712.95105,5.562e-05,7.955999999999979e-05,0.00033947,0.6002427884682462,0,0,16992.224,15861.317,1130.9069999999992,0.5172113410849686,0.49492352282952645,1.2178051950389084,1201.0200000000077,49.621600000001855,507027,1,0,0,0
2024-04-26 20:00:00+00:00,63742.07,64107.32,63689.22,63770.01,1797.20007,5.562e-05,7.955999999999979e-05,0.00033947,0.6002427884682462,0,0,6573.567,6329.348000000001,244.21899999999914,0.5094637142072159,0.5000707572090592,0.8101244751393314,1283.5260000000071,155.02720000000153,250984,1,0,0,0
2024-04-27 00:00:00+00:00,63770.0,63923.41,62391.24,63082.01,6657.76903,0.0001,0.0001624699999999998,0.00042533999999999996,1.7373767088191328,0,0,27860.648,31833.091999999997,-3972.443999999996,0.4667264607645626,0.49767194231198075,-1.6181857461974285,-2597.3179999999975,-505.4409999999978,865335,1,0,0,0
2024-04-27 04:00:00+00:00,63082.0,63175.0,62808.0,62966.83,2242.40457,0.0001,0.0001624699999999998,0.00042533999999999996,1.7373767088191328,0,0,8212.669,9040.357999999998,-827.6889999999985,0.4760132236505513,0.49589053343806705,-1.0162129826180595,-4555.913999999995,-703.3213999999974,333364,1,0,0,0
2024-04-27 08:00:00+00:00,62966.84,63060.0,62673.37,62862.14,2079.69094,0.0001,0.0001624699999999998,0.00042533999999999996,1.7373767088191328,0,0,7169.103,7335.235,-166.1319999999996,0.49427302369815157,0.4955732975330681,0.032106539256527684,-4966.264999999994,-718.2277999999991,291140,1,0,0,0
2024-04-27 12:00:00+00:00,62862.13,63408.53,62810.29,62951.75,3503.85622,7.47e-05,0.0002303199999999998,0.00044702,1.0022100141082766,0,0,11488.142,11870.558,-382.4160000000011,0.4918142704859431,0.49396525719058204,-0.12861596953163468,-1376.2369999999992,-1020.8923999999992,407982,0,1,0,0
2024-04-27 16:00:00+00:00,62951.75,63650.0,62750.0,63352.11,4913.85251,2.834e-05,0.0002030399999999998,0.00040489000000000004,-0.193618723658505,0,0,19852.41,19206.594999999998,645.8150000000023,0.5082671716803846,0.4952237563887968,0.9469108299406612,97.26700000000164,-940.5731999999986,613832,1,0,0,0
2024-04-27 20:00:00+00:00,63352.11,63555.56,63157.98,63461.98,1535.48725,2.834e-05,0.0002030399999999998,0.00040489000000000004,-0.193618723658505,0,0,6643.97,6836.329000000001,-192.35900000000038,0.4928651805126874,0.4960110695376364,0.06438861496138915,71.04000000000087,-184.55619999999945,242299,0,1,0,0
2024-04-28 00:00:00+00:00,63461.98,64370.0,63456.86,64021.62,3385.63662,1.006e-05,0.00011309999999999977,0.00034475,-0.6338774990259063,0,0,14925.569,13437.383000000002,1488.1859999999979,0.5262346810726894,0.4982305746190644,2.1794815731321413,1941.6419999999998,278.61879999999985,435434,1,0,0,0
2024-04-28 04:00:00+00:00,64021.62,64060.0,63800.0,63915.5,2305.67426,1.006e-05,0.00011309999999999977,0.00034475,-0.6338774990259063,0,0,6881.769,7816.478999999999,-934.7099999999991,0.46820335321597517,0.495107242037313,-1.6317582328763989,361.11699999999837,124.90319999999993,266732,1,0,0,0
2024-04-28 08:00:00+00:00,63915.5,63979.27,63345.55,63484.01,2754.13016,-2.081e-05,1.758999999999977e-05,0.00028325,-1.3579395220709938,0,0,9228.238,11984.878999999999,-2756.6409999999996,0.43502508377246024,0.48688861630606217,-3.0180436496130354,-2203.165000000001,-349.9417999999998,339003,1,0,0,0
2024-04-28 12:00:00+00:00,63484.0,63869.09,63415.6,63540.0,2421.65968,-2.081e-05,1.758999999999977e-05,0.00028325,-1.3579395220709938,0,0,9159.858,8533.134999999998,626.7230000000018,0.5177110509228146,0.487713349977622,1.350568704631569,-3064.627999999997,-353.7601999999999,314609,1,0,0,0
2024-04-28 16:00:00+00:00,63540.0,63976.0,63483.18,63730.49,1787.98929,2.782e-05,1.706999999999977e-05,0.00029967000000000004,-0.14233981142027377,0,0,7314.808,7065.932,248.8760000000002,0.5086531013007676,0.49190601403124257,0.8583197643768155,-1881.0419999999976,-265.51319999999976,262939,1,0,0,0
2024-04-28 20:00:00+00:00,63730.49,63745.91,62781.0,63118.62,4294.11004,2.782e-05,1.706999999999977e-05,0.00029967000000000004,-0.14233981142027377,0,0,14153.658,15554.443,-1400.7849999999999,0.4764241915025131,0.4919471108164387,-0.7784633390968407,-525.1859999999979,-843.3073999999993,488339,1,0,0,0
2024-04-29 00:00:00+00:00,63118.62,63367.05,62150.52,62279.67,4182.37182,2.472e-05,3.172999999999977e-05,0.0003073,-0.29649332377011167,0,0,15861.96,18067.987,-2206.027000000002,0.4674914464204733,0.48926895308867085,-1.2036838133756642,-3357.9360000000015,-1097.5708,571479,1,0,0,0
2024-04-29 04:00:00+00:00,62279.68,62639.4,61923.13,62399.98,4977.90568,2.472e-05,3.172999999999977e-05,0.0003073,-0.29649332377011167,0,0,20015.723,20088.039999999997,-72.31699999999546,0.49909837637929394,0.4899973636780059,0.3856175527648675,-3679.128999999997,-560.705999999999,627913,0,1,0,0
2024-04-29 08:00:00+00:00,62399.98,62673.18,62179.99,62256.0,3033.90933,5.544e-05,0.00010797999999999976,0.00035589,0.6208443982675185,0,0,11218.861,11736.891,-518.0299999999988,0.4887167712911344,0.48804232363908084,-0.11816824241852122,-2796.373999999996,-789.6565999999991,398520,1,0,0,0
2024-04-29 12:00:00+00:00,62256.0,63112.29,61765.53,63039.07,8212.51545,5.544e-05,0.00010797999999999976,0.00035589,0.6208443982675185,0,0,33002.893,33485.152,-482.25900000000547,0.49637334050053655,0.48839313963786585,0.2301118795485362,-1072.6059999999998,-935.8836000000003,956030,0,1,0,0
2024-04-29 16:00:00+00:00,63039.07,63221.74,62546.37,62987.37,3504.07719,6.828e-05,0.0001484399999999998,0.00036855000000000004,0.98335478219289,0,0,14986.005,15370.733000000002,-384.7280000000028,0.4936632190191185,0.4851359934325087,0.06949790187246592,-1385.017000000007,-732.6722000000009,472654,1,0,0,0
2024-04-29 20:00:00+00:00,62987.37,64228.35,62820.0,63866.0,4239.45,6.828e-05,0.0001484399999999998,0.00036855000000000004,0.98335478219289,0,0,18432.598,16144.319999999996,2288.2780000000057,0.5330896756038235,0.49162462567129356,1.9161636491313336,1421.2909999999974,166.18880000000064,549760,1,0,0,0
2024-04-30 00:00:00+00:00,63866.0,64734.0,62995.7,63647.99,6641.99134,9.74e-05,0.00022111999999999978,0.00036595,1.8497511010337,0,0,27156.369,27200.505000000005,-44.13600000000588,0.49959401638880113,0.4980815189329276,0.3050122430786459,1859.413999999997,171.82499999999854,771349,1,0,0,0
2024-04-30 04:00:00+00:00,63647.99,63708.7,63069.68,63148.74,3035.08013,9.74e-05,0.00022111999999999978,0.00036595,1.8497511010337,0,0,10678.962,11202.968,-524.0060000000012,0.488026513200618,0.49511306516070797,-0.32049609267338663,1720.1359999999986,170.62979999999806,379447,1,0,0,0
2024-04-30 08:00:00+00:00,63148.74,63244.0,61000.0,61204.42,14068.13369,9.154e-05,0.0002572199999999998,0.00038279,1.5536950596677832,0,0,44190.629,48557.625,-4366.995999999999,0.4764577994104342,0.49189353497167465,-0.8756242995519501,-4935.138000000006,-606.3176000000007,1377660,1,0,0,0
2024-04-30 12:00:00+00:00,61204.41,61559.36,60546.22,60796.85,10504.86521,9.154e-05,0.0002572199999999998,0.00038279,1.5536950596677832,0,0,42206.484,44535.44200000001,-2328.9580000000133,0.4865753614924344,0.4929086519706668,-0.3525075234832044,-7219.960000000014,-995.1636000000028,1248435,1,0,0,0
2024-04-30 16:00:00+00:00,60796.86,60947.55,59191.6,59292.95,13263.13146,0.0001,0.0002889399999999998,0.00045444999999999996,1.6560661845944156,0,0,46661.906,52526.194,-5864.2880000000005,0.47043855059225853,0.49320336238784535,-1.0955762446397175,-12560.242000000013,-2625.676800000004,1382523,1,0,0,0
2024-04-30 20:00:00+00:00,59292.95,61070.71,59274.75,60672.0,7434.45352,0.0001,0.0002889399999999998,0.00045444999999999996,1.6560661845944156,0,0,27555.638,26274.981,1280.6569999999992,0.51189524682969,0.49448304943288496,0.9344239705479973,-6912.5890000000145,-2360.718200000003,795962,1,0,0,0
2024-05-01 00:00:00+00:00,60672.01,60841.63,59590.0,60246.03,6530.47723,0.0001,0.0002915399999999998,0.00054439,1.5270824607078763,0,0,20553.147,21289.293999999998,-736.1469999999972,0.49120334542623845,0.49473170684639534,-0.07164712016684172,-5319.777999999998,-2403.1464000000024,672586,1,0,0,0
2024-05-01 04:00:00+00:00,60246.02,60361.09,57100.0,57499.99,15737.62045,0.0001,0.0002915399999999998,0.00054439,1.5270824607078763,0,0,49772.919,61810.007000000005,-12037.088000000003,0.4460621421596347,0.4897005870123052,-2.0512471386091877,-11492.578000000001,-3937.164800000003,1395314,1,0,0,0
2024-05-01 08:00:00+00:00,57500.0,57909.0,56552.82,57898.47,18606.5614,8.946e-05,0.0002894599999999998,0.00065466,1.182520412017266,0,0,51402.485,53917.14199999999,-2514.656999999992,0.48806178358379493,0.4891404434687727,-0.12629634881983526,-15287.891999999993,-3974.3045999999986,1383095,0,1,0,0
2024-05-01 12:00:00+00:00,57898.46,58275.87,56674.51,56886.0,11686.74779,8.946e-05,0.0002894599999999998,0.00065466,1.182520412017266,0,0,42551.404,44119.617999999995,-1568.2139999999927,0.49095306618168183,0.4849267825265587,0.01827044017585676,-16119.958999999988,-3115.089799999997,1128379,1,0,0,0
2024-05-01 16:00:00+00:00,56886.0,59468.0,56625.09,56954.47,20507.82488,9.902e-05,0.0002884799999999998,0.0007258599999999999,1.401457729781129,0,0,80736.533,82618.87700000001,-1882.3440000000119,0.4942385011919715,0.4843912310068756,0.20865865535544983,-5965.2149999999965,-3747.6899999999996,1974851,0,1,0,0
2024-05-01 20:00:00+00:00,56954.46,58575.32,56760.02,58364.97,8097.23648,9.902e-05,0.0002884799999999998,0.0007258599999999999,1.401457729781129,0,0,29380.102,25956.872000000003,3423.229999999996,0.5309307661094732,0.48868165629776117,1.8087184312819338,-27.328000000008615,-2915.8146000000006,724392,1,0,0,0
2024-05-02 00:00:00+00:00,58364.97,58610.55,56911.84,57442.88,11212.01702,6.634e-05,0.0002548199999999998,0.00076748,0.5086029304432108,0,0,23207.234,25435.179,-2227.9449999999997,0.4770987409691209,0.48874575045362983,-0.623583013538607,-687.0590000000157,-953.9860000000001,661339,1,0,0,0
2024-05-02 04:00:00+00:00,57442.88,57945.19,57202.49,57681.08,4030.5593,6.634e-05,0.0002548199999999998,0.00076748,0.5086029304432108,0,0,12825.92,11817.275,1008.6450000000004,0.5204649802917195,0.4921347123335583,1.250046147477901,2203.9299999999967,-249.32560000000157,393200,1,0,0,0
2024-05-02 08:00:00+00:00,57681.08,58689.55,57561.14,58559.66,7270.28163,6.169e-05,0.00022704999999999977,0.0007737299999999999,0.354207891877061,0,0,28553.152,25782.264,2770.887999999999,0.5254979919542716,0.49764065646975963,1.3783842444205592,1551.5879999999997,618.4947999999968,668046,1,0,0,0
2024-05-02 12:00:00+00:00,58559.66,59455.0,58222.0,59264.15,15027.94977,6.169e-05,0.00022704999999999977,0.0007737299999999999,0.354207891877061,0,0,48497.086,48627.274,-130.18799999999464,0.49932978708945935,0.4963841104957366,0.24466716263318553,3649.345000000005,968.9260000000002,1187300,0,1,0,0
2024-05-02 16:00:00+00:00,59264.16,59575.29,58943.38,59351.11,5176.24271,6.169e-05,0.00022704999999999977,0.0007737299999999999,0.354207891877061,0,0,18811.008,19568.92,-757.9119999999966,0.4901261930454899,0.49627639525766176,-0.12474245279154339,1882.7880000000077,132.6976000000017,645031,0,1,0,0
2024-05-02 20:00:00+00:00,59351.1,59625.0,58637.62,59060.61,4866.76918,-1.23e-06,0.00012679999999999978,0.00070422,-1.297966460436456,0,0,17855.849,18248.141,-392.2920000000013,0.49456719326589665,0.5011269003682879,0.06445271413651463,-1280.3919999999925,499.8282000000014,523275,1,0,0,0
2024-05-03 00:00:00+00:00,59060.6,59999.0,58811.32,59720.3,5109.40917,-1.549e-05,4.496999999999977e-05,0.00059133,-1.663126095593453,0,0,18668.909,18128.142,540.7669999999998,0.5073479665530806,0.5030555186652166,0.6627277303865486,-609.4369999999981,406.2526000000013,570436,1,0,0,0
2024-05-03 04:00:00+00:00,59720.3,59844.94,59061.63,59190.74,3909.0336,-1.549e-05,4.496999999999977e-05,0.00059133,-1.663126095593453,0,0,11274.086,12445.896,-1171.8100000000013,0.47529909592680125,0.5014901216397284,-0.780791738953325,-1023.3350000000028,-382.2869999999988,380177,1,0,0,0
2024-05-03 08:00:00+00:00,59190.74,59575.48,58849.94,59291.09,3640.85276,-3.764e-05,-5.436000000000023e-05,0.00046215000000000004,-2.0044934244404176,0,0,15652.286,15903.982,-251.6959999999999,0.4960119491950062,0.501667466440032,0.0668743444258788,-882.7390000000014,-406.5885999999999,469522,0,1,0,1
2024-05-03 12:00:00+00:00,59291.1,62115.64,58991.99,61690.74,19191.72512,-3.764e-05,-5.436000000000023e-05,0.00046215000000000004,-2.0044934244404176,0,0,80966.348,74705.53400000001,6260.813999999984,0.5201090072258521,0.5005852905516698,1.296891753483157,4837.307999999983,997.1565999999963,1902774,1,0,0,1
2024-05-03 16:00:00+00:00,61690.74,62179.99,61533.2,62067.32,4594.31487,8.091e-05,2.7779999999999765e-05,0.00044306,0.8163771644021894,0,0,20465.116,20347.447,117.66900000000169,0.5014415781728778,0.5030195742720455,0.3553098642829564,6126.786999999986,1099.1487999999968,621690,1,0,0,0
2024-05-03 20:00:00+00:00,62067.32,63333.0,61974.0,62882.01,7183.06591,8.091e-05,2.7779999999999765e-05,0.00044306,0.8163771644021894,0,0,34645.056,30403.657000000007,4241.39899999999,0.5326017134266745,0.504233247585541,1.7847826819322588,10619.881999999976,1839.275199999995,898888,1,0,0,0
2024-05-04 00:00:00+00:00,62882.01,63595.14,62541.03,62724.0,4743.46495,2.703e-05,7.029999999999977e-05,0.00037008999999999995,-0.5349455650369016,0,0,17733.726,17810.399999999998,-76.67399999999907,0.49892142516037674,0.5015755909061516,0.07418951205389776,4282.393999999993,2058.3023999999955,526080,1,0,0,0
2024-05-04 04:00:00+00:00,62724.0,63450.0,62686.0,62959.03,3268.58824,2.703e-05,7.029999999999977e-05,0.00037008999999999995,-0.5349455650369016,0,0,15001.806,14636.607,365.1990000000005,0.5061609067934912,0.5022587028765547,0.43160602547670596,4529.923999999992,2181.6813999999954,441014,1,0,0,0
2024-05-04 08:00:00+00:00,62959.03,64540.0,62924.37,63873.31,6546.74516,7.455e-05,0.00018248999999999978,0.00035517999999999997,0.6305859357836746,0,0,33502.579,28986.101000000002,4516.4779999999955,0.5361383693814623,0.5068599205101519,1.7789637145641182,4805.002999999997,1832.8141999999978,803554,1,0,0,0
2024-05-04 12:00:00+00:00,63873.3,64158.19,63434.53,63609.17,3811.93368,7.455e-05,0.00018248999999999978,0.00035517999999999997,0.6305859357836746,0,0,17677.829,18130.645999999997,-452.81699999999546,0.4936772370227998,0.5067709248858423,-0.2663539620934114,4428.860000000001,1718.7169999999983,525228,1,0,0,0
2024-05-04 16:00:00+00:00,63609.17,64019.83,63300.58,63921.18,3617.97274,6.265e-05,0.00016422999999999977,0.00031881,0.3426445715873707,0,0,11297.503,9912.292999999998,1385.2100000000028,0.5326549581146373,0.509301624041998,1.4901699452053752,5448.871000000003,1147.479200000001,366724,1,0,0,0
2024-05-04 20:00:00+00:00,63921.17,64240.76,63550.0,63892.04,2379.98805,6.265e-05,0.00016422999999999977,0.00031881,0.3426445715873707,0,0,9513.796,11001.912999999999,-1488.1169999999984,0.4637322551221603,0.5081449399615339,-1.5891316641529656,-555.7239999999911,865.190600000001,351942,1,0,0,0
2024-05-05 00:00:00+00:00,63892.03,64188.0,62822.17,63235.93,4023.81118,6.906e-05,0.00020625999999999978,0.00032153,0.503436942996557,0,0,19258.958,20807.201,-1548.2430000000022,0.4806789190848067,0.5066116369505138,-0.7702163559270693,-1651.1499999999978,482.50220000000047,592620,1,0,0,0
2024-05-05 04:00:00+00:00,63235.93,63959.0,63119.32,63736.87,1984.95667,6.906e-05,0.00020625999999999978,0.00032153,0.503436942996557,0,0,11900.333,10233.925999999998,1666.4070000000029,0.5376431621225721,0.5083650524401859,1.6699759301852362,-1369.9529999999977,-87.51199999999808,355960,1,0,0,0
2024-05-05 08:00:00+00:00,63736.86,63937.17,63539.53,63859.63,2431.33573,6.47e-06,0.0001381799999999998,0.00026631,-1.009170032727318,0,0,10637.318,10270.434000000001,366.8839999999982,0.5087738748766486,0.509098282110563,0.3743975270871266,485.04799999999886,76.42820000000066,390922,1,0,0,0
2024-05-05 12:00:00+00:00,63859.63,64646.0,63618.91,64428.65,5405.83792,6.47e-06,0.0001381799999999998,0.00026631,-1.009170032727318,0,0,27444.887,24353.493,3091.3940000000002,0.5298406436649177,0.5088221751343872,1.2150802473243392,5124.685000000001,417.66500000000013,739451,1,0,0,0
2024-05-05 16:00:00+00:00,64428.64,64554.68,63811.01,63879.94,2871.91182,3.893e-05,0.00011445999999999977,0.00030647,-0.24045481397280108,0,0,13831.634,15783.752999999999,-1952.1189999999988,0.4670421494069958,0.5056342475590492,-1.4838351998805184,1506.1589999999997,324.86460000000005,429549,1,0,0,0
2024-05-05 20:00:00+00:00,63879.94,64227.51,63582.08,64012.0,1808.89697,3.893e-05,0.00011445999999999977,0.00030647,-0.24045481397280108,0,0,11315.306,9658.41,1656.8960000000006,0.5394993428918367,0.5089680911688836,1.524434358977055,2796.171000000002,965.8924000000006,331174,1,0,0,0
2024-05-06 00:00:00+00:00,64012.0,64465.0,63708.58,63866.59,3162.30361,6.02e-06,5.141999999999977e-05,0.00032798,-1.038443163784465,0,0,10242.983,12186.208999999999,-1943.2259999999987,0.4566808737470347,0.5010223416054409,-1.7473041681917927,-2238.448999999997,243.9658000000003,395524,1,0,0,0
2024-05-06 04:00:00+00:00,63866.59,64588.0,63768.72,64540.75,4129.26675,6.02e-06,5.141999999999977e-05,0.00032798,-1.038443163784465,0,0,16347.761,13021.062,3326.6990000000005,0.5566365734166466,0.5073182752448256,2.037831097553777,3040.3690000000024,835.9288000000008,448003,1,0,0,0
2024-05-06 08:00:00+00:00,64540.75,65500.0,63815.38,64203.56,9354.00852,-1.031e-05,3.463999999999977e-05,0.00035530999999999996,-1.4011738050041418,0,0,46111.746,44434.36,1677.3859999999986,0.5092626070523674,0.5049790401385986,0.13875863687758788,3060.8590000000004,553.1272000000005,1174635,0,1,0,0
2024-05-06 12:00:00+00:00,64203.55,64319.86,62909.61,63632.01,10782.37421,-1.031e-05,3.463999999999977e-05,0.00035530999999999996,-1.4011738050041418,0,0,44695.982,47309.494999999995,-2613.5129999999917,0.485796970543395,0.5071855116807221,-0.7851776843986815,2390.5720000000074,420.84840000000185,1205394,1,0,0,0
2024-05-06 16:00:00+00:00,63632.01,63747.59,62700.0,63220.0,5039.95966,7.746e-05,7.316999999999976e-05,0.00035186,0.6961232560885884,0,0,25566.965,26819.87,-1252.9049999999988,0.488041795233478,0.5079217992955892,-0.6847220435290774,-2189.031999999992,-161.11179999999803,716895,1,0,0,0
2024-05-06 20:00:00+00:00,63220.0,63611.85,63051.94,63165.19,2207.00674,7.746e-05,7.316999999999976e-05,0.00035186,0.6961232560885884,0,0,8475.528,9898.105999999998,-1422.5779999999977,0.46128751666654516,0.5002862347499866,-1.6005874590104385,-5288.995999999988,-56.98219999999783,323504,1,0,0,0
2024-05-07 00:00:00+00:00,63165.18,63967.19,62832.6,63239.49,4005.85545,6.064e-05,0.00012778999999999975,0.00038547000000000006,0.3330227713695029,0,0,18567.683,19718.340999999997,-1150.6579999999958,0.48497287156274055,0.49790613441859577,-0.7097993634032651,-3826.1409999999923,-952.4535999999971,610669,0,1,0,0
2024-05-07 04:00:00+00:00,63239.5,63853.12,63092.76,63669.69,2871.47278,6.064e-05,0.00012778999999999975,0.00038547000000000006,0.3330227713695029,0,0,12160.366,11609.655,550.7109999999993,0.5115841504725637,0.4960804850993604,0.3319139004928315,-2022.5249999999942,-1177.788599999997,420224,1,0,0,0
2024-05-07 08:00:00+00:00,63669.69,64422.41,63358.0,63490.43,5001.25779,1.581e-05,0.00015390999999999978,0.00032673,-0.7206756559881174,0,0,23389.998,24498.362,-1108.3640000000014,0.48842762625406255,0.4982190327840671,-0.5247895020779373,-1708.3109999999979,-876.7587999999989,686049,1,0,0,0
2024-05-07 12:00:00+00:00,63490.43,64320.0,63050.77,63740.48,5420.86559,1.581e-05,0.00015390999999999978,0.00032673,-0.7206756559881174,0,0,29511.708,28378.160000000003,1133.5479999999952,0.5097905560952393,0.4952481541044073,0.2988797110344968,575.8949999999932,-399.4682000000001,778576,1,0,0,0
2024-05-07 16:00:00+00:00,63740.48,63895.46,62789.89,63060.01,3582.30191,9.028e-05,0.00016672999999999975,0.00035436,1.0410045255017726,0,0,16067.773,18154.786,-2087.013000000001,0.46950822701481787,0.4965308894311856,-1.2226884728777359,-2061.829000000007,-532.3552000000007,521931,1,0,0,0
2024-05-07 20:00:00+00:00,63060.0,63197.58,62261.0,62312.08,4717.0412,9.028e-05,0.00016672999999999975,0.00035436,1.0410045255017726,0,0,16932.1,19985.714,-3053.6140000000014,0.45864308217165833,0.48673154030668675,-1.5267644717449664,-4007.079000000007,-912.9464000000019,573977,1,0,0,0
2024-05-08 00:00:00+00:00,62312.07,62973.18,62111.0,62893.99,3337.82292,4.891e-05,0.00015499999999999976,0.00033421,0.01009457457111383,0,0,14500.863,13652.628000000002,848.234999999997,0.5150644728215055,0.4873117268836006,0.5309616125410519,-4292.392000000005,-853.4416000000023,482344,1,0,0,0
2024-05-08 04:00:00+00:00,62894.0,63020.22,62020.09,62208.0,3859.89848,4.891e-05,0.00015499999999999976,0.00033421,0.01009457457111383,0,0,14797.532,16866.348,-2068.8160000000025,0.4673316093921528,0.48546519076847644,-1.1905405009621297,-4274.195000000007,-1045.5320000000024,484619,1,0,0,0
2024-05-08 08:00:00+00:00,62208.0,62519.7,62042.0,62243.4,3513.4572,5.553e-05,0.00019471999999999976,0.00038326999999999995,0.11614645372891279,0,0,15237.914,14025.166999999998,1212.747000000003,0.520721451032446,0.4887331563483732,0.7037127436885389,-7.834000000002561,-1029.6922000000009,486028,1,0,0,0
2024-05-08 12:00:00+00:00,62243.4,62828.0,61761.0,62273.08,6158.24711,5.553e-05,0.00019471999999999976,0.00038326999999999995,0.11614645372891279,0,0,32934.978,34598.206999999995,-1663.228999999992,0.4876858391915027,0.49137298860086887,-0.44382048455412665,-2519.2979999999916,-944.9353999999992,871059,0,1,0,0
2024-05-08 16:00:00+00:00,62273.07,62760.0,61949.42,62179.45,3301.14049,9.292e-05,0.00019735999999999978,0.00043726,1.0153100261127688,0,0,15092.104,14533.434000000001,558.6699999999983,0.5094288583046154,0.4938185872750564,0.3291039093072423,108.1880000000092,-222.4785999999993,449604,0,1,0,0
2024-05-08 20:00:00+00:00,62179.45,62248.84,60888.0,61193.03,5950.62384,9.292e-05,0.00019735999999999978,0.00043726,1.0153100261127688,0,0,26101.658,29310.746000000003,-3209.0880000000034,0.4710435952210267,0.48976453174990275,-0.9840485677536693,-4313.646999999997,-1033.9431999999993,721192,1,0,0,0
2024-05-09 00:00:00+00:00,61193.03,61806.98,61144.33,61680.4,2721.61729,5.648e-05,0.00020492999999999976,0.00048771999999999997,0.05700620992887324,0,0,11024.333,11016.306999999999,8.026000000001659,0.5001820727528784,0.4909399763997843,0.06942630611698414,-2642.3920000000035,-618.5747999999985,363178,1,0,0,0
2024-05-09 04:00:00+00:00,61680.4,61780.6,61129.0,61253.16,2905.35223,5.648e-05,0.00020492999999999976,0.00048771999999999997,0.05700620992887324,0,0,10003.171,11453.712999999998,-1450.5419999999976,0.4661986801065803,0.4865807888009184,-1.0904132594721734,-4651.603999999999,-1151.2325999999987,337539,1,0,0,0
2024-05-09 08:00:00+00:00,61253.16,61447.06,60630.0,61053.99,5362.37094,3.315e-05,0.00018254999999999978,0.00053118,-0.5234885373015736,0,0,20995.715,21561.299000000003,-565.5840000000026,0.49335498491506,0.4889654645909426,-0.07909495028500695,-2008.0999999999985,-931.7036000000007,613524,1,0,0,0
2024-05-09 12:00:00+00:00,61053.99,62285.0,60882.19,62159.06,8288.33478,3.315e-05,0.00018254999999999978,0.00053118,-0.5234885373015736,0,0,34876.49,31970.34900000001,2906.1409999999887,0.5217373105705118,0.495274887430828,0.9160959119141006,890.0149999999885,-462.20940000000263,861171,1,0,0,0
2024-05-09 16:00:00+00:00,62159.06,62668.67,61750.0,62454.92,6281.25123,7.253e-05,0.00016215999999999976,0.00052625,0.48368292199066953,0,0,24882.952,23911.908999999996,971.0430000000051,0.5099502589012397,0.49476346603880145,0.5305651957740577,3311.5999999999913,373.81679999999903,671907,1,0,0,0
2024-05-09 20:00:00+00:00,62454.92,63429.03,62346.36,63074.01,5101.87963,7.253e-05,0.00016215999999999976,0.00052625,0.48368292199066953,0,0,21226.476,19528.588,1697.887999999999,0.5208303930034314,0.5001133443999292,0.8748731773322663,5575.071999999993,711.7891999999986,574499,1,0,0,0
2024-05-10 00:00:00+00:00,63074.0,63094.01,62662.07,62916.16,2735.78507,1.026e-05,0.00011593999999999976,0.00047587,-1.042150865716282,0,0,8934.03,10559.049,-1625.0190000000002,0.4583180522687052,0.4938730045235551,-1.408104419883549,1043.912000000004,676.893799999998,331063,1,0,0,0
2024-05-10 04:00:00+00:00,62916.16,63380.0,62660.42,63078.02,4829.47839,1.026e-05,0.00011593999999999976,0.00047587,-1.042150865716282,0,0,15561.58,14103.631,1457.9490000000005,0.5245733799095513,0.49756175859536,1.051567921191458,1530.8179999999993,1081.6003999999987,412590,1,0,0,0
2024-05-10 08:00:00+00:00,63078.01,63320.0,62800.0,63299.63,3172.4998,5.934e-05,0.00014212999999999975,0.0005193999999999999,0.25295166846035944,0,0,11048.018,10904.028999999999,143.9890000000014,0.5032796258134834,0.49694683534624684,0.2640994174074331,-23.080999999998312,529.1700000000012,328093,1,0,0,0
2024-05-10 12:00:00+00:00,63299.63,63469.13,60690.0,60928.02,13444.88923,5.934e-05,0.00014212999999999975,0.0005193999999999999,0.25295166846035944,0,0,59550.191,70125.38500000001,-10575.19400000001,0.4592244186368603,0.49576491768783015,-1.2945225119446884,-8973.256000000008,-1780.077400000002,1559304,1,0,0,0
2024-05-10 16:00:00+00:00,60928.02,61294.82,60187.12,60716.97,9448.65481,7.653e-05,0.00014612999999999974,0.00050565,0.7403950601877419,0,0,40064.594,43274.308000000005,-3209.714000000007,0.4807430028295789,0.4938210106955003,-0.5144530696059659,-13640.919000000016,-2761.597800000003,1077411,1,0,0,0
2024-05-10 20:00:00+00:00,60716.96,61003.0,60456.91,60799.99,2898.03295,7.653e-05,0.00014612999999999974,0.00050565,0.7403950601877419,0,0,11189.778,11900.367,-710.5889999999999,0.484612721141422,0.49566241479898443,-0.31497222169463873,-14495.497000000018,-2578.711800000003,354453,0,1,0,0
2024-05-11 00:00:00+00:00,60799.99,61096.27,60650.0,60731.9,2363.19506,8.881e-05,0.00022467999999999975,0.00054555,1.093517269349968,0,0,9908.216,10079.186999999998,-170.97099999999773,0.4957230311511706,0.49589921942259546,0.07984368430648364,-4091.274000000005,-2904.495800000003,303464,1,0,0,0
2024-05-11 04:00:00+00:00,60731.89,61080.0,60712.0,61018.52,1958.49596,8.881e-05,0.00022467999999999975,0.00054555,1.093517269349968,0,0,8297.765,7871.091,426.67399999999907,0.5131943162831062,0.4950449199938549,0.9765114419305623,-454.8859999999986,-2847.958800000003,267748,1,0,0,0
2024-05-11 08:00:00+00:00,61018.53,61058.75,60487.09,60684.01,2622.23696,3.771e-05,0.00020304999999999976,0.0005277299999999999,-0.25248473951838174,0,0,9289.801,9602.439000000002,-312.63800000000265,0.4917257561834911,0.49322246972208,-0.0019015199901209257,-56.93500000000131,-795.4476000000017,300424,1,0,0,0
2024-05-11 12:00:00+00:00,60684.0,61515.0,60643.94,61174.18,2983.17984,3.771e-05,0.00020304999999999976,0.0005277299999999999,-0.25248473951838174,0,0,15294.987,14495.501000000002,799.4859999999971,0.5134184777369205,0.492481278195429,0.9671780585879705,913.5219999999936,6.39239999999918,434223,1,0,0,0
2024-05-11 16:00:00+00:00,61174.18,61410.09,61016.0,61144.0,1958.45382,5.067e-05,0.00017718999999999976,0.00048548,0.15767126865807185,0,0,7459.748,8202.201000000001,-742.4530000000013,0.4762975540272797,0.49427922837128646,-0.7396169362606456,-255.60500000000684,0.019599999998899876,281008,1,0,0,0
2024-05-11 20:00:00+00:00,61144.01,61154.21,60743.51,60825.99,1489.00772,5.067e-05,0.00017718999999999976,0.00048548,0.15767126865807185,0,0,6094.972,6698.879000000001,-603.9070000000011,0.47639854489473105,0.4894617448698043,-0.779083040246185,-546.8740000000053,-86.56760000000176,204871,1,0,0,0
2024-05-12 00:00:00+00:00,60825.99,61104.05,60804.0,60930.0,1266.79428,2.604e-05,0.00011441999999999976,0.00045504,-0.514589656773744,0,0,4852.268,4104.976000000001,747.2919999999995,0.54171439340047,0.4933052216285031,2.0624844778168745,-599.0680000000029,-22.444000000001687,172569,1,0,0,0
2024-05-12 04:00:00+00:00,60930.01,61120.0,60610.0,60820.0,1414.28916,2.604e-05,0.00011441999999999976,0.00045504,-0.514589656773744,0,0,6299.398,7381.318,-1081.92,0.4604582099357958,0.4934286007583967,-1.3902910080349238,-938.5350000000017,-176.30040000000116,214190,1,0,0,0
2024-05-12 08:00:00+00:00,60819.99,61366.59,60790.94,61146.0,2340.63752,2.83e-05,0.00010500999999999976,0.00045019,-0.41785144505726385,0,0,10862.497,9416.552,1445.9449999999997,0.5356512033675741,0.4989194208121961,1.6679979490001022,1111.316999999999,-47.00860000000066,290560,1,0,0,0
2024-05-12 12:00:00+00:00,61145.99,61587.12,61090.0,61419.0,2048.43475,2.83e-05,0.00010500999999999976,0.00045019,-0.41785144505726385,0,0,8930.962,8237.068,693.8940000000002,0.5202088999145504,0.5024790386895089,1.0149520189166488,1057.9189999999999,240.26079999999965,263174,1,0,0,0
2024-05-12 16:00:00+00:00,61419.01,61888.0,61109.67,61406.1,3820.38147,0.0001,0.00015433999999999977,0.00047766000000000003,1.536666635428751,0,0,14094.012,14724.402,-630.3899999999994,0.4890627221886673,0.5018130077932587,-0.265233087121966,1509.4490000000005,234.96419999999998,432020,1,0,0,0
2024-05-12 20:00:00+00:00,61406.11,61551.43,60910.58,61483.99,1862.59518,0.0001,0.00015433999999999977,0.00047766000000000003,1.536666635428751,0,0,7053.475,8086.968999999999,-1033.4939999999988,0.4658697591695462,0.49708055208190255,-1.2392937615137625,-969.989999999998,-121.19299999999967,267629,0,1,0,0
2024-05-13 00:00:00+00:00,61484.0,61812.0,60749.21,61170.0,5351.68295,0.0001,0.00015433999999999977,0.00047766000000000003,1.536666635428751,0,0,21486.048,21507.221,-21.173000000002503,0.4997537637810235,0.49788335284165586,0.18685350288631764,-1685.0570000000007,90.95639999999985,592085,1,0,0,0
2024-05-13 04:00:00+00:00,61170.0,62450.0,60797.79,62334.37,4765.16809,0.0001,0.00022829999999999975,0.0005674,1.4544052970650354,0,0,23072.7,21675.577999999998,1397.122000000003,0.5156109023904786,0.4981025953070116,0.7940176942194332,342.45500000000175,81.19180000000051,596303,1,0,0,0
2024-05-13 08:00:00+00:00,62334.36,63295.48,62334.36,62738.0,9213.32472,0.0001,0.00022829999999999975,0.0005674,1.4544052970650354,0,0,38375.991,35924.075999999994,2451.915000000008,0.5165000860631795,0.5021228485106016,0.8425444242429546,3827.8640000000087,432.7960000000021,918939,1,0,0,0
2024-05-13 12:00:00+00:00,62737.99,63200.0,62399.35,63002.0,5842.90422,8.469e-05,0.00028468999999999977,0.0005927500000000001,0.9978678766932753,0,0,21429.591,21168.411999999997,261.1790000000037,0.5030656249308213,0.5047895565142106,0.2476966856939222,4110.216000000015,611.1098000000027,631782,1,0,0,0
2024-05-13 16:00:00+00:00,63002.0,63450.0,62566.36,63172.69,5512.43015,9.151e-05,0.0002761999999999998,0.00060773,1.1937323980458545,0,0,21839.419,21234.089,605.3300000000017,0.507026708853154,0.501320788059479,0.42114181067969053,3318.4240000000136,938.8746000000028,652712,1,0,0,0
2024-05-13 20:00:00+00:00,63172.7,63193.59,62715.57,62940.08,2047.90826,9.151e-05,0.0002761999999999998,0.00060773,1.1937323980458545,0,0,6926.722,7287.226000000001,-360.5040000000008,0.4873186534803701,0.5040068324139365,-0.45456657425127317,506.00500000000466,871.0084000000031,248074,1,0,0,0
2024-05-14 00:00:00+00:00,62940.09,63118.36,62403.22,62488.46,4185.92634,9.866e-05,0.00027485999999999976,0.00061758,1.3226293053024576,0,0,15014.968,15229.814999999999,-214.84699999999793,0.49644819736349244,0.5000865318135284,-0.050672124129557905,29.979000000002998,548.614600000003,471583,1,0,0,0
2024-05-14 04:00:00+00:00,62488.46,62780.73,61404.34,62035.39,6129.65977,9.866e-05,0.00027485999999999976,0.00061758,1.3226293053024576,0,0,25266.051,27844.642,-2578.5910000000003,0.475724370608382,0.4956380788829115,-0.9858758251809641,-3153.941999999999,-457.4865999999987,687353,1,0,0,0
2024-05-14 08:00:00+00:00,62035.39,62045.8,61520.89,61798.57,2978.35656,0.0001,0.00029016999999999975,0.0006798700000000001,1.3042669564916378,0,0,11202.777,11363.574999999999,-160.79799999999886,0.4964372176770087,0.4963755284317456,-0.07073924768423918,-2954.235999999997,-541.8819999999993,337553,1,0,0,0
2024-05-14 12:00:00+00:00,61798.57,62300.0,61142.77,61787.61,9371.49007,0.0001,0.00029016999999999975,0.0006798700000000001,1.3042669564916378,0,0,44387.968,46743.35999999999,-2355.3919999999925,0.48707693582606415,0.4984962460973975,-0.4426367114263917,-5094.780999999992,-1134.0263999999981,1196517,1,0,0,0
2024-05-14 16:00:00+00:00,61787.6,61816.34,61159.34,61596.52,4672.60874,4.392e-05,0.00024257999999999975,0.00067312,-0.4020223647363806,0,0,17615.256,16925.464,689.7920000000013,0.5099852000768947,0.4995193897269846,0.5923094101479077,-1826.3979999999901,-923.9671999999977,538482,0,1,0,0
2024-05-14 20:00:00+00:00,61596.51,61789.99,61472.41,61577.49,1750.67893,4.392e-05,0.00024257999999999975,0.00067312,-0.4020223647363806,0,0,5910.216,6841.181999999999,-930.9659999999985,0.46349553201931276,0.49430785268986793,-1.400651396536901,-2596.56599999999,-1067.1909999999978,255015,1,0,0,0
2024-05-15 00:00:00+00:00,61577.49,62033.48,61319.47,61949.99,2150.95758,0.0001,0.00024391999999999974,0.00074708,1.2549083811985247,0,0,9327.039,9316.583999999999,10.455000000001746,0.5002803907802684,0.49268588316157685,0.18318239913236542,-230.7189999999955,-549.3817999999974,366653,1,0,0,0
2024-05-15 04:00:00+00:00,61949.99,62280.01,61818.18,62195.04,2500.5292,0.0001,0.00024391999999999974,0.00074708,1.2549083811985247,0,0,9801.621,10501.318,-699.6970000000001,0.4827685784801895,0.49065617851651366,-0.5854254486549003,-1620.207999999997,-657.1615999999976,339895,0,1,0,0
2024-05-15 08:00:00+00:00,62195.04,62999.44,61923.2,62467.18,5841.97337,-3.85e-06,0.00014006999999999976,0.00071493,-1.8085450085290258,0,0,27470.973,27335.340999999997,135.63200000000506,0.5012373756790139,0.49007724519909973,0.30439847057614194,-553.6099999999933,-158.9567999999981,825948,1,0,0,0
2024-05-15 12:00:00+00:00,62467.18,65057.26,62402.03,64725.11,18482.64633,-3.85e-06,0.00014006999999999976,0.00071493,-1.8085450085290258,0,0,81867.97,73252.677,8615.293000000005,0.527769652740038,0.4941223451250664,1.4901017741446514,8051.22800000001,1426.1434000000027,1882131,1,0,0,0
2024-05-15 16:00:00+00:00,64725.12,66419.15,64720.0,66006.23,9790.73766,2.373e-05,0.00011987999999999975,0.00063866,-0.9718195553717154,0,0,42837.435,36256.541,6580.894,0.5416017396824254,0.49863769935695973,1.9434163371047408,15331.81900000001,2928.5154000000025,1193283,1,0,0,0
2024-05-15 20:00:00+00:00,66006.23,66444.16,65738.0,66206.5,4792.90305,2.373e-05,0.00011987999999999975,0.00063866,-0.9718195553717154,0,0,19194.901,17869.279999999995,1325.6210000000065,0.5178827774448869,0.5028535400406102,0.8022196946034945,16521.80800000001,3191.5486000000033,628121,1,0,0,0
2024-05-16 00:00:00+00:00,66206.51,66666.0,65746.42,65975.39,4545.03782,2.373e-05,0.00011987999999999975,0.00063866,-0.9718195553717154,0,0,15537.253,16274.353,-737.0999999999985,0.48841460566310296,0.5020512788392197,-0.530682865326652,7169.415000000008,3184.068000000004,557297,1,0,0,0
2024-05-16 04:00:00+00:00,65975.39,66278.04,65652.92,66142.62,3539.9064,2.103e-05,4.0909999999999756e-05,0.00055969,-1.0857886621091468,0,0,11211.123,11552.280999999999,-341.15799999999945,0.4925064370864744,0.5025942289652606,-0.31461504380628363,247.36300000000847,3088.7100000000028,394155,0,1,0,0
2024-05-16 08:00:00+00:00,66142.62,66585.7,66000.0,66503.8,3707.82709,5.148e-05,9.623999999999976e-05,0.00052648,-0.2645474006221245,0,0,13628.772,13347.044999999998,281.7270000000026,0.5052218436980056,0.5021178933273719,0.24623002113265682,-796.5309999999954,1421.9968000000022,471581,1,0,0,0
2024-05-16 12:00:00+00:00,66503.81,66752.01,65361.51,65818.88,8417.05624,5.148e-05,9.623999999999976e-05,0.00052648,-0.2645474006221245,0,0,39270.418,40764.76900000001,-1494.3510000000097,0.4906644123915147,0.504834781364592,-0.3867675482530261,-1553.7820000000065,-193.05219999999971,1104152,1,0,0,0
2024-05-16 16:00:00+00:00,65818.89,65827.47,64602.77,65186.85,8466.84763,3.543e-05,0.00010793999999999976,0.0004704,-0.7302600071037566,0,0,30656.568,33258.934,-2602.366000000002,0.4796421375208787,0.502770956038653,-0.9030186932448562,-3814.990000000009,-978.6496000000013,874979,1,0,0,0
2024-05-16 20:00:00+00:00,65186.84,65500.0,65050.0,65235.21,2429.69192,3.543e-05,0.00010793999999999976,0.0004704,-0.7302600071037566,0,0,7997.74,8956.068000000001,-958.3280000000013,0.471737087030831,0.5016678068937173,-1.25026473798316,-5055.045000000013,-1022.895200000002,324140,0,1,0,0
2024-05-17 00:00:00+00:00,65235.21,65901.46,65106.38,65584.53,3015.02361,4.647e-05,0.00013337999999999976,0.00041820999999999997,-0.3626487737899384,0,0,14049.33,13745.570000000002,303.7599999999984,0.5054643117982076,0.5020905005056366,0.37526584820065545,-3256.9340000000047,-893.9116000000024,428531,1,0,0,0
2024-05-17 04:00:00+00:00,65584.53,66500.0,65367.51,66386.94,4966.49056,4.647e-05,0.00013337999999999976,0.00041820999999999997,-0.3626487737899384,0,0,21617.138,20052.137000000002,1565.0009999999966,0.5187788364448385,0.5011914188761166,0.9788414012781602,910.4329999999936,-637.2568000000035,628240,1,0,0,0
2024-05-17 08:00:00+00:00,66386.93,66564.23,66068.79,66218.0,3554.56752,8.15e-06,9.004999999999975e-05,0.00032636,-1.553817358852999,0,0,12857.643,13483.337,-625.6939999999995,0.4881231829643392,0.495843563204308,-0.5502289809805814,1243.0669999999955,-463.5254000000015,478061,1,0,0,0
2024-05-17 12:00:00+00:00,66217.99,67451.2,65828.03,67195.1,7892.28774,8.15e-06,9.004999999999975e-05,0.00032636,-1.553817358852999,0,0,39980.044,36910.32199999999,3069.722000000009,0.5199616815453838,0.49605145361435765,1.1912320849094788,4009.029000000006,670.8922000000006,1002106,1,0,0,0
2024-05-17 16:00:00+00:00,67195.09,67300.0,66214.67,67047.99,5023.34456,-2.98e-06,5.1639999999999756e-05,0.00027946000000000004,-1.7385575571123204,0,0,20796.566,21609.136,-812.5699999999997,0.4904190950547169,0.49625190255351903,-0.42749619717217224,1631.4580000000096,700.0438000000009,636057,1,0,0,0
2024-05-17 20:00:00+00:00,67047.99,67089.72,66669.72,67024.0,1840.5201,-2.98e-06,5.1639999999999756e-05,0.00027946000000000004,-1.7385575571123204,0,0,5862.839,6099.857,-237.01800000000003,0.4900934538502023,0.49601060422989185,-0.5170074105626757,2020.134000000009,591.8882000000012,237183,1,0,0,0
2024-05-18 00:00:00+00:00,67024.0,67095.88,66725.53,66945.05,2481.3965,6.28e-06,1.1449999999999757e-05,0.00018574,-1.3681963187698032,0,0,7478.125,7509.8099999999995,-31.68499999999949,0.4989429831394385,0.4953827181740351,-0.003682907879190028,-1081.2729999999992,272.55100000000203,257021,1,0,0,0
2024-05-18 04:00:00+00:00,66945.06,67240.69,66730.0,66887.0,2081.50495,6.28e-06,1.1449999999999757e-05,0.00018574,-1.3681963187698032,0,0,7812.299,8030.9980000000005,-218.69900000000052,0.49309805907192167,0.4956260828420758,-0.30283656109482154,-487.40200000000004,353.9500000000018,283148,1,0,0,0
2024-05-18 08:00:00+00:00,66887.01,67400.01,66840.0,67190.82,3570.27427,8.012e-05,8.341999999999975e-05,0.00026971000000000005,0.7581333961765099,0,0,9811.4,9817.457,-6.0570000000006985,0.4998457118516885,0.4976464402751568,0.12853087727716206,-256.4410000000007,-261.20580000000007,351710,0,1,0,0
2024-05-18 12:00:00+00:00,67190.81,67227.97,66600.0,66823.63,3512.39354,8.012e-05,8.341999999999975e-05,0.00026971000000000005,0.7581333961765099,0,0,12503.797,15263.948999999999,-2760.151999999998,0.45029931489577874,0.4955026630616516,-2.433819519561283,-2984.9079999999994,-650.7221999999998,447429,1,0,0,0
2024-05-18 16:00:00+00:00,66823.63,66992.53,66722.0,66912.62,1415.23897,-7.92e-06,7.847999999999975e-05,0.00023806,-1.6455175672448863,0,0,5500.173,5085.191,414.98199999999997,0.5196016877643509,0.4969164006582659,1.2138258710699104,-2351.226999999999,-520.3221999999998,206609,1,0,0,0
2024-05-18 20:00:00+00:00,66912.62,67039.92,66810.0,66915.2,1380.44951,-7.92e-06,7.847999999999975e-05,0.00023806,-1.6455175672448863,0,0,4196.089,3922.26,273.8289999999997,0.5168648206673548,0.49672499908051754,1.0049176050564483,-2071.3409999999985,-459.21939999999995,174220,1,0,0,0
2024-05-19 00:00:00+00:00,66915.2,67294.35,66837.39,67170.21,1968.76906,3.339e-05,0.00010558999999999975,0.00025042,-0.4597848324622251,0,0,6781.113,5690.282,1090.8310000000001,0.5437333193279501,0.5022860127168787,2.1150966357607035,1779.6419999999998,-197.31339999999983,243017,1,0,0,0
2024-05-19 04:00:00+00:00,67170.2,67329.45,66930.4,67324.44,1770.85016,3.339e-05,0.00010558999999999975,0.00025042,-0.4597848324622251,0,0,6731.78,6918.637,-186.85699999999997,0.4931556303371538,0.4996054075960556,-0.305730360141198,1177.8029999999999,-233.47339999999969,259803,0,1,0,0
2024-05-19 08:00:00+00:00,67324.44,67700.0,66950.0,67330.0,4156.529,5.21e-05,7.756999999999976e-05,0.00025104,0.04749366997210595,0,0,20839.177,20726.052,113.125,0.5013608129044591,0.5006995793810299,0.08157276699224619,1017.0990000000002,341.18199999999996,573165,1,0,0,0
2024-05-19 12:00:00+00:00,67330.01,67330.01,66677.0,66889.88,3575.96349,5.21e-05,7.756999999999976e-05,0.00025104,0.04749366997210595,0,0,14001.171,15634.011,-1632.8400000000001,0.472450987478329,0.4989353327438425,-1.2590500120909422,-1706.5720000000001,-68.38240000000005,455816,1,0,0,0
2024-05-19 16:00:00+00:00,66889.88,66990.0,65857.25,66034.01,4551.01267,4.779e-05,0.00013327999999999975,0.0002634,-0.05099906468587042,0,0,16734.825,19741.806,-3006.9809999999998,0.45878208982622326,0.49491924341252097,-1.7304436796450573,-4526.696,-724.5444,513623,1,0,0,0
2024-05-19 20:00:00+00:00,66034.01,66463.0,66000.0,66274.01,2002.17971,4.779e-05,0.00013327999999999975,0.0002634,-0.05099906468587042,0,0,7714.717,6656.7789999999995,1057.938,0.5368068153795541,0.49929011904328424,1.6378631844278462,-3581.883,-731.1229999999999,272055,1,0,0,0
2024-05-20 00:00:00+00:00,66274.0,66768.87,66060.31,66675.22,2810.74639,5.607e-05,0.00015595999999999975,0.00027299999999999997,0.14364454990409278,0,0,11635.573,10470.485,1165.0879999999997,0.52635223340136,0.5019407711982514,1.1098923215249696,-783.9549999999999,-460.73400000000004,394737,1,0,0,0
2024-05-20 04:00:00+00:00,66675.21,67295.99,66279.64,66825.14,4518.75286,5.607e-05,0.00015595999999999975,0.00027299999999999997,0.14364454990409278,0,0,20448.545,21108.953,-660.4080000000031,0.4920542858475262,0.5061162682934262,-0.39574974719244904,1562.6179999999968,-615.4406000000006,599609,0,1,0,0
2024-05-20 08:00:00+00:00,66825.15,67349.0,66750.0,66994.2,3926.45606,2.479e-05,0.00012864999999999977,0.00028963999999999997,-0.7237705888741773,0,0,13897.333,14863.815,-966.482,0.48319813242503395,0.5024759127594944,-0.7494532787466347,-461.8020000000033,-482.1690000000006,442460,0,1,0,0
2024-05-20 12:00:00+00:00,66994.2,67487.0,66753.42,67419.99,5810.8034,2.479e-05,0.00012864999999999977,0.00028963999999999997,-0.7237705888741773,0,0,20787.564,19822.831,964.7330000000002,0.5118779071220558,0.5019772214049645,0.5269465644179824,-662.1570000000029,312.1737999999994,584478,1,0,0,0
2024-05-20 16:00:00+00:00,67420.0,70000.0,67374.42,69999.99,16377.91082,2.479e-05,0.00012864999999999977,0.00028963999999999997,-0.7237705888741773,0,0,70913.364,58780.545,12132.819000000003,0.5467748219386309,0.5022813716660326,2.0318047166804436,12131.070000000003,2527.15,1525517,1,0,0,0
2024-05-20 20:00:00+00:00,70000.0,71515.56,68905.67,71446.62,17372.03157,2.552e-05,0.00010637999999999976,0.00031814,-0.6557214050158192,0,0,53681.582,49617.488000000005,4064.0939999999973,0.5196714936542991,0.5049329579977472,0.8465924263443255,17161.646,3106.9511999999995,1347980,1,0,0,0
2024-05-21 00:00:00+00:00,71446.62,71979.0,70706.0,71284.0,13088.39015,0.0001,0.00015030999999999977,0.00041186,1.4594974489272452,0,0,31000.278,32388.935000000005,-1388.6570000000065,0.4890465827364034,0.5037015349809415,-0.4858478830845494,14808.255999999994,2961.301399999999,854780,1,0,0,0
2024-05-21 04:00:00+00:00,71283.99,71394.2,70826.92,70878.29,6601.84071,0.0001,0.00015030999999999977,0.00041186,1.4594974489272452,0,0,12586.227,13107.264000000001,-521.0370000000003,0.4898605253758627,0.505442488770695,-0.44592112920870924,2154.3999999999905,3050.390399999999,396809,1,0,0,0
2024-05-21 08:00:00+00:00,70878.3,71474.92,70839.63,71130.0,7293.08407,0.0001,0.00015030999999999977,0.00041186,1.4594974489272452,0,0,15504.688,14538.084,966.6039999999994,0.5160871307081784,0.5111729928588905,0.6723260388408738,-943.0900000000074,3050.7645999999986,450526,1,0,0,0
2024-05-21 12:00:00+00:00,71130.0,71455.09,69685.01,69826.99,11191.26336,0.00010517,0.00023068999999999976,0.00043691,1.483292512849289,0,0,35054.145,40163.69400000001,-5109.549000000014,0.4660349920449056,0.5040958105254256,-1.4027277508867582,-4663.9820000000145,-397.7090000000047,933496,1,0,0,0
2024-05-21 16:00:00+00:00,69827.0,70263.03,69162.94,69285.99,7682.81292,0.0001,0.0003051699999999998,0.00054483,1.2598413616405715,0,0,22604.269,23614.042,-1009.773000000001,0.4890760503991589,0.5003681922252055,-0.45898236473328813,-5152.718000000015,-1412.4824000000044,702722,1,0,0,0
2024-05-21 20:00:00+00:00,69285.99,70377.77,69240.57,70148.34,3750.04239,0.0001,0.0003051699999999998,0.00054483,1.2598413616405715,0,0,11289.59,11823.111,-533.5210000000006,0.48845827235856165,0.500008590876309,-0.5192244419328241,-6652.843000000015,-1241.4552000000033,433109,0,1,0,0
2024-05-22 00:00:00+00:00,70148.34,70368.6,69822.76,69955.72,3712.34798,0.0001,0.0003051699999999998,0.00061144,1.175031731991837,0,0,9584.319,10006.017,-421.6980000000003,0.48923709118618486,0.5006124867524242,-0.4611301035536929,-1964.992000000002,-1221.5874000000033,334463,1,0,0,0
2024-05-22 04:00:00+00:00,69955.72,70059.89,69165.0,69715.0,3561.58064,0.0001,0.0003051699999999998,0.00061144,1.175031731991837,0,0,15050.975,14913.83,137.14500000000044,0.5022884347153269,0.4996535395117513,0.12290452981208191,-818.0740000000005,-1387.479200000003,451112,0,1,0,0
2024-05-22 08:00:00+00:00,69715.0,70275.14,69636.01,69736.13,3338.95553,0.00015759,0.00035758999999999975,0.00071693,2.3255757005026996,0,0,10756.226,10957.205,-200.97899999999936,0.49537201191281105,0.4945132585091693,-0.18794105532507882,-485.53199999999924,-405.76520000000016,360837,0,1,1,0
2024-05-22 12:00:00+00:00,69736.14,70591.0,69435.3,70455.9,6115.43217,0.00015759,0.00035758999999999975,0.00071693,2.3255757005026996,0,0,27811.514,25074.699000000004,2736.814999999995,0.5258745601618326,0.49513356515992263,1.1200805344116962,2672.980999999996,343.552399999999,715558,1,0,1,0
2024-05-22 16:00:00+00:00,70455.89,70666.0,69228.64,69637.47,6273.89945,0.0001,0.00035758999999999975,0.0007691400000000001,0.9629115058590385,0,0,19737.592,21883.855,-2146.262999999999,0.47421686228256316,0.4936505931145386,-1.0644783359809376,389.5729999999967,21.00399999999936,585702,1,0,0,0
2024-05-22 20:00:00+00:00,69637.48,69976.0,68842.19,69166.62,4670.96449,0.0001,0.00035758999999999975,0.0007691400000000001,0.9629115058590385,0,0,13840.593,14543.668999999998,-703.0759999999973,0.4876150382208282,0.49342604439903515,-0.49274246570069175,-112.52400000000125,-35.271600000000035,443684,1,0,0,0
2024-05-23 00:00:00+00:00,69166.62,69626.87,69166.61,69446.14,2519.07727,0.0001,0.00035758999999999975,0.0008130699999999999,0.9629115058590385,0,0,7533.07,8616.649,-1083.5789999999997,0.466452078825644,0.4884625392107817,-1.3007047096401922,-3932.917999999996,-279.41640000000007,280128,0,1,0,0
2024-05-23 04:00:00+00:00,69446.14,69862.44,69347.17,69734.04,2641.29925,0.0001,0.00035758999999999975,0.0008130699999999999,0.9629115058590385,0,0,8204.357,8290.260999999999,-85.90399999999863,0.49739599910710275,0.4915986399170015,-0.03823843894656692,-1872.5589999999956,-256.4013999999999,259251,0,1,0,0
2024-05-23 08:00:00+00:00,69734.05,70061.0,69520.02,69982.72,3721.08269,0.0001,0.00030000000000000003,0.00088828,0.9417541405701799,0,0,12256.29,12070.647,185.64300000000003,0.5038155851679971,0.4930725933938852,0.21949101429970055,-983.8399999999983,-766.6357999999989,349933,1,0,0,0
2024-05-23 12:00:00+00:00,69982.72,70096.12,67610.95,68076.0,12779.86105,0.0001,0.00030000000000000003,0.00088828,0.9417541405701799,0,0,56493.861,57837.812,-1343.951000000001,0.4941225779141708,0.4936390239494462,-0.2558440368076905,-1244.2119999999995,-606.1733999999993,1206894,1,0,0,0
2024-05-23 16:00:00+00:00,68075.99,68167.97,66764.7,67199.98,6871.2151,0.0001,0.00030000000000000003,0.00096276,0.9297853511517267,0,0,26367.992,28366.548000000003,-1998.5560000000041,0.48174319177616176,0.4928896340084439,-0.7489896238161045,-3156.864000000005,-865.2694000000007,743046,1,0,0,0
2024-05-23 20:00:00+00:00,67199.98,68365.81,66312.16,67969.65,11980.63838,0.0001,0.00030000000000000003,0.00096276,0.9297853511517267,0,0,36807.778,37248.356999999996,-440.5789999999979,0.497025371361873,0.4923633276730984,-0.04357245601603265,-3783.086000000003,-736.6694000000003,956805,0,1,0,0
2024-05-24 00:00:00+00:00,67969.66,68017.56,67628.01,67891.83,3527.41135,0.0001,0.00030000000000000003,0.00096276,0.9278322505949833,0,0,8592.149,9636.953,-1044.804,0.47134241719641484,0.4899603682014589,-1.1496538261695186,-3483.939000000002,-928.4494000000007,294301,1,0,0,0
2024-05-24 04:00:00+00:00,67891.83,67922.79,66816.21,67155.93,5910.48089,0.0001,0.00030000000000000003,0.00096276,0.9278322505949833,0,0,17449.954,19274.652,-1824.6979999999967,0.4751570105340273,0.4848886132386784,-0.9260289220800368,-3310.0809999999947,-1330.5176,483056,1,0,0,0
2024-05-24 08:00:00+00:00,67155.93,67523.78,66600.12,67349.99,3483.32864,0.0001,0.00030000000000000003,0.00095759,0.9278322505949833,0,0,13122.491,12832.422,290.0689999999995,0.5055879401329528,0.4880257210237172,0.48730384781509356,-2579.4329999999973,-1003.7135999999998,359207,1,0,0,0
2024-05-24 12:00:00+00:00,67350.0,68420.0,66921.97,68326.46,7204.20269,0.0001,0.00030000000000000003,0.00095759,0.9278322505949833,0,0,24577.678,23383.597999999998,1194.0800000000017,0.5124483760607204,0.4905090548077064,0.7523154368459286,-340.54899999999543,-365.1863999999987,610597,1,0,0,0
2024-05-24 16:00:00+00:00,68326.46,69250.0,67924.39,69115.98,6124.27945,0.0001,0.00030000000000000003,0.00095759,0.8744006413021874,0,0,21490.035,21200.115999999998,289.9190000000017,0.5033956192846448,0.49420340885360653,0.2717450003948247,1774.068000000003,-219.08679999999876,556672,1,0,0,0
2024-05-24 20:00:00+00:00,69115.98,69214.0,68524.94,68549.99,1846.13362,0.0001,0.00030000000000000003,0.00095759,0.8744006413021874,0,0,6786.631,8334.402999999998,-1547.7719999999981,0.44882056346146704,0.48934586528904295,-2.24234679596809,-63.77299999999468,-319.6803999999984,240222,1,0,0,0
2024-05-25 00:00:00+00:00,68549.99,68910.0,68500.0,68757.85,1641.62583,0.0001,0.00030000000000000003,0.00095759,0.8744006413021874,0,0,6858.921,6162.137999999999,696.7830000000013,0.5267560034863524,0.49163990712087857,1.5386391053111843,-561.0699999999952,184.61580000000123,186293,1,0,0,0
2024-05-25 04:00:00+00:00,68757.84,68831.88,68615.56,68753.92,1418.86107,0.0001,0.00030000000000000003,0.00095759,0.8744006413021874,0,0,4526.392,3599.8870000000006,926.5049999999992,0.5570067185731624,0.49792832118677766,2.544595383069609,75.51600000000235,311.90300000000116,142150,0,1,0,0
2024-05-25 08:00:00+00:00,68753.93,69610.0,68749.2,69104.67,3074.05389,0.0001,0.00030000000000000003,0.0009000000000000001,0.8194535352093438,0,0,13442.98,11983.241000000002,1459.7389999999978,0.5287053864591202,0.5026245406550734,1.2480451243887514,3083.026999999998,365.03480000000036,334532,1,0,0,0
2024-05-25 12:00:00+00:00,69104.68,69299.99,68847.65,68930.4,3361.6813,0.0001,0.00030000000000000003,0.0009000000000000001,0.8194535352093438,0,0,10126.772,11221.881999999998,-1095.109999999997,0.4743517788053524,0.5003571813994215,-0.9508419132172138,1291.134,88.02900000000064,294414,1,0,0,0
2024-05-25 16:00:00+00:00,68930.39,69266.66,68849.5,69155.32,1460.29445,0.0001,0.00030000000000000003,0.0009000000000000001,0.7646616540735709,0,0,5384.837,4673.330999999999,711.5060000000012,0.5353695623298399,0.5067598959127639,1.6238216205317686,1076.135000000002,539.8846000000005,170629,1,0,0,0
2024-05-25 20:00:00+00:00,69155.32,69356.6,69050.01,69290.57,1173.87764,0.0001,0.00030000000000000003,0.0009000000000000001,0.7646616540735709,0,0,3567.776,3565.4480000000003,2.32799999999952,0.5001631800711711,0.5092605128664783,0.1609995501470601,-381.2759999999962,400.99360000000013,138838,1,0,0,0
2024-05-26 00:00:00+00:00,69290.56,69319.31,68808.37,69073.62,1604.1616,0.0001,0.00030000000000000003,0.0009000000000000001,0.7115619179683279,0,0,4739.165,5505.092,-765.9269999999997,0.46261676176222444,0.5049633950294056,-1.373147129733562,-52.09299999999894,62.507200000000374,181973,1,0,0,0
2024-05-26 04:00:00+00:00,69073.62,69435.36,68928.22,69340.15,1384.96206,0.0001,0.00030000000000000003,0.0009000000000000001,0.7115619179683279,0,0,5413.508,4400.119000000001,1013.3889999999992,0.5516317259663527,0.5088817300199688,2.0747571835726535,249.78999999999905,-26.762799999999334,165905,1,0,0,0
2024-05-26 08:00:00+00:00,69340.16,69562.23,68974.55,69134.91,2431.33857,0.0001,0.00030000000000000003,0.0009000000000000001,0.669539665613512,0,0,7459.176,8450.078999999998,-990.9029999999975,0.46885765549675334,0.5054279336411797,-1.0328199401634486,-743.440999999998,-5.921399999999449,232734,1,0,0,0
2024-05-26 12:00:00+00:00,69134.91,69399.0,68668.6,68847.99,2691.07965,0.0001,0.00030000000000000003,0.0009000000000000001,0.669539665613512,0,0,10233.976,11708.149,-1474.1729999999989,0.4664076975224597,0.5071866470472789,-1.1270345909201753,-1451.6869999999972,-443.05719999999945,299255,1,0,0,0
2024-05-26 16:00:00+00:00,68847.98,68973.15,68692.11,68903.54,1856.42507,0.0001,0.00030000000000000003,0.0009000000000000001,0.6221390745009575,0,0,5593.281,5593.62,-0.3389999999999418,0.4999848483507631,0.50450953153372,0.13617531652271628,-2465.4149999999963,-443.59059999999937,200235,0,1,0,0
2024-05-26 20:00:00+00:00,68903.53,68911.56,68128.01,68507.67,1904.15102,0.0001,0.00030000000000000003,0.0009000000000000001,0.6221390745009575,0,0,6789.479,8184.179999999999,-1394.700999999999,0.4534281834520207,0.4941516780216058,-1.5264453538196847,-2869.212999999998,-569.3453999999992,234158,1,0,0,0
2024-05-27 00:00:00+00:00,68507.67,69298.0,68481.31,68873.43,3075.08732,0.0001,0.00030000000000000003,0.0009000000000000001,0.580060750616628,0,0,10058.341,9269.319,789.0220000000008,0.5204117311666285,0.49332231249235664,0.8698141302626606,-606.0179999999982,-614.218799999999,294001,1,0,0,0
2024-05-27 04:00:00+00:00,68873.43,68901.74,68321.95,68643.36,2593.08429,0.0001,0.00030000000000000003,0.0009000000000000001,0.580060750616628,0,0,9100.758,9941.766000000001,-841.0080000000016,0.47791763318770136,0.49367889793059144,-0.6285600929483729,-1446.687,-584.2397999999997,280317,1,0,0,0
2024-05-27 08:00:00+00:00,68643.36,68944.2,68250.0,68434.26,2936.86739,0.0001,0.00030000000000000003,0.0009000000000000001,0.5295582863198018,0,0,9978.83,9460.896999999999,517.9330000000009,0.513321509093209,0.49147409260692837,0.6139281921041575,465.9470000000001,-185.81859999999978,276633,0,1,0,0
2024-05-27 12:00:00+00:00,68434.26,70520.3,68384.0,70373.85,7055.83517,0.0001,0.00030000000000000003,0.0009000000000000001,0.5295582863198018,0,0,29499.711,25634.965,3864.745999999999,0.5350482335291133,0.49496259795272257,1.357517105389146,3541.6709999999985,587.1984,723501,1,0,0,0
2024-05-27 16:00:00+00:00,70373.86,70687.56,69069.0,69260.01,5008.7635,0.0001,0.00030000000000000003,0.0009000000000000001,0.4794149016503447,0,0,18836.356,20840.655,-2004.298999999999,0.4747423136284132,0.4961751531393414,-0.7600999208490152,2378.380000000001,465.27880000000005,534665,1,0,0,0
2024-05-27 20:00:00+00:00,69260.02,69887.9,69177.01,69436.43,2467.2897,0.0001,0.00030000000000000003,0.0009000000000000001,0.4794149016503447,0,0,9202.396,8467.362000000001,735.0339999999997,0.5207992095873639,0.49309190150144266,0.8101002975049673,2595.4809999999998,454.48119999999983,280291,1,0,0,0
2024-05-28 00:00:00+00:00,69436.43,69591.81,67753.0,68050.3,6835.12436,0.0001,0.00030000000000000003,0.0009000000000000001,0.4272236920237028,0,0,23687.433,30857.168999999998,-7169.735999999997,0.43427639274001856,0.48963377522576906,-2.0367402088216484,-8439.000999999997,-811.2643999999993,745073,1,0,0,0
2024-05-28 04:00:00+00:00,68050.3,68134.0,67486.65,67694.0,4924.25467,0.0001,0.00030000000000000003,0.0009000000000000001,0.4272236920237028,0,0,14679.631,15143.039999999999,-463.40899999999965,0.4922305919546911,0.49221606466899226,-0.1316775228115569,-6898.110999999997,-1007.5327999999994,443925,1,0,0,0
2024-05-28 08:00:00+00:00,67694.01,68902.71,67582.13,68389.87,5753.28941,0.0001,0.00030000000000000003,0.0009000000000000001,0.4062706539541874,0,0,20432.197,19858.999000000003,573.1979999999967,0.5071131916759184,0.49292889900150777,0.3519455787247782,-7059.947,-1665.8424,503134,1,0,0,0
2024-05-28 12:00:00+00:00,68389.87,68559.99,67529.62,68374.08,7315.8352,0.0001,0.00030000000000000003,0.0009000000000000001,0.4062706539541874,0,0,23109.762,23872.535,-762.773000000001,0.4918823360211613,0.4967743142584219,-0.1440421038963905,-652.984000000004,-1417.5372000000002,675860,1,0,0,0
2024-05-28 16:00:00+00:00,68374.08,68598.33,67277.91,68424.29,5785.87242,0.0001,0.00030000000000000003,0.0009000000000000001,0.35235656745307664,0,0,21052.127,20535.337,516.7900000000009,0.5062132906204619,0.4953544702038052,0.2988946524426924,327.2149999999965,-1461.1860000000001,574272,1,0,0,0
2024-05-28 20:00:00+00:00,68424.28,68661.28,68124.04,68398.39,2008.59436,0.0001,0.00030000000000000003,0.0009000000000000001,0.35235656745307664,0,0,6699.83,7910.379999999999,-1210.5499999999993,0.4585717795979661,0.4934198848448316,-1.1903928069570815,-1456.5329999999994,-269.3488000000005,253052,1,0,0,0
2024-05-29 00:00:00+00:00,68398.4,68923.0,68266.04,68829.42,2939.72633,0.0001,0.00030000000000000003,0.0009000000000000001,0.35235656745307664,0,0,9606.528,8961.373999999998,645.1540000000023,0.5173728297359605,0.49382501690910685,0.6421483294987838,-48.60599999999613,-47.6362000000001,295948,1,0,0,0
2024-05-29 04:00:00+00:00,68829.41,68935.68,67936.35,67946.9,3436.4985,0.0001,0.00030000000000000003,0.0009000000000000001,0.29524913355394,0,0,9705.457,12027.478000000001,-2322.0210000000006,0.4465782923475361,0.48497802279094915,-1.5427416314145124,-2887.4169999999976,-626.6799999999996,319004,1,0,0,0
2024-05-29 08:00:00+00:00,67946.89,68033.33,67602.34,67763.59,3936.67261,0.0001,0.00030000000000000003,0.0009000000000000001,0.24435723888968067,0,0,13018.727,12740.205,278.52200000000084,0.5054063188644623,0.4880444233145541,0.2790718125589178,-1398.3449999999975,-418.4209999999992,419111,0,1,0,0
2024-05-29 12:00:00+00:00,67763.59,68280.0,67262.34,67379.13,7094.29394,0.0001,0.00030000000000000003,0.0009000000000000001,0.24435723888968067,0,0,24865.786,26210.383,-1344.5970000000016,0.4868373350397521,0.48464823585979283,-0.27035497189318114,-3388.0960000000014,-790.6983999999997,704242,1,0,0,0
2024-05-29 16:00:00+00:00,67379.13,67742.0,67124.65,67266.78,3771.18556,0.00012558,0.0003255799999999998,0.0009255800000000001,1.2099564089906802,0,0,13401.911,13136.968,264.9429999999993,0.5049916011900879,0.4917197567047998,0.29179471279249525,-801.1320000000014,-495.59979999999996,420379,0,1,0,0
2024-05-29 20:00:00+00:00,67266.78,67826.09,67151.35,67652.42,1981.45455,0.00012558,0.0003255799999999998,0.0009255800000000001,1.2099564089906802,0,0,7271.181,7290.601,-19.420000000000073,0.49933318600704224,0.4924300161100349,0.06636564198422576,-1099.0740000000023,-628.5146000000004,249367,0,1,0,0
2024-05-30 00:00:00+00:00,67652.41,68199.97,67471.67,68118.2,2683.70027,0.0001,0.0003255799999999998,0.0009255800000000001,0.089690604499326,0,0,9140.604,8923.744999999999,216.85900000000038,0.5060024028543736,0.4923189372278804,0.30852519774628845,462.3819999999996,-120.73860000000022,278596,1,0,0,0
2024-05-30 04:00:00+00:00,68118.2,68422.89,67508.42,67584.56,4433.93438,0.0001,0.0003255799999999998,0.0009255800000000001,0.089690604499326,0,0,13934.84,16043.861,-2109.0210000000006,0.4648246766929628,0.48961317129506055,-0.9953766222797643,-1911.5820000000003,-598.2472000000005,431097,1,0,0,0
2024-05-30 08:00:00+00:00,67584.57,68100.0,67128.0,67817.01,4585.8536,0.0001,0.0003255799999999998,0.0009255800000000001,-0.025474027675562984,0,0,17557.434,16421.171000000002,1136.262999999999,0.5167202714767131,0.4906638693806856,0.8313122592537318,-755.8990000000013,-102.07520000000041,454734,1,0,0,0
2024-05-30 12:00:00+00:00,67817.01,68826.31,67755.0,68530.76,7062.79888,0.0001,0.0003255799999999998,0.0009255800000000001,-0.025474027675562984,0,0,24465.272,22809.950999999997,1655.3210000000036,0.5175072786013089,0.49655741928102,0.805259498721351,682.5630000000019,176.00040000000044,645011,1,0,0,0
2024-05-30 16:00:00+00:00,68530.77,69500.0,68384.0,68653.02,7037.66907,0.0001,0.00030000000000000003,0.0009255800000000001,-0.2593810829475964,0,0,23143.763,22193.216,950.5469999999987,0.5104831312205429,0.49586844942947816,0.6066892138048594,3742.131000000001,369.9938000000002,591657,1,0,0,0
2024-05-30 20:00:00+00:00,68653.02,68657.41,68050.01,68352.17,2674.2622,0.0001,0.00030000000000000003,0.0009255800000000001,-0.2593810829475964,0,0,10115.482,9824.560000000001,290.92199999999866,0.5072949194389861,0.5019401121386232,0.48114899721134713,2896.790000000001,384.8063999999998,296694,0,1,0,0
2024-05-31 00:00:00+00:00,68352.17,68729.73,68274.0,68535.81,2131.97288,0.00014599,0.0003459899999999998,0.0009715699999999999,3.0112527340363773,0,0,7858.845,8149.424,-290.5789999999997,0.4909240967902276,0.5004918899311996,-0.14693446824666798,950.8899999999976,748.4948,239710,0,1,1,0
2024-05-31 04:00:00+00:00,68535.81,68654.33,68075.99,68174.99,2754.48155,0.00014599,0.0003459899999999998,0.0009715699999999999,3.0112527340363773,0,0,7109.088,7984.261,-875.1730000000007,0.471007991665733,0.49890895559379783,-0.8417278228609225,-874.8300000000017,346.20760000000007,252037,1,0,1,0
2024-05-31 08:00:00+00:00,68175.0,68461.0,67876.0,68349.73,3296.46239,0.00012268,0.00036866999999999976,0.0009942500000000001,1.2424077712052692,0,0,11847.338,11436.803,410.53499999999985,0.5088157643436363,0.4992913719091526,0.611333835649861,-755.2170000000006,97.25039999999936,365993,1,0,0,0
2024-05-31 12:00:00+00:00,68349.73,69044.1,67200.0,67215.58,9839.14106,0.00012268,0.00036866999999999976,0.0009942500000000001,1.2424077712052692,0,0,36142.838,38767.811,-2624.972999999998,0.4824793067805353,0.49760598398650197,-0.47288283677644405,-3089.610999999999,-617.8536,930878,1,0,0,0
2024-05-31 16:00:00+00:00,67215.58,67999.0,66670.0,67681.0,6363.51811,0.0001,0.00036866999999999976,0.0009942500000000001,-0.35690781742812183,0,0,25211.922,25490.796000000002,-278.87400000000343,0.49724991074442987,0.49673073477550755,0.13281760388279576,-2493.3120000000017,-731.8128000000004,608551,0,1,0,0
2024-05-31 20:00:00+00:00,67681.0,67798.0,67239.19,67540.01,2304.74585,0.0001,0.00036866999999999976,0.0009942500000000001,-0.35690781742812183,0,0,7269.91,8482.716,-1212.8060000000005,0.4615046405596121,0.49639873116217254,-1.3590710278563976,-4116.653000000002,-916.2582000000006,236161,1,0,0,0
2024-06-01 00:00:00+00:00,67540.01,67757.14,67428.44,67715.31,1777.35139,0.0001,0.0003226799999999998,0.00099425,-0.3569078174281228,0,0,5224.351,5979.504,-755.1530000000002,0.46629941212198833,0.49135664522670003,-1.0852894964660613,-2246.833000000004,-892.2542000000005,172631,0,1,0,0
2024-06-01 04:00:00+00:00,67715.31,67810.0,67575.23,67632.08,1250.73388,0.0001,0.0003226799999999998,0.00099425,-0.3569078174281228,0,0,4171.748,3987.01,184.73799999999937,0.5113214535839891,0.49073806272496806,0.7340722761791781,-1783.2210000000014,-937.4136000000005,138631,0,1,0,0
2024-06-01 08:00:00+00:00,67632.07,67760.0,67611.61,67660.57,1293.15334,0.0001,0.00030000000000000003,0.0009942500000000001,-0.30951846450344883,0,0,3260.142,3184.071,76.07099999999991,0.5059022723178145,0.4902799768346952,0.5238979895898358,-494.34400000000096,-397.204800000001,115156,1,0,0,0
2024-06-01 12:00:00+00:00,67660.57,67872.5,67640.0,67691.28,1527.99394,0.0001,0.00030000000000000003,0.0009942500000000001,-0.30951846450344883,0,0,5316.028,4657.968999999999,658.0590000000011,0.5329887305961692,0.4928493579504135,1.6633474795242973,918.8680000000004,-209.81820000000008,160261,1,0,0,0
2024-06-01 16:00:00+00:00,67691.28,67900.0,67556.72,67753.76,1933.67458,0.0001,0.00030000000000000003,0.0009942500000000001,-0.30951846450344883,0,0,4412.373,4917.48,-505.10699999999997,0.4729306024435755,0.49105000851574837,-0.846556367219267,229.02300000000105,-68.27839999999996,158891,0,1,0,0
2024-06-01 20:00:00+00:00,67753.76,67885.0,67700.0,67766.85,1054.7542,0.0001025,0.0003024999999999998,0.00097117,-0.07154316923688948,0,0,2607.741,3224.6409999999996,-616.8999999999996,0.4471142322296448,0.48866063257213954,-1.7609447945203471,-463.9479999999985,-40.627799999999844,105898,0,1,0,0
2024-06-02 00:00:00+00:00,67766.84,67910.55,67643.33,67789.47,1287.2317,0.0001,0.0003024999999999998,0.0009711699999999999,-0.3182437528123684,0,0,3512.488,3712.886,-200.39800000000014,0.48613234415270407,0.4863922905530463,-0.28292277886666195,-1322.4049999999997,-117.65499999999975,132264,0,1,0,0
2024-06-02 04:00:00+00:00,67789.48,67867.6,67720.41,67721.0,1056.53192,0.0001,0.0003024999999999998,0.0009711699999999999,-0.3182437528123684,0,0,2238.122,2723.18,-485.058,0.45111585628127454,0.4832559455031202,-1.6918497357460367,-1302.3559999999998,-229.88079999999974,103205,1,0,0,0
2024-06-02 08:00:00+00:00,67721.01,68320.08,67367.2,68251.52,2959.02252,0.0001,0.0003024999999999998,0.00097117,-0.3182437528123684,0,0,13006.373,9999.027000000002,3007.3459999999977,0.5653617411564241,0.4900671285443196,2.666041370399544,2321.8899999999976,239.9765999999996,309913,1,0,0,0
2024-06-02 12:00:00+00:00,68251.53,68460.0,67800.0,68142.17,4215.16637,0.0001,0.0003024999999999998,0.00097117,-0.3182437528123684,0,0,15753.528,14636.410999999998,1117.117000000002,0.5183797177085483,0.4957546362592133,0.8888147346470745,3639.4049999999997,564.4214,413436,0,1,0,0
2024-06-02 16:00:00+00:00,68142.18,68200.0,67257.47,67736.95,4668.17947,0.0001,0.00030000000000000003,0.00097117,-0.3182437528123684,0,0,12752.617,15197.463000000002,-2444.8460000000014,0.45626406078265247,0.49475110112527965,-1.2741348817755083,1679.6169999999984,198.83219999999966,372112,1,0,0,0
2024-06-02 20:00:00+00:00,67736.95,67984.01,67577.65,67765.63,1240.19331,0.0001,0.00030000000000000003,0.00097117,-0.3182437528123684,0,0,4318.808,4343.815,-25.006999999999607,0.4985566150114117,0.4934746172680219,0.18034518103757524,-1352.735999999999,233.91039999999975,164358,0,1,0,0
2024-06-03 00:00:00+00:00,67765.62,68793.97,67612.48,68382.81,3808.91033,0.0001,0.00030000000000000003,0.00092518,-0.3182437528123684,0,0,16576.792,15213.338,1363.4540000000015,0.5214446118968372,0.49502885122592416,1.0017551649248857,-1106.3989999999994,603.6128000000001,456339,1,0,0,0
2024-06-03 04:00:00+00:00,68382.8,69221.0,68285.29,68906.7,5525.34568,0.0001,0.00030000000000000003,0.00092518,-0.3182437528123684,0,0,18971.617,16618.285000000003,2353.331999999995,0.5330617937638602,0.49503615754269326,1.3457408763490424,3691.778999999997,472.8099999999995,433875,1,0,0,0
2024-06-03 08:00:00+00:00,68906.7,69333.0,68824.0,69080.0,3826.91777,0.00014135,0.0003413499999999998,0.0009438500000000001,2.9954599741210677,0,0,12087.174,11755.789999999999,331.38400000000183,0.5069493037862239,0.4984380276769581,0.37958747009048155,4048.1699999999983,315.66339999999946,333783,1,0,1,0
2024-06-03 12:00:00+00:00,69080.0,70288.0,68500.0,69615.28,10231.02887,0.00014135,0.0003413499999999998,0.0009438500000000001,2.9954599741210677,0,0,46080.693,43768.288,2312.404999999999,0.512868287287532,0.5050134331827468,0.5640384359201842,4997.120999999996,1267.1135999999995,1044750,1,0,1,0
2024-06-03 16:00:00+00:00,69615.27,69715.61,68800.0,69204.0,3716.39069,0.0001,0.0003413499999999998,0.0009438500000000001,-0.3752476618524304,0,0,14872.762,14911.157999999998,-38.395999999997,0.49935542400060173,0.5063357411675367,0.07420219218508135,2605.3930000000037,1264.4358,400837,1,0,0,0
2024-06-03 20:00:00+00:00,69204.0,69509.38,68730.51,68809.9,2524.78066,0.0001,0.0003413499999999998,0.0009438500000000001,-0.3752476618524304,0,0,8205.666,8615.367,-409.70100000000093,0.4878217645729605,0.5100063319967052,-0.33562263849148055,1864.308000000001,909.8047999999995,264533,1,0,0,0
2024-06-04 00:00:00+00:00,68809.89,69370.01,68629.9,69170.22,2195.99092,0.00012008,0.0003614299999999998,0.00096393,1.1796673539532143,0,0,8315.691,8390.956,-75.26499999999942,0.4977474534537062,0.5032449032264334,0.039263955233918325,-523.3619999999974,424.0854000000007,268402,0,1,0,0
2024-06-04 04:00:00+00:00,69170.22,69268.27,68745.68,69013.63,2550.75405,0.00012008,0.0003614299999999998,0.00096393,1.1796673539532143,0,0,9016.652,9620.882,-604.2299999999996,0.48378996920944584,0.4997859283765232,-0.5081737217892072,-1089.196,236.96260000000038,247222,1,0,0,0
2024-06-04 08:00:00+00:00,69013.62,69191.99,68567.32,68955.85,3143.28299,0.0001,0.0003200799999999998,0.0009639300000000001,-0.4200616407372917,0,0,11568.684,12006.462000000001,-437.77800000000207,0.49071526428722856,0.5032310487269809,-0.2172495707530723,-1117.273000000001,-313.0739999999998,315785,1,0,0,0
2024-06-04 12:00:00+00:00,68955.84,70480.0,68843.73,70445.0,10001.68378,0.0001,0.0003200799999999998,0.0009639300000000001,-0.4200616407372917,0,0,40763.607,37791.944,2971.6630000000005,0.5189144049158283,0.5052668277174224,0.8486539755918816,1929.6549999999988,288.9377999999997,932002,1,0,0,0
2024-06-04 16:00:00+00:00,70445.0,71063.45,70092.5,70423.6,9252.35453,0.0001,0.0003200799999999998,0.00096143,-0.4200616407372917,0,0,31577.878,30778.346999999998,799.5310000000027,0.5064109958548646,0.5037634661132252,0.38145563514645847,3333.416000000001,530.7842000000004,747397,0,1,0,0
2024-06-04 20:00:00+00:00,70423.61,70736.0,70168.67,70537.84,2475.71862,0.0001,0.0003200799999999998,0.00096143,-0.4200616407372917,0,0,8519.203,7749.710000000001,769.4929999999986,0.5236491829540179,0.502822205032241,0.9996520431656589,4540.687000000002,699.7358,241411,1,0,0,0
2024-06-05 00:00:00+00:00,70537.83,71275.0,70423.51,70947.58,4747.42504,0.0001,0.00030000000000000003,0.0009614300000000001,-0.4200616407372917,0,0,16375.946,15929.543000000001,446.4029999999984,0.5069090890405652,0.502818183557675,0.3536025122613547,2015.4269999999997,909.8623999999996,438091,1,0,0,0
2024-06-05 04:00:00+00:00,70947.58,71379.21,70826.15,71200.0,4692.49958,0.0001,0.00030000000000000003,0.0009614300000000001,-0.4200616407372917,0,0,14309.782,14841.327000000001,-531.5450000000019,0.49088293690644835,0.5006196485195668,-0.2737287176468423,684.3509999999951,891.1089999999997,370260,0,1,0,0
2024-06-05 08:00:00+00:00,71199.99,71243.6,70694.61,70971.71,3455.32686,0.00016387,0.0003638699999999998,0.0010253,3.4345778130640015,0,0,10611.212,10825.163,-213.95100000000093,0.4950096273273816,0.5001850688522447,-0.09998399063357209,-299.0930000000044,253.98619999999937,312092,1,0,1,0
2024-06-05 12:00:00+00:00,70971.7,71731.35,70383.66,71580.0,7724.60004,0.00016387,0.0003638699999999998,0.0010253,3.4345778130640015,0,0,32719.791,32177.251999999997,542.5390000000043,0.5041799978467432,0.501820892179623,0.22250755224968194,-202.95699999999852,202.5877999999997,757642,1,0,1,0
2024-06-05 16:00:00+00:00,71580.01,71758.0,70871.2,71279.95,5604.75987,0.00013226,0.00039612999999999985,0.00105756,1.4001302038521057,0,0,19945.836,20701.657000000003,-755.8210000000036,0.49070273534458814,0.5011164203687112,-0.28409683608374536,-427.2330000000002,-102.47500000000073,536630,1,0,0,0
2024-06-05 20:00:00+00:00,71279.95,71357.68,70700.0,71108.0,2478.56943,0.00013226,0.00039612999999999985,0.00105756,1.4001302038521057,0,0,7387.621,8166.9039999999995,-779.2829999999994,0.4749499582918797,0.5002324192769545,-0.9216989131877525,-992.5649999999987,-347.6122000000003,234624,1,0,0,0
2024-06-06 00:00:00+00:00,71108.0,71237.02,70900.0,71050.0,1838.31631,0.0001,0.0003961299999999998,0.0010575600000000001,-0.4990498985853043,0,0,5471.082,5730.617,-259.53499999999985,0.4884153734179074,0.5000024301900223,-0.4365323933711305,-1794.6390000000029,-293.2101999999999,179054,1,0,0,0
2024-06-06 04:00:00+00:00,71050.0,71106.46,70800.0,71021.47,2441.77446,0.0001,0.0003961299999999998,0.0010575600000000001,-0.4990498985853043,0,0,8584.417,8167.424000000001,416.9929999999986,0.5124461842731195,0.49935560812575164,0.5228368576888142,-621.8250000000007,-167.0214,217349,0,1,0,0
2024-06-06 08:00:00+00:00,71021.46,71204.59,70862.5,71170.01,2311.02713,0.0001,0.0003961299999999998,0.0010575600000000001,-0.4990498985853043,0,0,7768.563,6168.5650000000005,1599.9979999999996,0.5574005634446351,0.5044545648847286,2.073758692910149,1757.4559999999983,44.47039999999906,213135,1,0,0,0
2024-06-06 12:00:00+00:00,71170.01,71700.0,71000.0,71300.0,6417.45132,0.00010438,0.0003366399999999998,0.00102059,-0.25062564447266267,0,0,25264.506,26137.779000000002,-873.273000000001,0.4915055040841083,0.5012401969977376,-0.3089081509625962,1143.7179999999971,20.979999999999563,632632,0,1,0,0
2024-06-06 16:00:00+00:00,71300.0,71379.93,70450.0,70479.49,5514.55376,0.0001177,0.0003220799999999998,0.0010382899999999999,0.501382966352321,0,0,17514.938,21833.292000000005,-4318.354000000007,0.44512645168537435,0.49506193326221853,-1.9199660582265003,-3591.629000000008,-686.8342000000018,483181,1,0,0,0
2024-06-06 20:00:00+00:00,70479.49,70958.89,70117.64,70799.06,3318.88151,0.0001177,0.0003220799999999998,0.0010382899999999999,0.501382966352321,0,0,12453.784,13388.597000000002,-934.8130000000019,0.48191317974918796,0.4941649575464925,-0.6824869356615356,-6126.44000000001,-821.8898000000023,316653,0,1,0,0
2024-06-07 00:00:00+00:00,70799.06,71015.2,70663.59,70989.68,1822.51982,0.0001,0.0003220799999999998,0.00101821,-0.5442725661604725,0,0,7036.168,6959.776,76.39199999999983,0.502729076366696,0.49493690245042393,0.0853658900049959,-5176.775000000009,-890.010000000002,180730,1,0,0,0
2024-06-07 04:00:00+00:00,70989.69,71449.98,70989.68,71110.0,4173.52745,0.0001,0.0003220799999999998,0.00101821,-0.5442725661604725,0,0,12234.507,12733.762,-499.255000000001,0.4900022104055351,0.49351912370630313,-0.47754505715925677,-1357.6760000000031,-1309.8606000000023,311195,0,1,0,0
2024-06-07 08:00:00+00:00,71110.01,71700.0,71048.12,71699.99,3176.10664,0.0001,0.00031769999999999986,0.00101821,-0.5442725661604725,0,0,11431.99,10689.635,742.3549999999996,0.5167789436806745,0.4961267445399117,0.7630952297053041,319.49199999999837,-986.7350000000021,297701,1,0,0,0
2024-06-07 12:00:00+00:00,71700.0,71997.02,70633.21,71111.54,9856.47926,0.0001,0.00031769999999999986,0.00101821,-0.5442725661604725,0,0,50633.711,50189.01899999999,444.69200000001,0.5022053162020113,0.4988522803309249,0.12004456676821498,687.7920000000086,-34.125799999998705,1119209,0,1,0,0
2024-06-07 16:00:00+00:00,71111.55,71208.89,68420.0,69255.0,13917.20632,0.00010166,0.0003016599999999998,0.00101987,-0.45023147935629526,0,0,55732.401,62787.46800000001,-7055.06700000001,0.4702367752363951,0.4970344205127737,-1.4442130175221763,-5868.02,-1258.1766000000002,1337250,1,0,0,0
2024-06-07 20:00:00+00:00,69255.01,69585.96,68978.52,69355.6,2652.61096,0.00010166,0.0003016599999999998,0.00101987,-0.45023147935629526,0,0,8940.791,10043.142000000002,-1102.3510000000024,0.4709662112692875,0.4928864232123905,-1.321386199658866,-7712.726000000002,-1493.9252000000008,266671,0,1,0,0
2024-06-08 00:00:00+00:00,69355.6,69525.0,69287.28,69432.0,1791.64307,0.0001,0.0003016599999999998,0.00101987,-0.5484638021249411,0,0,4751.066,6348.062000000001,-1596.996000000001,0.42805759155133627,0.47995212602306064,-2.769596120940055,-9754.414000000013,-1713.4734000000008,169059,0,1,0,0
2024-06-08 04:00:00+00:00,69432.0,69582.2,69232.15,69582.2,1721.33097,0.0001,0.0003016599999999998,0.00101987,-0.5484638021249411,0,0,6497.339,5500.592000000001,996.7469999999994,0.5415382868929651,0.4849554043039463,1.805321920676792,-1702.600000000004,-1662.5950000000007,177271,1,0,0,0
2024-06-08 08:00:00+00:00,69582.2,69582.2,69318.19,69365.93,1625.99373,0.0001,0.0003016599999999998,0.000956,-0.5484638021249402,0,0,4384.188,5634.548999999999,-1250.360999999999,0.43759887099541595,0.4842026462349504,-2.0794265662111893,-1850.6100000000006,-2001.6056000000026,164653,1,0,0,0
2024-06-08 12:00:00+00:00,69365.94,69491.36,69168.02,69430.01,2118.57239,0.0001,0.0003016599999999998,0.000956,-0.5484638021249402,0,0,8811.796,8272.737,539.0590000000011,0.5157762287093244,0.48758895113096407,0.7956857846385478,285.4450000000015,-482.7804000000004,223044,1,0,0,0
2024-06-08 16:00:00+00:00,69430.01,69490.0,69292.22,69460.01,1578.06404,0.0001,0.00030000000000000003,0.00092374,-0.5041928040302486,0,0,4113.548,4383.531,-269.9830000000002,0.484113187602469,0.4857273622545414,-0.3487099574243285,-981.284999999998,-316.30679999999995,125691,0,1,0,0
2024-06-08 20:00:00+00:00,69460.0,69475.18,69290.28,69310.46,938.22547,0.0001,0.00030000000000000003,0.00092374,-0.5041928040302486,0,0,3164.733,3877.7159999999994,-712.9829999999993,0.4493796121207268,0.48166510242606064,-1.5117958815345565,-443.90699999999833,-139.50419999999957,111378,1,0,0,0
2024-06-09 00:00:00+00:00,69310.46,69346.9,69130.24,69259.38,1184.61971,0.0001,0.00030000000000000003,0.00092374,-0.5041928040302478,0,0,4590.314,4728.9349999999995,-138.62099999999919,0.4925626517759103,0.4792434732355842,0.01410234251430283,-1121.5869999999986,-366.5777999999993,131151,1,0,0,0
2024-06-09 04:00:00+00:00,69259.38,69425.7,69234.73,69295.64,1031.53735,0.0001,0.00030000000000000003,0.00092374,-0.5041928040302478,0,0,3258.229,3074.226,184.0029999999997,0.5145285675144947,0.4804757983668326,0.7452696575594193,-667.6009999999987,-79.70499999999956,104664,1,0,0,0
2024-06-09 08:00:00+00:00,69295.64,69397.19,69283.45,69367.69,869.09305,0.0001,0.00030000000000000003,0.00091936,-0.5041928040302486,0,0,2514.365,2545.99,-31.625,0.4968752192286905,0.48313964276606214,0.12161499712605514,13.757000000000517,-193.84179999999978,77828,0,1,0,0
2024-06-09 12:00:00+00:00,69367.68,69777.0,69250.01,69508.64,3778.30362,0.0001,0.00030000000000000003,0.00091936,-0.5041928040302486,0,0,13965.19,13886.997000000001,78.1929999999993,0.5014037138268531,0.48618339302181857,0.30395418978739663,230.570999999999,-124.2065999999999,315255,1,0,0,0
2024-06-09 16:00:00+00:00,69508.64,69857.14,69500.0,69710.26,1982.06406,0.0001,0.00030000000000000003,0.00091936,-0.5041928040302486,0,0,6610.138,6022.459,587.6790000000001,0.5232604190571424,0.49570367577239927,1.0406973833685016,634.2469999999994,135.92579999999998,193358,1,0,0,0
2024-06-09 20:00:00+00:00,69710.26,69821.53,69590.33,69648.14,1044.9493,0.0001,0.00030000000000000003,0.0009016600000000001,-0.5041928040302478,0,0,3273.855,3553.4019999999996,-279.54699999999957,0.47952713659380336,0.4895025607424831,-0.4380621119663102,386.3249999999998,107.7405999999999,128425,1,0,0,0
2024-06-10 00:00:00+00:00,69648.15,69801.34,69426.0,69613.2,1986.09511,0.0001,0.00030000000000000003,0.00090166,-0.4539000137339874,0,0,5373.841,5909.084999999999,-535.2439999999988,0.4762807980837595,0.4933707534513174,-0.5169973488905424,-227.11199999999826,-36.10879999999979,161073,1,0,0,0
2024-06-10 04:00:00+00:00,69613.2,69677.5,69249.99,69303.99,2111.8604,0.0001,0.00030000000000000003,0.00090166,-0.4539000137339874,0,0,7601.74,9013.177000000001,-1411.4370000000017,0.4575250059931084,0.4875456311796958,-1.1162170976068044,-2226.228,-312.07120000000015,205035,1,0,0,0
2024-06-10 08:00:00+00:00,69304.0,69550.0,69172.29,69473.89,2217.29737,0.0001,0.00030000000000000003,0.0009016600000000001,-0.41085689571208167,0,0,9313.104,7906.422000000002,1406.681999999997,0.540845549407109,0.49321886736015985,1.6328319116141239,-539.9990000000034,-46.373400000000586,202551,1,0,0,0
2024-06-10 12:00:00+00:00,69473.89,70195.94,69201.59,70066.12,4204.58568,0.0001,0.00030000000000000003,0.0009016600000000001,-0.41085689571208167,0,0,20105.415,18796.582000000002,1308.8329999999987,0.5168221826761232,0.4999631244156994,0.8199765912041059,1304.077999999994,97.85739999999915,444944,1,0,0,0
2024-06-10 16:00:00+00:00,70066.12,70141.1,69386.81,69490.8,4296.16146,0.0001,0.00030000000000000003,0.0009016600000000001,-0.41085689571208167,0,0,13629.492,15203.445999999998,-1573.953999999998,0.47270562576730824,0.4979774218148393,-0.5974514225068395,1141.5609999999979,-161.0240000000005,386252,1,0,0,0
2024-06-10 20:00:00+00:00,69490.81,69700.51,69334.46,69540.0,2306.66939,0.0001,0.00030000000000000003,0.0009000000000000001,-0.41085689571208167,0,0,7437.255,7092.044999999999,345.21000000000095,0.5118797877392579,0.49771254383731567,0.6324577536484144,80.08900000000176,15.066799999999422,204679,1,0,0,0
2024-06-11 00:00:00+00:00,69540.0,69590.01,67900.0,68464.0,8068.669,0.0001,0.00030000000000000003,0.0009000000000000001,-0.41085689571208167,0,0,29171.617,33800.524000000005,-4628.9070000000065,0.46324639017752306,0.4943496609321989,-0.9019667853735214,-5857.6510000000035,-628.4272000000016,709224,1,0,0,0
2024-06-11 04:00:00+00:00,68464.0,68464.0,67325.0,67570.18,7797.79833,0.0001,0.00030000000000000003,0.0009000000000000001,-0.41085689571208167,0,0,26042.55,28354.876,-2312.326000000001,0.4787459980183621,0.4920838893513498,-0.37350655835047647,-6596.0230000000065,-1372.2288000000012,628986,1,0,0,0
2024-06-11 08:00:00+00:00,67570.18,67662.49,66732.0,66890.01,7282.49886,0.0001,0.00030000000000000003,0.0009000000000000001,-0.41085689571208167,0,0,27530.278,32720.0,-5189.722000000002,0.45693196635540834,0.48545104408117634,-1.036773761385533,-12130.955000000009,-2671.939800000001,678583,1,0,0,0
2024-06-11 12:00:00+00:00,66890.0,67278.88,66051.0,66244.48,9349.62363,0.0001,0.00030000000000000003,0.0009000000000000001,-0.41085689571208167,0,0,32456.71,37309.761000000006,-4853.051000000007,0.4652193171702779,0.48402026213882376,-0.7148780191217775,-12355.09900000001,-3327.759200000003,807427,1,0,0,0
2024-06-11 16:00:00+00:00,66244.48,67586.64,66161.26,67407.01,6551.1506,0.0001,0.00030000000000000003,0.0009000000000000001,-0.4045109999443137,0,0,23800.617,23443.689,356.9279999999999,0.503777471088262,0.48676992943927405,0.5514663760753603,-9685.845000000008,-3325.415600000003,559484,1,0,0,0
2024-06-11 20:00:00+00:00,67407.02,67588.22,67173.92,67314.24,2386.27546,0.0001,0.00030000000000000003,0.0009000000000000001,-0.4045109999443137,0,0,8312.776,9041.544,-728.768,0.47900326835047413,0.48891775567501056,-0.31707269644191144,-5224.891000000007,-2545.387800000002,217341,1,0,0,0
2024-06-12 00:00:00+00:00,67314.23,67596.15,66905.0,67407.0,2922.2534,0.0001,0.00030000000000000003,0.0009000000000000001,-0.4045109999443146,0,0,10532.987,10932.294,-399.3070000000007,0.4906987707265514,0.48390307780695474,0.10891931291590443,-771.1470000000008,-2162.784000000002,326312,0,1,0,0
2024-06-12 04:00:00+00:00,67407.01,67624.89,67195.97,67453.63,2712.51803,0.0001,0.00030000000000000003,0.0009000000000000001,-0.4045109999443146,0,0,7212.944,8651.874,-1438.9299999999994,0.45465028341327335,0.47768588788066985,-1.0989493765356866,-2567.005,-1412.6256000000014,206683,0,1,0,0
2024-06-12 08:00:00+00:00,67453.64,68059.01,67353.02,67778.43,3358.7204,0.0001,0.00030000000000000003,0.0009000000000000001,-0.4045109999443146,0,0,14948.821,12604.562999999998,2344.2580000000016,0.5425402919655895,0.484669354500498,1.8285787091598376,506.02100000000155,26.836200000000282,293797,1,0,0,0
2024-06-12 12:00:00+00:00,67778.43,69999.0,67736.0,69734.0,12403.63584,0.0001,0.00030000000000000003,0.0009000000000000001,-0.4045109999443146,0,0,57078.342,52482.02,4596.322,0.5209762085305998,0.4855789965796321,1.0759446594769253,5501.650000000002,874.7150000000004,1105551,1,0,0,0
2024-06-12 16:00:00+00:00,69734.0,69862.4,67250.0,67532.92,11888.022,0.0001,0.00030000000000000003,0.0009000000000000001,-0.4045109999443146,0,0,58953.145,64059.07,-5105.925000000003,0.47924626834822864,0.48717898439670265,-0.293487809061092,1834.6549999999988,-0.7164000000002488,1245202,1,0,0,0
2024-06-12 20:00:00+00:00,67532.92,68667.44,67413.51,68263.99,3890.17389,0.0001,0.00030000000000000003,0.0009000000000000001,-0.4045109999443146,0,0,16572.316,15890.084000000003,682.2319999999963,0.5105080339100004,0.4903551879858665,0.6836796981943145,172.62899999999354,215.59139999999917,364647,1,0,0,0
2024-06-13 00:00:00+00:00,68263.98,68393.63,66969.98,67474.94,5168.64979,0.0001,0.00030000000000000003,0.0009000000000000001,-0.4045109999443146,0,0,18422.785,20054.077,-1631.2920000000013,0.47880164967714883,0.49254215631804055,-0.43644427599298885,-6054.985000000008,177.11899999999878,476574,1,0,0,0
2024-06-13 04:00:00+00:00,67474.95,67729.41,67300.3,67724.81,2963.75859,0.0001,0.00030000000000000003,0.0009000000000000001,-0.4045109999443146,0,0,10461.293,10311.555999999999,149.737000000001,0.5036041517463493,0.4963806397756477,0.5055482493610586,-799.323000000004,-261.78520000000134,278740,1,0,0,0
2024-06-13 08:00:00+00:00,67724.8,67971.2,67168.0,67739.99,3762.21969,0.0001,0.00030000000000000003,0.0009000000000000001,-0.4045109999443146,0,0,16587.146,15759.167999999998,827.9780000000028,0.5127986453108692,0.49728275719790843,0.8005943789842274,-653.5769999999975,-1015.4540000000009,367044,1,0,0,0
2024-06-13 12:00:00+00:00,67740.0,68449.3,66368.76,66470.01,10171.91317,0.0001,0.00030000000000000003,0.0009000000000000001,-0.3481847533357192,0,0,49840.642,54246.549999999996,-4405.907999999996,0.4788354939962258,0.49726597976248366,-0.494100668287196,-3428.192999999992,-875.4505999999994,1094098,1,0,0,0
2024-06-13 16:00:00+00:00,66470.01,67080.13,66251.78,66604.01,5091.83328,0.0001,0.00030000000000000003,0.0009000000000000001,-0.34818475333572024,0,0,20240.548,19112.158,1128.3899999999994,0.5143368794003644,0.49962979062986496,0.8688549537879625,-2449.5399999999936,-786.2189999999988,496786,1,0,0,0
2024-06-13 20:00:00+00:00,66604.01,66980.0,66530.84,66773.01,1921.18119,0.0001,0.00030000000000000003,0.0009000000000000001,-0.34818475333572024,0,0,6993.398,6326.14,667.2579999999998,0.5250480910073607,0.5066695713892737,1.2224946078973324,-2610.2599999999966,-326.50899999999854,216813,1,0,0,0
2024-06-14 00:00:00+00:00,66773.01,67027.32,66480.0,66744.0,2704.93799,0.0001,0.00030000000000000003,0.0009000000000000001,-0.3050206930573661,0,0,9575.717,11535.238000000001,-1959.5210000000006,0.45358994891514853,0.49777453708422953,-1.5409834163911695,-163.8730000000014,-748.3605999999988,306959,1,0,0,0
2024-06-14 04:00:00+00:00,66744.0,67221.32,66707.76,66904.98,2943.04425,0.0001,0.00030000000000000003,0.0009000000000000001,-0.3050206930573661,0,0,10025.595,10182.675000000001,-157.08000000000175,0.49611347235562464,0.4952882634667321,0.12718012615914742,-1449.3430000000026,-945.3721999999998,262447,0,1,0,0
2024-06-14 08:00:00+00:00,66904.98,67256.32,66746.4,67036.0,3383.9336,0.0001,0.00030000000000000003,0.0009000000000000001,-0.3050206930573671,0,0,10377.943,9696.560000000001,681.382999999998,0.5169713541600507,0.49906077204791427,0.9032887044596445,-1435.2180000000044,72.08599999999896,275468,1,0,0,0
2024-06-14 12:00:00+00:00,67035.99,67370.24,66344.67,66392.0,5730.45832,0.0001,0.00030000000000000003,0.0009000000000000001,-0.3050206930573671,0,0,25567.266,27360.217999999997,-1792.9519999999975,0.48306218372292176,0.4963161870292064,-0.37944390621028357,-1268.6490000000013,-512.1824000000004,577562,1,0,0,0
2024-06-14 16:00:00+00:00,66392.0,66520.0,65078.0,65520.02,9683.77753,0.0001,0.00030000000000000003,0.0009000000000000001,-0.3050206930573671,0,0,42402.443,48484.937999999995,-6082.494999999995,0.46653828654167073,0.49508985071565864,-0.9508898459180964,-7194.063999999995,-1862.1329999999994,926603,1,0,0,0
2024-06-14 20:00:00+00:00,65520.02,66627.52,65480.0,66043.99,3962.03628,0.0001,0.00030000000000000003,0.0009000000000000001,-0.3050206930573671,0,0,17510.619,16692.019,818.5999999999985,0.5119669131954091,0.4959261268605646,0.7656781899026575,-7056.846999999994,-1306.5087999999996,392970,1,0,0,0
2024-06-15 00:00:00+00:00,66043.99,66290.0,65967.5,66267.87,2008.24903,0.0001,0.00030000000000000003,0.0009000000000000001,-0.3050206930573671,0,0,5269.975,5234.178,35.79700000000048,0.5017039450967632,0.494816656839154,0.3388519236095838,-5228.097999999996,-1267.9333999999992,141235,1,0,0,0
2024-06-15 04:00:00+00:00,66267.87,66416.66,66065.8,66076.99,2891.47187,0.0001,0.00030000000000000003,0.0009000000000000001,-0.3050206930573671,0,0,7480.833,8538.717,-1057.884000000001,0.466981469516934,0.4936312543912248,-1.0341393105413326,-203.4870000000019,-1615.786799999999,199626,1,0,0,0
2024-06-15 08:00:00+00:00,66076.99,66348.0,66076.98,66319.95,1493.77779,0.0001,0.00030000000000000003,0.0009000000000000001,-0.28191447792849944,0,0,5507.694,5524.152999999999,-16.458999999998923,0.4992540233743271,0.49212296878862105,0.30932322424698777,-1038.5459999999994,-1260.4881999999993,135359,0,1,0,0
2024-06-15 12:00:00+00:00,66319.94,66478.48,66153.84,66316.02,2100.54737,0.0001,0.00030000000000000003,0.0009000000000000001,-0.28191447792849944,0,0,6690.651,6239.302,451.34900000000016,0.5174536210611129,0.4913635217939962,1.0713805162721124,-622.9939999999997,46.280599999999865,168108,0,1,0,0
2024-06-15 16:00:00+00:00,66316.02,66360.0,66071.47,66154.7,1431.64709,0.0001,0.00030000000000000003,0.0009000000000000001,-0.23955048410440968,0,0,5109.707,4627.385,482.3220000000001,0.5247672508383406,0.4984812519863155,1.2814160186285064,917.2120000000014,-20.974999999999817,138052,0,1,0,0
2024-06-15 20:00:00+00:00,66154.7,66287.76,65857.1,66228.25,1526.10927,0.0001,0.00030000000000000003,0.0009000000000000001,-0.23955048410440968,0,0,5904.158,6297.0019999999995,-392.84399999999914,0.48390136675529216,0.4972600414262822,-0.36543664348982513,540.8270000000011,-106.70319999999974,150898,0,1,0,0
2024-06-16 00:00:00+00:00,66228.25,66269.74,66076.55,66146.0,790.58916,0.0001,0.00030000000000000003,0.0009000000000000001,-0.23955048410440968,0,0,3326.21,3881.3050000000003,-555.0950000000003,0.46149192891031093,0.4917120989013083,-1.2887256093903785,-465.6169999999993,-6.145399999999609,91413,1,0,0,0
2024-06-16 04:00:00+00:00,66145.99,66360.18,66034.5,66266.3,1179.96721,0.0001,0.00030000000000000003,0.0009000000000000001,-0.2395504841044138,0,0,4803.004,4325.795000000001,477.2089999999989,0.5261375565394746,0.4960196361829635,1.2876800776940733,-470.7300000000005,92.58819999999996,116053,1,0,0,0
2024-06-16 08:00:00+00:00,66266.3,66770.0,66172.5,66492.83,2395.77885,0.0001,0.00030000000000000003,0.0009000000000000001,-0.19945878201459372,0,0,11076.038,10289.984,786.0540000000001,0.5183949543813069,0.5012053029669271,0.9168789025270743,708.1679999999988,159.52919999999995,228295,1,0,0,0
2024-06-16 12:00:00+00:00,66492.83,66793.72,66480.0,66712.8,1854.32659,0.0001,0.00030000000000000003,0.0009000000000000001,-0.19945878201459372,0,0,8359.096,8010.853000000001,348.2429999999986,0.5106366550072942,0.5010722771481156,0.5460267927875798,1611.5059999999976,132.71339999999964,206190,1,0,0,0
2024-06-16 16:00:00+00:00,66712.8,66744.71,66522.0,66562.52,1140.46531,0.0001,0.00030000000000000003,0.0009000000000000001,-0.1825139648381842,0,0,4476.86,5008.039,-531.1790000000001,0.4719987002497338,0.4981017526634127,-1.0325713786846948,603.1179999999986,105.04639999999945,119961,1,0,0,0
2024-06-16 20:00:00+00:00,66562.52,66998.7,66460.0,66676.87,2031.39511,0.0001,0.00030000000000000003,0.0009000000000000001,-0.1825139648381842,0,0,8667.878,8136.488999999998,531.3890000000029,0.5158110388805482,0.5029847095997741,0.7450714406690999,348.45300000000134,322.3432000000001,209790,1,0,0,0
2024-06-17 00:00:00+00:00,66676.86,66913.69,66155.0,66222.0,3307.38167,0.0001,0.00030000000000000003,0.0009000000000000001,-0.1825139648381842,0,0,12831.628,13710.295999999998,-878.6679999999978,0.48344754509884064,0.5014040617722255,-0.5929105454164466,-878.4579999999951,51.16780000000072,334631,1,0,0,0
2024-06-17 04:00:00+00:00,66222.0,66567.68,65939.67,66172.0,2843.05342,0.0001,0.00030000000000000003,0.0009000000000000001,-0.1825139648381842,0,0,12267.346,13195.763,-928.4170000000013,0.481769370739449,0.49783563674005915,-0.7367197902054368,-1275.6959999999963,-291.72639999999956,313604,1,0,0,0
2024-06-17 08:00:00+00:00,66172.0,66317.64,65556.0,65817.2,4095.43003,0.0001,0.00030000000000000003,0.0009000000000000001,-0.1825139648381842,0,0,19494.987,19364.907,130.08000000000175,0.5016737050286344,0.49552628215908845,0.20683407238054996,-1677.0049999999974,-335.3589999999989,448528,0,1,0,0
2024-06-17 12:00:00+00:00,65817.2,65827.9,65130.0,65368.0,5353.73577,0.0001,0.00030000000000000003,0.0009000000000000001,-0.1825139648381842,0,0,24829.892,25765.555,-935.6630000000005,0.49075348617831166,0.49621149410139037,-0.2633187177326568,-1734.0,-416.255799999999,588841,1,0,0,0
2024-06-17 16:00:00+00:00,65368.0,67298.81,65138.0,66691.99,8280.08295,0.0001,0.00030000000000000003,0.0009000000000000001,0.0,0,0,40515.065,39208.925,1306.1399999999994,0.5081916371721987,0.5008814649275791,0.5290552929860545,500.5570000000007,-261.3055999999997,833822,1,0,0,0
2024-06-17 20:00:00+00:00,66691.99,66764.7,66164.01,66504.33,3506.48467,0.0001,0.00030000000000000003,0.0009000000000000001,0.0,0,0,13625.439,13610.983999999999,14.455000000001746,0.5002653615711579,0.4982942454307476,0.16450468825534917,384.9320000000007,-82.68099999999977,343013,0,1,0,0
2024-06-18 00:00:00+00:00,66504.33,66588.23,64569.0,65500.0,11041.36558,0.0001,0.00030000000000000003,0.0009000000000000001,0.0,0,0,42170.984,47629.963,-5458.979000000007,0.4696051145206742,0.4934152614446843,-1.2875394829211029,-4138.3840000000055,-988.7934000000008,970289,1,0,0,0
2024-06-18 04:00:00+00:00,65500.0,65845.47,65344.24,65672.51,4340.32865,0.0001,0.00030000000000000003,0.0009000000000000001,0.0,0,0,14892.494,15854.423,-961.9290000000001,0.4843573097101085,0.49078732691496574,-0.5506237439982637,-6406.453000000005,-1207.1952000000013,389250,0,1,0,0
2024-06-18 08:00:00+00:00,65672.51,65750.01,65100.0,65366.0,3732.15562,8.236e-05,0.00028235999999999984,0.00088236,-5.294486995228079,0,0,12034.323,12591.215,-556.8919999999998,0.4886927952599452,0.4924567364159869,-0.3091332865315083,-6977.800000000007,-1131.4410000000012,304294,1,0,0,1
2024-06-18 12:00:00+00:00,65366.0,65433.97,64261.12,64706.0,11395.51177,8.236e-05,0.00028235999999999984,0.00088236,-5.294486995228079,0,0,53192.704,55456.956999999995,-2264.252999999997,0.48958002731366096,0.48983363525929813,-0.2864387512976731,-3783.073999999997,-1845.5196000000003,1048260,1,0,0,1
2024-06-18 16:00:00+00:00,64705.99,64904.91,64060.0,64412.19,6974.9316,0.0001,0.00028235999999999984,0.00088236,0.18256851707683494,0,0,23745.835,24514.14,-768.3050000000003,0.4920399357852962,0.4906928743279436,-0.1329718952631675,-3589.449999999997,-2002.0716000000007,579905,1,0,0,0
2024-06-18 20:00:00+00:00,64412.18,65305.0,64178.1,65175.32,4865.80922,0.0001,0.00028235999999999984,0.00088236,0.18256851707683494,0,0,16696.938,16779.418,-82.4800000000032,0.49876808574983483,0.4923927458289822,0.25144524066991053,-3115.0380000000005,-926.7718000000001,410475,0,1,0,0
2024-06-19 00:00:00+00:00,65175.32,65603.91,64810.62,65404.0,5262.16662,0.0001,0.00028235999999999984,0.00088236,0.18256851707683494,0,0,19008.176,18941.43,66.74599999999919,0.5008794030694285,0.4923133156330617,0.3023642979801122,-784.0390000000043,-721.0368000000002,491672,1,0,0,0
2024-06-19 04:00:00+00:00,65404.0,65727.54,65158.05,65326.89,3599.20908,0.0001,0.00028235999999999984,0.0008823600000000001,0.1825685170768265,0,0,11689.283,14110.635000000002,-2421.3520000000026,0.4530744245001088,0.4885454094652414,-2.0905655618182575,-2437.0860000000066,-1093.9288000000008,300723,1,0,0,0
2024-06-19 08:00:00+00:00,65326.89,65544.0,65000.0,65210.0,3851.72512,0.0001,0.00028235999999999984,0.0008823600000000001,0.1825685170768265,0,0,13636.713,15275.572,-1638.8590000000004,0.4716580858275297,0.48489205433077454,-1.0689047914584464,-3993.465000000004,-968.8500000000015,318135,1,0,0,0
2024-06-19 12:00:00+00:00,65210.0,65310.02,64756.28,64922.0,3230.69752,4.127e-05,0.0002412699999999998,0.00082363,-5.066656663341998,0,0,13303.128,13779.354,-476.22599999999875,0.4912078590138083,0.4839863040750395,-0.08029389937186926,-4536.437000000002,-910.4342000000012,327702,1,0,0,1
2024-06-19 16:00:00+00:00,64921.99,65284.37,64791.76,64882.01,2587.30051,2.967e-05,0.00017093999999999982,0.0007533,-3.94261651266757,0,0,8824.159,8496.247,327.91200000000026,0.5094660598602596,0.48797239860899805,0.8039335371685661,-1787.1729999999989,-828.3558000000005,248966,0,1,0,1
2024-06-19 20:00:00+00:00,64882.02,65087.76,64666.0,64974.37,1529.69691,2.967e-05,0.00017093999999999982,0.0007533,-3.94261651266757,0,0,6666.954,6301.018,365.9359999999997,0.5141092223209612,0.49094758987008336,1.0406517144165637,217.6220000000012,-768.5178000000003,178185,1,0,0,1
2024-06-20 00:00:00+00:00,64974.37,65407.4,64818.72,65189.99,2764.12678,3.934e-05,0.00011027999999999982,0.00069264,-2.765613235015254,0,0,9903.746,10025.967,-122.22100000000137,0.4969336989448869,0.4917716802385774,0.1484500814995577,571.6269999999986,-308.6916000000001,268318,0,1,0,1
2024-06-20 04:00:00+00:00,65190.0,65967.39,65070.91,65858.84,3218.48909,3.934e-05,0.00011027999999999982,0.00069264,-2.765613235015254,0,0,18278.13,16375.134000000002,1902.9959999999992,0.5274576732512123,0.49555944483233266,1.627635425466562,2146.7109999999975,399.6793999999998,376997,1,0,0,1
2024-06-20 08:00:00+00:00,65858.84,66482.94,65559.45,66169.85,3716.69714,5.953e-05,0.0001285399999999998,0.00065217,-1.5849051061776587,0,0,19448.122,17810.404,1637.7180000000008,0.5219777615464445,0.49855322740844754,1.2663733434619682,3418.4929999999986,822.4681999999997,432563,1,0,0,0
2024-06-20 12:00:00+00:00,66169.86,66300.5,64658.06,64831.23,7331.76705,5.953e-05,0.0001285399999999998,0.00065217,-1.5849051061776587,0,0,39778.412,42892.012,-3113.600000000006,0.48116859785308463,0.4967932786187725,-0.7391784774165441,427.1139999999941,134.16579999999848,874357,1,0,0,0
2024-06-20 16:00:00+00:00,64831.24,65217.21,64559.15,65050.0,5208.45123,6.879e-05,0.00016765999999999981,0.00062096,-1.0593843125676679,0,0,18299.539,18916.51,-616.9709999999977,0.4917109551312124,0.4958764338249509,-0.15181028317332848,-2092.853000000003,-62.41560000000099,449118,0,1,0,0
2024-06-20 20:00:00+00:00,65049.99,65200.11,64848.7,64869.99,2025.75902,6.879e-05,0.00016765999999999981,0.00062096,-1.0593843125676679,0,0,4405.453,4821.247,-415.79399999999987,0.47746789209576557,0.49831578058451653,-0.8885664371182264,-4146.365000000003,-121.1302000000007,134472,1,0,0,0
2024-06-21 00:00:00+00:00,64869.99,65066.66,64345.0,64506.14,3151.09938,3.344e-05,0.0001617599999999998,0.0005544,-2.3847979576089444,0,0,10547.995,12529.359999999999,-1981.364999999998,0.45707122848350695,0.4968570948501142,-1.9256521484185838,-3014.1299999999956,-898.0024000000001,285017,1,0,0,1
2024-06-21 04:00:00+00:00,64506.15,64739.09,64190.76,64201.63,3017.09525,3.344e-05,0.0001617599999999998,0.0005544,-2.3847979576089444,0,0,11236.458,11767.648,-531.1899999999987,0.4884544524355783,0.4965817541922912,-0.24535668908881028,-2928.3489999999965,-1331.784,283449,1,0,0,1
2024-06-21 08:00:00+00:00,64201.63,64372.15,63522.75,63770.0,6116.25686,7.328e-05,0.00017550999999999982,0.00054532,-0.6185109250194092,0,0,27021.977,30126.381999999998,-3104.404999999999,0.4728390713721106,0.4929190553434763,-1.0306368927231933,-5616.9599999999955,-1329.9449999999986,675478,1,0,0,0
2024-06-21 12:00:00+00:00,63770.01,64360.0,63379.35,63732.02,7918.52722,7.328e-05,0.00017550999999999982,0.00054532,-0.6185109250194092,0,0,29424.285,30938.207,-1513.9219999999987,0.4874597456977091,0.49025410768115113,-0.18112001183537974,-5149.516999999996,-1509.3351999999988,731065,1,0,0,0
2024-06-21 16:00:00+00:00,63732.02,64264.95,63465.17,64232.01,4035.76865,0.0001,0.0002067199999999998,0.0005453200000000001,0.5364423863287979,0,0,14893.329,14659.340999999999,233.9880000000012,0.5039588301158576,0.49095662079824826,0.6995144256401084,-4384.338999999996,-1379.3787999999986,391730,1,0,0,0
2024-06-21 20:00:00+00:00,64232.01,64460.14,63828.09,64143.56,1754.81706,0.0001,0.0002067199999999998,0.0005453200000000001,0.5364423863287979,0,0,7755.359,9209.259999999998,-1453.900999999998,0.4571490229164593,0.48392575576477287,-1.815309925153882,-2733.8349999999955,-1273.8859999999986,220952,1,0,0,0
2024-06-22 00:00:00+00:00,64143.56,64342.54,63943.82,64327.45,1615.03389,0.0001,0.0002732799999999998,0.00054532,0.5364423863287985,0,0,5136.52,5184.4259999999995,-47.90599999999904,0.4976791856095362,0.48149589817108207,0.4131872546042574,-1267.8189999999959,-1177.2291999999986,159740,0,1,0,0
2024-06-22 04:00:00+00:00,64327.46,64540.26,64253.07,64520.0,2121.70614,0.0001,0.0002732799999999998,0.00054532,0.5364423863287985,0,0,7184.18,6336.053,848.1270000000004,0.5313651029534773,0.48651554868112135,2.033844283234602,-653.6799999999967,-386.7227999999988,176418,1,0,0,0
2024-06-22 08:00:00+00:00,64519.99,64546.81,64214.43,64265.26,1376.34835,4.146e-05,0.00024145999999999982,0.00054551,-1.8045206022168823,0,0,5763.883,7908.085000000001,-2144.202000000001,0.421584003122301,0.47950285348023014,-2.9209645810419644,-1343.9809999999998,-512.7787999999994,133445,1,0,0,0
2024-06-22 12:00:00+00:00,64265.27,64397.82,64246.52,64307.08,930.39133,4.146e-05,0.00024145999999999982,0.00054551,-1.8045206022168823,0,0,3944.135,3256.3409999999994,687.7940000000008,0.5477603147347482,0.4865320957441284,2.2200619109687714,-608.281,-422.0175999999994,103253,1,0,0,0
2024-06-22 16:00:00+00:00,64307.09,64362.0,64218.5,64295.01,729.0975,0.0001,0.00024145999999999982,0.00061584,0.5866387090642141,0,0,2325.022,2664.5299999999997,-339.5079999999998,0.4659781078541721,0.48742278368119496,-0.9240360411690648,-1795.9160000000002,-199.13899999999975,75469,1,0,0,0
2024-06-22 20:00:00+00:00,64295.01,64330.0,64246.01,64262.01,536.37821,0.0001,0.00024145999999999982,0.00061584,0.5866387090642141,0,0,1715.091,2437.596,-722.5050000000001,0.4130075298234613,0.4798780914199832,-2.5304743833926917,-374.21899999999914,-334.05879999999996,62903,1,0,0,0
2024-06-23 00:00:00+00:00,64262.01,64521.0,64262.0,64416.14,1222.9115,0.0001,0.00024145999999999982,0.0006765,0.5866387090642141,0,0,4523.994,4770.680000000001,-246.6860000000015,0.48672971209103183,0.4812671554918754,-0.02264842094377567,-1308.6990000000014,-553.0214000000003,125061,0,1,0,0
2024-06-23 04:00:00+00:00,64416.14,64433.03,64349.49,64415.27,526.41413,0.0001,0.00024145999999999982,0.0006765,0.5866387090642141,0,0,2334.204,2211.649,122.55500000000029,0.51347986835474,0.4838691677575785,0.8554984757671507,-846.6360000000013,-99.67000000000007,74634,0,1,0,0
2024-06-23 08:00:00+00:00,64415.27,64437.28,64252.85,64341.45,945.7319,2.307e-05,0.0002230699999999998,0.00064004,-2.235525218857679,0,0,3323.462,3763.4190000000003,-439.95700000000033,0.4689597581785273,0.4803692605638454,-0.6335415049354558,-564.0880000000016,-325.2202000000003,103394,1,0,0,1
2024-06-23 12:00:00+00:00,64341.46,64429.1,64049.41,64094.0,1383.12991,2.307e-05,0.0002230699999999998,0.00064004,-2.235525218857679,0,0,6002.873,6471.779,-468.90600000000086,0.48120564806136473,0.4827749230783359,-0.20994574333376528,-786.3080000000009,-351.0998000000005,161856,1,0,0,1
2024-06-23 16:00:00+00:00,64094.01,64187.62,63918.58,64149.78,1430.37834,4.676e-05,0.00016982999999999983,0.00061801,-1.2588615223735775,0,0,5141.352,5280.911999999999,-139.5599999999995,0.49330471766978845,0.4823374762843612,0.19733098163774646,-1048.4230000000007,-234.5108000000004,145712,0,1,0,0
2024-06-23 20:00:00+00:00,64149.78,64159.0,63178.32,63210.01,2715.88869,4.676e-05,0.00016982999999999983,0.00061801,-1.2588615223735775,0,0,12894.529,15333.44,-2438.911,0.45679974354513425,0.4748809403435269,-0.9740422836446017,-3047.3770000000004,-672.9558000000001,341732,1,0,0,0
2024-06-24 00:00:00+00:00,63210.01,63369.8,62695.02,62862.0,4626.61921,4.676e-05,0.00016982999999999983,0.00061801,-1.2588615223735775,0,0,21122.388,21911.228000000003,-788.8400000000038,0.49083460706625254,0.48180600073792207,0.170613654944135,-3367.3110000000033,-855.2348000000009,517599,1,0,0,0
2024-06-24 04:00:00+00:00,62862.0,62952.0,62160.72,62456.0,5068.08372,9.534e-05,0.0001651699999999998,0.00067991,0.519247800977931,0,0,23608.522,25851.503,-2242.9809999999998,0.4773253147364968,0.474762500738097,-0.31398211247032964,-5470.732000000004,-1215.8396000000007,546334,1,0,0,0
2024-06-24 08:00:00+00:00,62456.0,62975.6,60567.01,61291.95,12136.79401,0.0001,0.0002420999999999998,0.00070663,0.6896928515231774,0,0,51677.914,59242.054,-7564.139999999999,0.46590271284607654,0.47475496123728733,-0.693973018062384,-10595.961000000003,-2634.8864000000003,1085591,1,0,0,0
2024-06-24 12:00:00+00:00,61291.95,61700.0,60670.36,60843.99,5796.95477,0.0001,0.0002420999999999998,0.00070663,0.6896928515231774,0,0,25213.195,27275.498,-2062.303,0.48035478803025256,0.4814896870579665,-0.19104105228488152,-11869.423999999999,-3019.4350000000004,618080,1,0,0,0
2024-06-24 16:00:00+00:00,60843.99,61044.44,59058.0,59306.72,16409.89475,7.488e-05,0.00027021999999999984,0.00068151,-0.20003730962770516,0,0,55274.682,65538.357,-10263.675000000003,0.4575224864594293,0.47856896449480624,-0.9042308256579743,-19890.118000000002,-4584.387800000001,1239659,1,0,0,0
2024-06-24 20:00:00+00:00,59306.72,60442.71,58402.0,60293.3,8123.00768,7.488e-05,0.00027021999999999984,0.00068151,-0.20003730962770516,0,0,33153.455,36034.38799999999,-2880.93299999999,0.4791803525367889,0.4751390129130112,-0.1346028678285969,-15206.910999999993,-5002.806399999999,736741,0,1,0,0
2024-06-25 00:00:00+00:00,60293.3,61598.87,60257.06,61302.59,4817.65654,7.447e-05,0.0002493499999999998,0.00065598,-0.18541881179824843,0,0,21624.639,20345.216000000004,1279.4229999999952,0.5152421660737212,0.47976725370253054,1.068716925650108,-11865.184999999998,-4298.325599999999,458181,1,0,0,0
2024-06-25 04:00:00+00:00,61302.59,61420.0,60624.63,60685.16,4078.38689,7.447e-05,0.0002493499999999998,0.00065598,-0.18541881179824843,0,0,15367.744,17817.525,-2449.781000000001,0.4630893303893363,0.4779556219353277,-0.6467003973187009,-4051.2909999999956,-3275.4538,342961,1,0,0,0
2024-06-25 08:00:00+00:00,60685.16,61583.18,60668.01,61187.64,4679.07209,5.949e-05,0.0002088399999999998,0.0006740100000000001,-0.6936395394629918,0,0,18519.634,16156.241000000002,2363.3929999999964,0.5340783469775455,0.4820329848661034,1.7839503133665748,1193.0349999999908,-2390.3146000000006,375405,1,0,0,0
2024-06-25 12:00:00+00:00,61187.64,62134.0,60953.23,61810.0,8735.80046,5.949e-05,0.0002088399999999998,0.0006740100000000001,-0.6936395394629918,0,0,37224.437,39478.672,-2254.2350000000006,0.48530545222097843,0.4848835557336878,0.10991471658715588,-2340.623000000005,-788.4266,744441,0,1,0,0
2024-06-25 16:00:00+00:00,61810.0,62420.0,61135.37,61975.46,6527.99194,7.752e-05,0.0002114799999999998,0.00065153,0.006197469019534498,0,0,31776.996,32035.461000000003,-258.4650000000038,0.4979748076460995,0.4855975757916725,0.5345945958355497,-149.30700000000797,-263.9330000000027,632979,0,1,0,0
2024-06-25 20:00:00+00:00,61975.46,62162.49,61664.0,61806.01,2350.33569,7.752e-05,0.0002114799999999998,0.00065153,0.006197469019534498,0,0,7060.778,7239.974,-179.1959999999999,0.49373473506847754,0.4872385178248706,0.3707383811214793,-2691.8960000000043,-555.6568000000018,207424,1,0,0,0
2024-06-26 00:00:00+00:00,61806.01,62487.81,61643.48,61936.07,3538.82122,7.752e-05,0.0002114799999999998,0.00065153,0.006197469019534498,0,0,11679.696,11056.272,623.4239999999991,0.5137100826320656,0.49201925480346953,0.9829251548609272,185.76299999999537,58.98419999999824,308964,1,0,0,0
2024-06-26 04:00:00+00:00,61936.07,61990.0,61520.0,61720.02,3492.11682,0.0001,0.0002370099999999998,0.00065153,0.8539810606573053,0,0,10185.977,9550.101,635.8760000000002,0.5161094823399056,0.49559472423443485,1.014203047089888,1080.1039999999994,-286.519200000001,246959,0,1,0,0
2024-06-26 08:00:00+00:00,61720.02,61754.6,61149.64,61445.26,3493.404,0.0001,0.00027751999999999985,0.00072846,0.8539810606573053,0,0,13299.013,13590.252999999999,-291.23999999999796,0.49458445611717333,0.4993009212002092,0.27377752084650364,968.0600000000013,106.07979999999952,313511,1,0,0,0
2024-06-26 12:00:00+00:00,61445.26,61980.0,61182.8,61467.86,4713.90642,0.0001,0.00027751999999999985,0.00072846,0.8539810606573053,0,0,18921.261,19255.525999999998,-334.2649999999994,0.49562214337209676,0.50094510028374,0.2988520223373819,10.371000000002823,90.9198000000004,472522,0,1,0,0
2024-06-26 16:00:00+00:00,61467.85,61547.02,60715.3,61000.01,5015.68985,0.0001,0.00030000000000000003,0.0007817,0.8539810606573053,0,0,23278.598,24012.111,-733.512999999999,0.4922446394280111,0.49864534761916895,0.20039415015977374,-1359.0179999999964,-19.943599999999424,522851,1,0,0,0
2024-06-26 20:00:00+00:00,61000.01,61155.66,60712.0,60864.99,2231.72632,0.0001,0.00030000000000000003,0.0007817,0.8539810606573053,0,0,8182.265,7590.106999999999,592.1580000000013,0.5187720020806003,0.5042136147882954,1.0183287445502358,-475.61999999999716,-26.196799999998984,207383,0,1,0,0
2024-06-27 00:00:00+00:00,60864.98,61300.0,60764.73,61037.31,2391.00432,0.0001,0.00030000000000000003,0.00078636,0.8539810606573053,0,0,8164.979,8048.452,116.52700000000004,0.5035935330406007,0.5011651333946009,0.5028510606718458,-24.8279999999977,-130.06659999999903,235599,1,0,0,0
2024-06-27 04:00:00+00:00,61037.31,61192.0,60606.63,60794.01,2714.73648,0.0001,0.00030000000000000003,0.00078636,0.8539810606573053,0,0,8298.6,8585.859999999999,-287.2599999999984,0.491493361351207,0.5017839243076238,0.14920022041400022,421.4250000000029,-129.2705999999991,231174,1,0,0,0
2024-06-27 08:00:00+00:00,60794.01,61455.15,60736.62,61196.02,2628.05752,0.0001,0.00030000000000000003,0.00078636,0.8539810606573053,0,0,13054.615,11126.954,1927.661,0.5398580629734986,0.5059722498403637,1.760893499330931,1756.9280000000017,323.1146000000008,297198,1,0,0,0
2024-06-27 12:00:00+00:00,61196.01,62389.22,61154.6,61576.0,6247.05892,0.0001,0.00030000000000000003,0.0007863599999999999,0.8539810606573048,0,0,33334.517,34656.310999999994,-1321.7939999999944,0.49027961536223685,0.5056267378697397,0.04193377474663332,318.60700000000725,205.45840000000172,731568,0,1,0,0
2024-06-27 16:00:00+00:00,61576.0,62015.52,61411.7,61450.0,2557.37367,0.0001,0.00030000000000000003,0.0008114800000000001,0.8539810606573053,0,0,12018.821,12170.681,-151.86000000000058,0.4968610350060121,0.5039418331071343,0.26303979643257935,454.00700000000506,56.654800000001345,307054,1,0,0,0
2024-06-27 20:00:00+00:00,61450.0,61719.92,61338.56,61706.47,1806.0554,0.0001,0.00030000000000000003,0.0008114800000000001,0.8539810606573053,0,0,5821.391,4891.3009999999995,930.0900000000001,0.5434106571905549,0.5066719505921992,2.1703070761616536,-543.5639999999948,219.36740000000137,141394,1,0,0,0
2024-06-28 00:00:00+00:00,61706.46,62225.31,61472.37,61828.17,3950.34413,0.0001,0.00030000000000000003,0.00083701,0.8539810606573048,0,0,12856.07,14264.650000000001,-1408.5800000000017,0.47403129415443246,0.5046166343959251,-0.8841880403312261,-630.3500000000022,-4.8965999999993075,329912,0,1,0,0
2024-06-28 04:00:00+00:00,61828.17,61834.41,61236.0,61350.01,2679.62058,0.0001,0.00030000000000000003,0.00083701,0.8539810606573048,0,0,10170.225,10808.362,-638.1369999999988,0.48479075354312473,0.5035334954130278,-0.3735148549653187,-1116.6270000000004,-518.0561999999991,245573,1,0,0,0
2024-06-28 08:00:00+00:00,61350.01,61792.34,61212.11,61690.0,3397.52649,0.0001,0.00030000000000000003,0.00087752,0.822236965284018,0,0,11698.644,9554.108,2144.536,0.5504531366102611,0.5093543451312529,2.2399102409225393,97.8189999999995,175.2097999999998,243597,1,0,0,0
2024-06-28 12:00:00+00:00,61690.0,61875.0,60751.0,61062.01,7645.83227,0.0001,0.00030000000000000003,0.00087752,0.822236965284018,0,0,34432.195,35164.272999999994,-732.0779999999941,0.49474055206364786,0.5069512001295576,-0.06751017037375126,774.3210000000072,59.16620000000112,738365,1,0,0,0
2024-06-28 16:00:00+00:00,61062.0,61119.58,60079.41,60123.73,5131.47495,0.0001,0.00030000000000000003,0.0009000000000000001,0.822236965284018,0,0,19231.201,21450.046000000002,-2218.845000000001,0.4727288964372208,0.5038647364692197,-0.9345488681530073,-806.3869999999952,-570.6207999999991,503927,1,0,0,0
2024-06-28 20:00:00+00:00,60123.73,60450.0,60063.0,60427.84,2016.39413,0.0001,0.00030000000000000003,0.0009000000000000001,0.822236965284018,0,0,8396.484,7481.867,914.6170000000002,0.5288007551917703,0.5075954758532759,1.2717632022018608,-2036.305999999995,-105.98139999999876,199637,1,0,0,0
2024-06-29 00:00:00+00:00,60427.84,61009.29,60383.77,60762.0,3105.17344,0.0001,0.00030000000000000003,0.0009000000000000001,0.822236965284018,0,0,12669.724,12522.408000000001,147.3159999999989,0.5029238493986932,0.5039020544957954,0.18375544197527638,-1156.912000000002,51.10920000000078,256043,1,0,0,0
2024-06-29 04:00:00+00:00,60762.0,61146.64,60704.46,61052.3,1662.89798,0.0001,0.00030000000000000003,0.0009000000000000001,0.822236965284018,0,0,6376.771,6035.333,341.4380000000001,0.5137542353818498,0.5062495164977567,0.586862621906466,1403.3709999999992,-309.5103999999992,154618,1,0,0,0
2024-06-29 08:00:00+00:00,61052.3,61224.0,60890.03,61102.33,2290.41854,0.0001,0.00030000000000000003,0.0009000000000000001,0.7673695625732359,0,0,7940.382,7899.666000000001,40.71599999999853,0.5012852233781109,0.5066919353349666,0.01737463268618508,529.4699999999975,-154.9516000000007,171359,1,0,0,0
2024-06-29 12:00:00+00:00,61102.33,61182.7,60949.67,61106.0,1996.83297,0.0001,0.00030000000000000003,0.0009000000000000001,0.7673695625732359,0,0,5941.624,6424.648000000001,-483.02400000000125,0.4804701044906662,0.5003978800649778,-0.8850750374726873,-100.87000000000262,192.2125999999993,180857,0,1,0,0
2024-06-29 16:00:00+00:00,61106.0,61124.0,60915.12,61057.39,1250.42383,0.0001,0.00030000000000000003,0.0009000000000000001,0.7204841389832805,0,0,3389.667,3591.596,-201.9290000000001,0.4855377887926583,0.5015485295288004,-0.7475113114965134,-644.2370000000028,-31.096600000000763,124229,1,0,0,0
2024-06-29 20:00:00+00:00,61057.38,61090.0,60839.51,60986.68,1203.81228,0.0001,0.00030000000000000003,0.0009000000000000001,0.7204841389832805,0,0,3269.584,3618.8860000000004,-349.3020000000006,0.47464589379063854,0.5005340435535517,-1.2305268580059525,-1034.255000000002,-130.42020000000065,121018,1,0,0,0
2024-06-30 00:00:00+00:00,60986.68,61078.01,60740.94,60898.32,1806.11748,0.0001,0.00030000000000000003,0.0009000000000000001,0.6705851591390989,0,0,5679.947,5720.137999999999,-40.190999999998894,0.4982372499854168,0.49531245489106723,-0.131391505704918,-591.4219999999996,-206.74600000000046,173734,1,0,0,0
2024-06-30 04:00:00+00:00,60898.32,61782.0,60712.21,61528.01,3143.78973,0.0001,0.00030000000000000003,0.0009000000000000001,0.6705851591390989,0,0,16211.887,13817.982999999998,2393.9040000000023,0.539858714007087,0.4998242710854111,1.6673795398358826,2004.4110000000028,263.89160000000027,314888,1,0,0,0
2024-06-30 08:00:00+00:00,61528.01,61713.65,61393.07,61560.0,2353.60654,0.0001,0.00030000000000000003,0.0009000000000000001,0.6212942043230921,0,0,8872.477,9053.935,-181.45799999999872,0.4949388087253601,0.5020452623142251,-0.35363097489822165,2172.2550000000047,324.2048000000008,224645,0,1,0,0
2024-06-30 12:00:00+00:00,61560.0,61860.0,61346.0,61717.9,2664.88075,0.0001,0.00030000000000000003,0.0009000000000000001,0.6212942043230921,0,0,13005.245,12437.002999999999,568.242000000002,0.5111672915066311,0.5002819159457113,0.3823050419197205,2780.6880000000056,478.2390000000012,283530,1,0,0,0
2024-06-30 16:00:00+00:00,61717.9,62109.81,61590.01,62026.83,2493.15916,0.0001,0.00030000000000000003,0.0009000000000000001,0.578383111175239,0,0,10909.041,10568.695000000002,340.34599999999773,0.5079232280348357,0.5007818538093254,0.21036035345719487,727.130000000001,616.1686000000009,252110,1,0,0,0
2024-06-30 20:00:00+00:00,62026.83,63058.76,61835.2,62772.01,4864.7477,0.0001,0.00030000000000000003,0.0009000000000000001,0.578383111175239,0,0,22168.417,19333.146999999997,2835.270000000004,0.5341585921918509,0.5028222894903255,1.3658656902329493,3743.858000000004,1191.2608000000014,471269,1,0,0,0
2024-07-01 00:00:00+00:00,62772.01,63818.33,62573.32,63437.69,6859.32328,0.0001,0.00030000000000000003,0.0009000000000000001,0.5330091678830449,0,0,26158.497,23595.243,2563.254000000001,0.5257594102473503,0.5052697081772495,0.9426189266020905,5738.870000000003,1225.1308000000013,551437,1,0,0,0
2024-07-01 04:00:00+00:00,63437.69,63466.92,63223.2,63277.84,1948.86897,0.0001,0.00030000000000000003,0.0009000000000000001,0.5330091678830449,0,0,6829.116,6731.763999999999,97.35200000000077,0.5035894425730484,0.5075816419854877,-0.0599006810814157,5495.876000000006,1280.892800000001,189032,0,1,0,0
2024-07-01 08:00:00+00:00,63277.84,63314.99,62593.07,62662.09,3745.11478,0.0001,0.00030000000000000003,0.0009000000000000001,0.49313849396963766,0,0,12454.801,13984.600999999999,-1529.7999999999993,0.4710696936337668,0.5061348324695987,-1.4741058308866228,1130.8060000000023,861.2844000000008,322953,1,0,0,0
2024-07-01 12:00:00+00:00,62662.09,63166.11,62497.2,63132.9,4514.7061,0.0001,0.00030000000000000003,0.0009000000000000001,0.49313849396963766,0,0,21711.604,18408.201999999997,3303.402000000002,0.5411692170196436,0.5127871647924991,1.523403083605614,1870.9540000000034,1453.8956000000017,449822,1,0,0,0
2024-07-01 16:00:00+00:00,63132.9,63861.76,62966.77,63226.78,5479.95754,0.0001,0.00030000000000000003,0.0009000000000000001,0.49313849396963766,0,0,23176.123,23260.799,-84.67599999999948,0.49908826859799194,0.5128722666537566,-0.2908637591654069,1688.9260000000031,869.906400000001,490556,0,1,0,0
2024-07-01 20:00:00+00:00,63226.78,63423.48,62804.6,62899.99,1999.13471,0.0001,0.00030000000000000003,0.0009000000000000001,0.49313849396963766,0,0,8526.489,9100.698999999999,-574.2099999999991,0.4837123765855337,0.5072576329116012,-0.8943192842368748,2644.5160000000033,242.41360000000094,202356,1,0,0,0
2024-07-02 00:00:00+00:00,62900.0,63288.83,62787.42,63138.67,1678.91798,0.0001,0.00030000000000000003,0.0009000000000000001,0.49313849396963766,0,0,7608.798,6694.027000000001,914.7709999999988,0.5319786825329961,0.5109616202923648,1.0997425718933145,255.88500000000022,405.8974000000006,194040,1,0,0,0
2024-07-02 04:00:00+00:00,63138.68,63245.8,62580.0,62629.99,2518.53154,0.0001,0.00030000000000000003,0.0009000000000000001,0.49313849396963766,0,0,9200.782,9863.051,-662.2690000000002,0.482630224467451,0.5081079135884468,-0.9380112224694955,-321.70800000000054,579.4036000000003,212062,1,0,0,0
2024-07-02 08:00:00+00:00,62630.0,62866.2,62401.23,62832.01,4139.03014,0.0001,0.00030000000000000003,0.0009000000000000001,0.4428000668120837,0,0,13840.753,12632.472999999998,1208.2800000000025,0.5228207926000406,0.5095976700449674,0.7668518200125638,1460.782000000001,160.37920000000048,274405,1,0,0,0
2024-07-02 12:00:00+00:00,62832.01,63152.0,61823.74,61948.08,5966.58949,0.0001,0.00030000000000000003,0.0009000000000000001,0.4428000668120837,0,0,30245.916,33443.57399999999,-3197.657999999992,0.4748965017619077,0.503671461001973,-1.2209473076540422,-2651.64699999999,-462.21719999999806,626479,1,0,0,0
2024-07-02 16:00:00+00:00,61948.08,62368.81,61806.28,61939.1,2841.63377,0.0001,0.00030000000000000003,0.0009000000000000001,0.44280006681208445,0,0,15072.009,14258.923,813.0859999999993,0.5138605551299904,0.502481575490237,0.3759835054274098,-1176.2919999999904,-184.75799999999836,314026,0,1,0,0
2024-07-02 20:00:00+00:00,61939.1,62181.24,61875.55,62135.47,1428.41583,0.0001,0.00030000000000000003,0.0009000000000000001,0.44280006681208445,0,0,5212.974,5027.963,185.01100000000042,0.5090329136874878,0.503025922601681,0.23372955695434455,-2199.5609999999924,-330.70999999999805,143075,1,0,0,0
2024-07-03 00:00:00+00:00,62135.46,62285.94,60600.0,60987.99,5145.57685,0.0001,0.00030000000000000003,0.0009000000000000001,0.4428000668120837,0,0,24725.334,30850.063,-6124.728999999999,0.4448971187736185,0.5004086651156661,-2.3314674401840483,-5126.632,-1423.201999999998,551497,1,0,0,0
2024-07-03 04:00:00+00:00,60988.0,61181.84,60816.0,60870.01,2356.603,0.0001,0.00030000000000000003,0.0009000000000000001,0.4428000668120837,0,0,11658.607,11526.545999999998,132.0610000000015,0.5028479648161045,0.49657653989531225,-0.0183749835364657,-5807.656999999997,-1638.4457999999981,235732,0,1,0,0
2024-07-03 08:00:00+00:00,60870.01,60978.19,59600.0,60386.01,8846.07874,0.0001,0.00030000000000000003,0.0009000000000000001,0.4428000668120837,0,0,38882.003,42143.113,-3261.1100000000006,0.47987593130999034,0.4946553061665121,-0.9069909581629703,-9253.777999999998,-1651.1361999999997,747476,1,0,0,0
2024-07-03 12:00:00+00:00,60386.01,60740.2,59752.29,60186.25,7199.97498,0.0001,0.00030000000000000003,0.0009000000000000001,0.4227810674035274,0,0,32177.397,34151.954,-1974.556999999997,0.4851155109296939,0.4947956196009281,-0.6632287451228959,-5103.605999999996,-2208.664799999999,621714,1,0,0,0
2024-07-03 16:00:00+00:00,60186.25,60655.56,59666.0,59671.1,4933.93774,0.0001,0.00030000000000000003,0.0009000000000000001,0.3887119286275275,0,0,18366.485,20037.784,-1671.298999999999,0.4782407132915354,0.489421822676782,-0.9736299608561348,-6906.965999999997,-2579.926799999999,410076,1,0,0,0
2024-07-03 20:00:00+00:00,59671.11,60374.82,59400.0,60208.58,3677.93996,0.0001,0.00030000000000000003,0.0009000000000000001,0.3887119286275275,0,0,15486.895,15297.083999999999,189.8110000000015,0.503082951037616,0.49146709533379856,0.13866549556268534,-3456.0449999999946,-1317.0187999999987,341480,1,0,0,0
2024-07-04 00:00:00+00:00,60208.57,60498.19,57800.01,59102.0,13491.78125,0.0001,0.00030000000000000003,0.0009000000000000001,0.3725078888891052,0,0,44372.706,54903.37900000001,-10530.67300000001,0.44696268995700217,0.4838812850694946,-2.0825649142202702,-12012.161000000007,-3449.565600000001,961711,1,0,0,0
2024-07-04 04:00:00+00:00,59102.0,59150.0,58104.0,58219.99,4995.15301,0.0001,0.00030000000000000003,0.0009000000000000001,0.3725078888891052,0,0,21533.935,24697.253,-3163.3179999999993,0.4657880519964142,0.48297044009294526,-1.2255493424411896,-13504.180000000008,-3430.007200000001,494155,1,0,0,0
2024-07-04 08:00:00+00:00,58219.99,58506.18,56952.0,57761.94,13240.07067,0.0001,0.00030000000000000003,0.0009000000000000001,0.3725078888891052,0,0,46614.17,51249.159,-4634.989000000001,0.4763190714675157,0.47921629172669783,-0.764341848673615,-18328.98000000001,-3962.0936000000015,1001772,1,0,0,0
2024-07-04 12:00:00+00:00,57761.95,58350.19,56771.0,58140.0,12117.63525,0.0001,0.00030000000000000003,0.0009000000000000001,0.3725078888891052,0,0,57125.205,53598.614,3526.5910000000003,0.515925168729955,0.4799055172309446,0.7516910164119747,-4271.716,-2922.5156000000015,1071179,1,0,0,0
2024-07-04 16:00:00+00:00,58140.0,58676.24,57752.27,58283.62,5009.28193,0.0001,0.00030000000000000003,0.0009000000000000001,0.31546734498760126,0,0,20844.726,21708.923,-864.1970000000001,0.48984579442294124,0.4844003847958769,-0.28160446020452595,-1972.5950000000012,-3133.3172000000022,506776,0,1,0,0
2024-07-04 20:00:00+00:00,58283.62,58813.13,56866.0,57050.01,5714.85065,0.0001,0.00030000000000000003,0.0009000000000000001,0.31546734498760126,0,0,21918.689,27089.518000000004,-5170.829000000005,0.4472452746536921,0.4788401157796356,-1.8332053814309515,-2508.435000000005,-2061.348400000001,579332,1,0,0,0
2024-07-05 00:00:00+00:00,57050.02,57546.0,55000.0,55227.99,18842.91117,0.0001,0.00030000000000000003,0.0009000000000000001,0.25194048839159583,0,0,77312.134,86407.62799999998,-9095.493999999977,0.4722223698321771,0.4780747596318543,-0.851664509080128,-15130.519999999982,-3247.7835999999966,1696464,1,0,0,0
2024-07-05 04:00:00+00:00,55228.0,55356.42,53485.93,54415.05,18348.50944,0.0001,0.00030000000000000003,0.0009000000000000001,0.25194048839159583,0,0,61804.375,66831.207,-5026.831999999995,0.48046095830623287,0.47760930436950816,-0.4956958529800176,-19293.154999999977,-3326.1521999999954,1242486,1,0,0,0
2024-07-05 08:00:00+00:00,54415.04,55650.0,53900.0,55486.5,14058.05864,0.0001,0.00030000000000000003,0.0009000000000000001,0.18256973754485512,0,0,40073.138,38890.528,1182.6100000000006,0.5074883174750271,0.4805340647878573,0.5352969809962245,-12939.715999999971,-3794.948399999995,879774,1,0,0,0
2024-07-05 12:00:00+00:00,55486.51,56678.19,54828.52,56662.0,16600.37842,0.0001,0.00030000000000000003,0.0009000000000000001,0.18256973754485512,0,0,54283.367,51760.95,2522.4170000000013,0.5118932210200383,0.4814150917860996,0.7041492767869965,-1321.804999999993,-3117.625599999995,1148228,1,0,0,0
2024-07-05 16:00:00+00:00,56662.99,57040.02,55779.33,56465.42,10590.10229,1.762e-05,0.0002176199999999998,0.00081762,-5.294616186731551,0,0,39838.122,43606.48999999999,-3768.3679999999877,0.4774199441421096,0.48446081720461037,-0.5877012413125313,-63.3409999999858,-2837.1333999999915,911376,1,0,0,1
2024-07-05 20:00:00+00:00,56465.41,56866.0,56315.0,56628.79,2908.2876,1.762e-05,0.0002176199999999998,0.00081762,-5.294616186731551,0,0,8045.017,8340.639,-295.6219999999994,0.49097924428536766,0.4869799364335057,-0.009234395254354533,-1541.5729999999858,-1077.158999999996,307152,0,1,0,1
2024-07-06 00:00:00+00:00,56628.79,56998.0,56170.5,56410.0,4430.41318,5.729e-05,0.0001749099999999998,0.00077491,-2.307617262250983,0,0,14729.121,15926.535,-1197.4140000000007,0.4804699335091704,0.4873950226376711,-0.3864215362817534,-5261.403999999988,-311.27539999999715,429028,1,0,0,1
2024-07-06 04:00:00+00:00,56409.99,56683.9,56018.0,56606.0,3090.15552,5.729e-05,0.0001749099999999998,0.00077491,-2.307617262250983,0,0,13829.779,12693.230999999998,1136.5480000000025,0.5214256979128689,0.4879450755559625,1.2732076131625176,-356.48799999999756,-320.4877999999968,312813,1,0,0,1
2024-07-06 08:00:00+00:00,56606.0,56876.33,56436.78,56731.42,2361.38025,7.512e-05,0.00015002999999999978,0.00075003,-1.1626225266915249,0,0,9094.601,8581.791,512.8100000000013,0.5145055054221472,0.4904110466558831,0.9268915971618643,451.94400000000314,-722.4091999999968,247911,1,0,0,0
2024-07-06 12:00:00+00:00,56731.42,57441.1,56500.0,57317.98,4879.13871,7.512e-05,0.00015002999999999978,0.00075003,-1.1626225266915249,0,0,20021.449,18862.803999999996,1158.645000000004,0.5148986403313445,0.4971763832236483,1.0374479280715927,2808.003000000008,262.99340000000154,462214,1,0,0,0
2024-07-06 16:00:00+00:00,57317.99,58113.0,57185.76,57857.99,4272.51181,3.25e-05,0.00016490999999999977,0.00068253,-2.9363876990419757,0,0,20703.124,17274.920000000002,3428.203999999998,0.5451340253331636,0.504467548773747,2.09521421685285,5099.659000000003,1007.758600000001,448663,1,0,0,1
2024-07-06 20:00:00+00:00,57857.99,58475.0,57806.92,58230.13,2617.71611,3.25e-05,0.00016490999999999977,0.00068253,-2.9363876990419757,0,0,15110.518,11752.149000000001,3358.368999999999,0.5625099696913937,0.512672449912263,2.3960569046546163,7945.218000000001,1918.9152000000008,323961,1,0,0,1
2024-07-07 00:00:00+00:00,58230.13,58449.46,57838.0,57963.45,3130.97845,3.25e-05,0.00016490999999999977,0.00068253,-2.9363876990419757,0,0,19117.402,19818.625000000004,-701.2230000000054,0.49099519064952357,0.5110231372297127,-0.09763277598845728,6085.349999999991,1551.3609999999994,415398,1,0,0,1
2024-07-07 04:00:00+00:00,57963.46,58007.87,57073.36,57369.99,3555.09321,8.164e-05,0.0001892599999999998,0.00066417,-0.5104326181993956,0,0,17631.937,20090.851,-2458.913999999997,0.46740810885982237,0.5065746260136911,-0.9313334717833567,198.23199999999633,957.0161999999997,417548,1,0,0,0
2024-07-07 08:00:00+00:00,57369.99,57911.71,57350.94,57460.0,2240.99923,0.0001,0.00021413999999999982,0.0006641700000000001,0.382180284947657,0,0,11935.686,11342.856000000002,592.8299999999981,0.5127334005712213,0.5101059716566023,0.7288135437747959,-2567.3070000000043,843.8531999999984,324292,1,0,0,0
2024-07-07 12:00:00+00:00,57460.0,57631.02,56563.46,56825.42,4001.28632,0.0001,0.00021413999999999982,0.0006641700000000001,0.382180284947657,0,0,20994.428,21480.856,-486.4279999999999,0.4942739876677458,0.5104354459948401,0.029944335662050015,-2352.511999999999,60.92679999999891,529036,1,0,0,0
2024-07-07 16:00:00+00:00,56825.42,57392.0,56755.55,57151.1,1983.16539,0.0001,0.0002816399999999998,0.00066417,0.3821802849476563,0,0,11470.185,10765.198999999999,704.9860000000008,0.5158527957061592,0.513973732214539,0.8215791742126395,811.387999999999,-469.7498000000007,317313,1,0,0,0
2024-07-07 20:00:00+00:00,57151.1,57319.1,55724.37,55857.81,4207.41658,0.0001,0.0002816399999999998,0.00066417,0.3821802849476563,0,0,20432.992,25280.964,-4847.972000000002,0.44697492380663795,0.506528654803916,-1.5724161972183313,-4629.414000000001,-1299.0996,532589,1,0,0,0
2024-07-08 00:00:00+00:00,55857.81,56023.07,54260.16,55160.01,11551.58728,7.905e-05,0.0002790499999999998,0.0006432199999999999,-0.6000840478374878,0,0,48745.822,48583.024000000005,162.79799999999523,0.5008363296529788,0.505161737226999,0.27897878037576607,-3980.1880000000056,-774.7572000000015,1059024,0,1,0,0
2024-07-08 04:00:00+00:00,55160.0,55900.0,54963.62,55852.01,4404.65688,7.905e-05,0.0002790499999999998,0.0006432199999999999,-0.6000840478374878,0,0,20457.603,19670.601,787.0020000000004,0.5098060954833663,0.5046524827422012,0.6009274028093914,-3898.172000000006,-735.922800000001,514621,1,0,0,0
2024-07-08 08:00:00+00:00,55852.0,58236.73,55741.11,57154.01,11849.7342,8.222e-05,0.0002612699999999998,0.00062544,-0.4178362387342735,0,0,66214.8,58183.712,8031.088000000003,0.532279678715128,0.5033670480803977,1.3296787253840394,8980.887999999999,967.5803999999996,1210699,1,0,0,0
2024-07-08 12:00:00+00:00,57154.01,57621.1,54800.0,55761.52,12916.02666,8.222e-05,0.0002612699999999998,0.00062544,-0.4178362387342735,0,0,63621.172,67498.46000000002,-3877.2880000000223,0.4852146930979794,0.49563752042105624,-0.36291539578207144,4940.8019999999815,51.12559999999503,1393434,1,0,0,0
2024-07-08 16:00:00+00:00,55761.52,56574.99,55425.74,56477.31,4703.86519,0.0001,0.0002612699999999998,0.0007078200000000001,0.4432124776189233,0,0,22286.17,21974.288,311.8819999999978,0.5035232577123354,0.49689032712733744,0.26664499207585296,4465.681999999979,1083.096399999995,589422,1,0,0,0
2024-07-08 20:00:00+00:00,56477.3,56971.94,56200.0,56714.62,2664.33469,0.0001,0.0002612699999999998,0.0007078200000000001,0.4432124776189233,0,0,13272.474,13598.831,-326.35699999999997,0.49392740694953224,0.49954225693630844,-0.06937511333763755,-3891.7630000000245,985.2653999999959,350056,0,1,0,0
2024-07-09 00:00:00+00:00,56714.61,57362.66,56289.45,57168.36,4128.26169,0.0001,0.0002822199999999998,0.00075053,0.44321247761892396,0,0,23549.769,22416.464,1133.3050000000003,0.512327581857752,0.4995016750649615,0.5464436309634798,1118.829999999998,1054.5259999999957,578662,1,0,0,0
2024-07-09 04:00:00+00:00,57168.36,57754.0,57011.5,57116.84,4342.95753,0.0001,0.0002822199999999998,0.00075053,0.44321247761892396,0,0,17252.243,18770.339000000004,-1518.096000000005,0.47892855098504594,0.49796713139669146,-0.7592430746059217,-711.1480000000047,-855.3108000000059,491683,1,0,0,0
2024-07-09 08:00:00+00:00,57116.84,57900.0,57024.01,57428.01,3810.42794,0.0001,0.0002822199999999998,0.00075053,0.44321247761892396,0,0,21938.618,20105.024999999998,1833.5930000000008,0.5218058292427229,0.4985624347503479,0.8488248182687472,1448.801999999996,286.8653999999988,499152,1,0,0,0
2024-07-09 12:00:00+00:00,57428.01,58131.09,56903.0,57477.01,8788.77381,8.61e-06,0.00020860999999999983,0.00068402,-3.113072508881003,0,0,37679.753,36600.091,1079.6619999999966,0.5072675300718187,0.504591695376866,0.29629375518920104,1395.1589999999924,440.4213999999985,856593,1,0,0,1
2024-07-09 16:00:00+00:00,57477.0,58296.0,57362.08,57862.01,4164.8292,0.0001,0.0002086099999999998,0.0007515200000000001,0.47952389124487155,0,0,20740.739,20150.57,590.1690000000017,0.5072163133735826,0.5052296937489265,0.2720160833811416,3503.423999999999,623.7265999999988,521167,1,0,0,0
2024-07-09 20:00:00+00:00,57862.01,58260.0,57704.3,58050.0,2496.95771,0.0001,0.0002086099999999998,0.0007515200000000001,0.47952389124487155,0,0,9328.598,8704.839000000002,623.7589999999982,0.5172945124104739,0.5059785354416372,0.6208562392376218,2293.5899999999965,521.8173999999984,275413,1,0,0,0
2024-07-10 00:00:00+00:00,58050.0,58208.0,57309.09,58180.01,2762.2326,0.0001,0.0002086099999999998,0.00076988,0.47952389124487105,0,0,13462.555,13798.518,-335.96299999999974,0.4938380451862625,0.5021343720887506,-0.41189140332381,877.9650000000001,758.2439999999995,377540,0,1,0,0
2024-07-10 04:00:00+00:00,58180.0,59470.0,58180.0,58977.99,6066.4939,0.0001,0.0002086099999999998,0.00076988,0.47952389124487105,0,0,36820.108,32822.252,3997.8559999999998,0.5287027607909899,0.5064831788580516,1.0308360202087075,4285.651999999998,1191.0965999999994,780196,1,0,0,0
2024-07-10 08:00:00+00:00,58977.99,59032.82,58311.66,58492.0,4042.42633,9.225e-05,0.00029224999999999987,0.00076213,0.18567117889073248,0,0,18727.448,20406.304999999997,-1678.8569999999963,0.4785497572900816,0.5039858288158262,-1.0792639173111176,1983.0360000000037,639.3928000000008,441882,1,0,0,0
2024-07-10 12:00:00+00:00,58492.0,58550.0,57471.12,57699.69,6905.27165,9.225e-05,0.00029224999999999987,0.00076213,0.18567117889073248,0,0,31873.775,36566.15,-4692.375,0.4657190229241192,0.501164990413285,-1.4980731379009773,-2373.3759999999966,-417.11599999999964,808240,1,0,0,0
2024-07-10 16:00:00+00:00,57699.69,58019.89,57353.84,57392.03,3000.7172,5.485e-05,0.0002470999999999998,0.00071698,-1.2033316962850469,0,0,12856.719,13182.411000000002,-325.69200000000274,0.49374610442053934,0.4993068426695637,-0.38268202085560676,-6696.923999999999,-607.0061999999998,394268,1,0,0,0
2024-07-10 20:00:00+00:00,57392.03,57879.58,57157.79,57725.85,2174.59631,5.485e-05,0.0002470999999999998,0.00071698,-1.2033316962850469,0,0,12663.923,11068.773,1595.1500000000015,0.5336065906713675,0.5047746466381959,1.1862833903226035,-3422.9170000000013,-220.78359999999958,295384,1,0,0,0
2024-07-11 00:00:00+00:00,57725.85,58407.05,57050.0,57568.0,4166.29718,5.485e-05,0.0002470999999999998,0.00071698,-1.2033316962850469,0,0,22123.527,21216.235000000004,907.291999999994,0.5104672009966275,0.5036407838135862,0.20946715971877553,2176.7499999999927,-838.8964000000008,576379,0,1,0,0
2024-07-11 04:00:00+00:00,57568.0,58300.0,57488.28,58191.5,3450.47132,0.0001,0.0002470999999999998,0.0007379300000000001,0.5386795072826296,0,0,13092.703,12568.583,524.119999999999,0.5102122707334309,0.5039352578797475,0.2158874790667566,3026.5619999999944,-398.30100000000164,363817,1,0,0,0
2024-07-11 08:00:00+00:00,58191.5,58936.52,58052.0,58777.99,4104.41357,0.0001,0.0002470999999999998,0.0007379300000000001,0.5386795072826296,0,0,21781.648,18166.619,3615.0290000000023,0.5452463807754164,0.5077382646199309,1.561418599742778,5046.440999999995,1263.1797999999987,476305,1,0,0,0
2024-07-11 12:00:00+00:00,58777.99,59650.0,57266.58,57402.01,12045.90104,0.0001,0.0002548499999999998,0.00075571,0.5386795072826296,0,0,62574.794,68632.00400000002,-6057.210000000014,0.47691731643355856,0.5037005450222394,-1.0883498806505696,-1918.0610000000124,116.8761999999966,1329194,1,0,0,0
2024-07-11 16:00:00+00:00,57402.01,58000.61,57178.0,57378.01,3674.1921,0.0001,0.0002548499999999998,0.00075571,0.5386795072826296,0,0,15055.419,16281.179999999998,-1225.7609999999986,0.4804420224415547,0.5023609427477685,-0.8945374964225894,-3667.94200000001,-447.3060000000034,423581,1,0,0,0
2024-07-11 20:00:00+00:00,57378.0,57636.0,57150.0,57339.89,2319.78214,0.0001,0.00030000000000000003,0.00075571,0.5386795072826296,0,0,10689.522,10924.724999999999,-235.2029999999977,0.49455907485465495,0.4989465741541351,-0.2624103880694577,-7518.17400000001,-675.8050000000018,323535,1,0,0,0
2024-07-12 00:00:00+00:00,57339.89,57571.86,56542.47,56914.01,3755.44316,6.378e-05,0.0002637799999999998,0.00071949,-0.8069050453194856,0,0,22110.668,22938.948999999997,-828.2809999999954,0.4908070139641809,0.500172299821545,-0.4319244229799109,-2289.2449999999917,-946.2852000000006,571237,1,0,0,0
2024-07-12 04:00:00+00:00,56914.01,57416.13,56716.68,57106.94,2909.38206,6.378e-05,0.0002637799999999998,0.00071949,-0.8069050453194856,0,0,13579.404,13776.257,-196.85299999999916,0.4964019695959824,0.5032405944887313,-0.2315828794207916,-1260.3369999999923,-1708.6616000000008,332245,0,1,0,0
2024-07-12 08:00:00+00:00,57106.95,57334.32,56767.05,57203.54,3142.52354,3.026e-05,0.00019403999999999984,0.00074114,-1.883098039159583,0,0,15547.899,15501.958,45.940999999998894,0.5007397940673285,0.5039399634534102,-0.00835492836802668,-979.1929999999957,-488.03139999999837,393777,1,0,0,0
2024-07-12 12:00:00+00:00,57203.54,58278.0,57000.0,58214.0,6704.3943,3.026e-05,0.00019403999999999984,0.00074114,-1.883098039159583,0,0,30905.007,28920.457999999995,1984.5490000000063,0.5165861560791881,0.5022379199941922,0.7020919622218554,1833.637000000006,154.0306000000026,750048,1,0,0,0
2024-07-12 16:00:00+00:00,58213.99,58526.68,57500.0,57576.01,4912.50519,4.037e-05,0.00013440999999999982,0.00068151,-1.4051727865723738,0,0,23545.68,25947.134,-2401.453999999998,0.4757393669311266,0.4987651365876422,-1.138381374327377,-370.96399999999267,-279.21959999999746,555055,1,0,0,0
2024-07-12 20:00:00+00:00,57576.01,57906.1,57150.06,57889.1,2228.20865,4.037e-05,0.00013440999999999982,0.00068151,-1.4051727865723738,0,0,12764.253,12562.949,201.3040000000001,0.5039740670919749,0.49814131622349656,0.09167602704940929,-215.60099999999147,-73.30259999999835,320996,1,0,0,0
2024-07-13 00:00:00+00:00,57889.09,57991.5,57762.39,57814.0,1446.83324,8.319e-05,0.00015381999999999982,0.0006647000000000001,0.11402910551140424,0,0,5634.323,5971.23,-336.90699999999924,0.4854850949368807,0.49216518763964306,-0.8387353527629401,-2537.056999999997,-101.31339999999837,180912,1,0,0,0
2024-07-13 04:00:00+00:00,57814.0,58216.08,57756.63,58170.32,1632.17504,8.319e-05,0.00015381999999999982,0.0006647000000000001,0.11402910551140424,0,0,7871.074,6592.276000000001,1278.7979999999989,0.5442082228529351,0.49889427828158067,1.9873731119072557,1143.1949999999997,145.25800000000163,213512,1,0,0,0
2024-07-13 08:00:00+00:00,58170.33,58854.98,57900.57,58534.0,3065.17976,6.865e-05,0.00019220999999999981,0.0006411,-0.36454773966331017,0,0,18666.502,16182.998,2483.504000000001,0.5356318455071092,0.5044132605881362,1.5569554735138205,3425.3950000000004,245.04900000000052,415525,1,0,0,0
2024-07-13 12:00:00+00:00,58534.0,58899.46,58434.38,58830.63,2936.67433,6.865e-05,0.00019220999999999981,0.0006411,-0.36454773966331017,0,0,15219.135,14939.492,279.64300000000003,0.5046362024371999,0.5054209733463906,0.0492187149363021,4041.9449999999997,781.2684000000002,354044,1,0,0,0
2024-07-13 16:00:00+00:00,58830.62,58964.89,58572.98,58624.38,1692.04143,0.0001,0.0002518399999999998,0.00068625,0.7489863595680745,0,0,8666.905,8843.366,-176.46099999999933,0.4949612144780626,0.5058363933977789,-0.4030046432038772,2586.6860000000015,705.7154000000003,236932,1,0,0,0
2024-07-13 20:00:00+00:00,58624.38,59850.0,58288.19,59204.02,4584.84139,0.0001,0.0002518399999999998,0.00068625,0.7489863595680745,0,0,26397.853,22899.168,3498.6849999999977,0.5354857649511925,0.5097447729332998,1.4315054542728989,3601.8669999999984,1472.8337999999997,555439,1,0,0,0
2024-07-14 00:00:00+00:00,59204.01,59838.0,59194.01,59466.15,3229.454,8.737e-05,0.0002560199999999998,0.00067362,0.31795799334536146,0,0,15713.689,16164.411999999998,-450.72299999999814,0.49293052305719215,0.5089638458322862,-0.5169477026682273,2871.501,1126.9296000000002,418812,0,1,0,0
2024-07-14 04:00:00+00:00,59466.16,60324.61,59418.68,60062.01,4786.53502,8.737e-05,0.0002560199999999998,0.00067362,0.31795799334536146,0,0,24267.951,22381.551999999996,1886.399000000005,0.5202188542073,0.5093271156450974,0.6966865825328045,4934.361000000004,1007.508600000001,583637,1,0,0,0
2024-07-14 08:00:00+00:00,60062.01,60400.0,59904.0,60099.1,2939.8847,3.71e-05,0.0002244699999999998,0.00061072,-1.3738087811542052,0,0,12803.417,14134.737,-1331.3199999999997,0.47528932383414246,0.509282111335399,-1.320596858055143,104.35600000000704,685.316000000001,354086,0,1,0,0
2024-07-14 12:00:00+00:00,60099.1,60236.13,59466.67,60084.0,3186.29928,3.71e-05,0.0002244699999999998,0.00061072,-1.3738087811542052,0,0,19398.666,19465.49,-66.82400000000052,0.4991402875184013,0.5087987333780416,-0.20696785331811637,488.25500000000466,707.2434000000009,462609,1,0,0,0
2024-07-14 16:00:00+00:00,60084.0,60184.99,59894.16,59915.99,1320.94796,8.342e-05,0.0002078899999999998,0.00059414,0.26783216986901637,0,0,4953.374,5316.838,-363.46399999999994,0.48230494170909033,0.5084807180552625,-0.9312886514139798,-1761.6080000000002,-65.18639999999868,177482,1,0,0,0
2024-07-14 20:00:00+00:00,59916.0,61420.69,59880.0,60797.91,5715.21811,8.342e-05,0.0002078899999999998,0.00059414,0.26783216986901637,0,0,30226.591,23234.165999999997,6992.425000000003,0.5653977365116623,0.5105996694211352,2.471217129963508,6562.137000000002,1423.4432000000015,649164,1,0,0,0
2024-07-15 00:00:00+00:00,60797.91,62796.01,60632.3,62647.87,8302.39428,4.59e-05,0.0001664199999999998,0.00057626,-0.9900972230760504,0,0,42264.87,37276.544,4988.326000000001,0.5313567847813216,0.5101721633485565,1.025127728950703,11617.287000000004,2043.8286000000007,901414,1,0,0,0
2024-07-15 04:00:00+00:00,62647.87,63084.0,62433.01,62840.12,4843.17921,4.59e-05,0.0001664199999999998,0.00057626,-0.9900972230760504,0,0,23220.314,21475.082000000002,1745.2319999999963,0.5195236216276057,0.5116609052675971,0.5708455136645941,13725.983,2659.139,545402,1,0,0,0
2024-07-15 08:00:00+00:00,62840.12,63243.71,62290.0,62454.0,4225.17162,3.202e-05,0.0001613399999999998,0.0005780199999999999,-1.3715556062514476,0,0,21785.19,22627.615999999998,-842.4259999999995,0.4905159561411184,0.5112163794339026,-0.6217047808762403,5891.131999999998,2504.0186000000003,502221,1,0,0,0
2024-07-15 12:00:00+00:00,62454.0,63328.0,62444.67,63026.0,6566.03185,3.202e-05,0.0001613399999999998,0.0005780199999999999,-1.3715556062514476,0,0,29607.585,26948.434999999998,2659.1500000000015,0.5235089916157467,0.5100187021003582,0.6744891381967598,3561.9559999999983,3108.5414000000005,647836,1,0,0,0
2024-07-15 16:00:00+00:00,63026.01,63820.15,62852.0,63342.0,8649.43196,-5.14e-06,7.277999999999983e-05,0.00053251,-2.4807853506053466,0,0,36177.241,34282.560999999994,1894.6800000000076,0.5134451130021627,0.5120701610948551,0.21921405059466254,3711.4040000000095,2088.9924000000015,786891,1,0,0,1
2024-07-15 20:00:00+00:00,63342.0,64900.0,63251.65,64724.14,6104.76928,-5.14e-06,7.277999999999983e-05,0.00053251,-2.4807853506053466,0,0,31827.412,24729.331000000002,7098.080999999998,0.562751854363325,0.5163234611104576,2.138672805442794,11651.911000000007,2510.943400000001,701025,1,0,0,1
2024-07-16 00:00:00+00:00,64724.06,64955.49,64436.2,64752.14,4459.14074,-5.062e-05,-2.3740000000000176e-05,0.0003987,-3.1185329133485657,0,0,16503.834,16639.351,-135.51699999999983,0.4979555827238692,0.5185900869994302,-0.4355678487472214,8857.244000000006,2134.793600000002,445927,0,1,0,1
2024-07-16 04:00:00+00:00,64752.14,64993.95,62721.79,62895.01,9913.30874,-5.062e-05,-2.3740000000000176e-05,0.0003987,-3.1185329133485657,0,0,41076.906,45228.59299999999,-4151.686999999991,0.4759477261118669,0.5162708308587769,-1.2327963705163638,2810.8770000000077,1472.9414000000033,914717,1,0,0,1
2024-07-16 08:00:00+00:00,62895.01,63872.2,62373.24,63746.11,6280.01898,8.814e-05,3.237999999999983e-05,0.00041819,0.5336681978563663,0,0,34512.43,32346.318999999996,2166.1110000000044,0.5161991589163597,0.5196602525795038,0.3793736899001229,-2121.092999999986,1374.333600000004,723576,1,0,0,0
2024-07-16 12:00:00+00:00,63746.11,64960.86,63063.83,64878.24,8930.8138,8.814e-05,3.237999999999983e-05,0.00041819,0.5336681978563663,0,0,44069.011,41480.03200000001,2588.978999999992,0.5151315485785153,0.5146336337861891,0.29236588495955096,603.4030000000057,1513.1934000000008,1006711,1,0,0,0
2024-07-16 16:00:00+00:00,64878.24,65200.0,64111.56,65165.43,7931.24617,2.717e-05,6.468999999999983e-05,0.00034535999999999996,-1.0603489829352273,0,0,31528.611,32137.403000000002,-608.7920000000013,0.4952188619818417,0.5110198415062411,-0.5591932848240787,4146.297999999995,-28.18119999999908,755972,0,1,0,0
2024-07-16 20:00:00+00:00,65165.42,65388.97,64115.0,65043.99,5016.00072,2.717e-05,6.468999999999983e-05,0.00034535999999999996,-1.0603489829352273,0,0,19567.343,20168.782999999996,-601.439999999995,0.4924320755375097,0.5083106868972316,-0.6719398071578455,1378.7469999999958,-121.36579999999813,526512,1,0,0,0
2024-07-17 00:00:00+00:00,65044.0,66128.63,64932.31,65701.66,5877.77737,-3.419e-05,8.111999999999982e-05,0.00022379999999999996,-2.313287194234276,0,0,28716.395,25799.77,2916.625,0.5267500932980154,0.5119341006129212,0.7166302933630132,1706.3930000000037,1292.2966000000001,641443,1,0,0,1
2024-07-17 04:00:00+00:00,65701.66,65993.14,65198.62,65258.0,4387.02514,-3.419e-05,8.111999999999982e-05,0.00022379999999999996,-2.313287194234276,0,0,14402.574,16017.177,-1614.6029999999992,0.4734612719216538,0.506929328643512,-1.4382102396049843,700.5820000000058,536.1537999999994,406714,1,0,0,1
2024-07-17 08:00:00+00:00,65258.01,65500.0,64560.0,64723.73,4608.68913,-3.419e-05,8.111999999999982e-05,0.00022379999999999996,-2.313287194234276,0,0,23441.594,24987.393,-1545.798999999999,0.4840405602537175,0.5039888733686675,-0.9714099691261909,-243.77699999999822,-290.80179999999893,590009,1,0,0,1
2024-07-17 12:00:00+00:00,64723.73,65400.0,64537.41,64724.01,6216.23738,1.775e-05,1.0729999999999821e-05,0.00020444999999999998,-1.0168555467122766,0,0,32519.335,31822.544,696.7909999999974,0.5054147548286552,0.4982551634152005,-0.10226862696260962,-2463.611000000001,-29.685199999999167,751195,1,0,0,0
2024-07-17 16:00:00+00:00,64724.01,64766.99,63854.0,64585.78,5893.07209,2.143e-05,4.989999999999822e-06,0.00014246,-0.870242663567088,0,0,28003.132,29853.325,-1850.1929999999993,0.4840104882329729,0.4968606539661108,-0.9832277092578185,-2699.201000000001,-279.43580000000003,651125,1,0,0,0
2024-07-17 20:00:00+00:00,64585.78,64672.89,64058.0,64087.99,2584.72843,2.143e-05,4.989999999999822e-06,0.00014246,-0.870242663567088,0,0,9991.562,11101.591999999999,-1110.0299999999988,0.47368743432110727,0.4966346247870348,-1.318901565554029,-2263.4320000000007,-1084.7667999999999,293687,1,0,0,0
2024-07-18 00:00:00+00:00,64087.99,65133.3,63910.0,64865.08,4071.27925,6.89e-06,4.606999999999982e-05,0.00010345,-1.1334383057327018,0,0,18598.061,16822.208999999995,1775.8520000000062,0.525068301286241,0.49752153902402296,0.652863559194752,-1184.370999999992,-406.67579999999873,449807,1,0,0,0
2024-07-18 04:00:00+00:00,64865.09,65061.5,64402.35,64668.0,2950.56928,6.89e-06,4.606999999999982e-05,0.00010345,-1.1334383057327018,0,0,10262.699,11838.094000000001,-1575.3950000000004,0.4643588580735542,0.49244426997352686,-1.6215899725731941,-909.572999999993,-412.594999999999,295277,1,0,0,0
2024-07-18 08:00:00+00:00,64668.0,64950.0,64441.94,64758.0,2394.45662,1.546e-05,4.377999999999983e-05,8.689e-05,-0.878001537886531,0,0,10013.431,10642.344000000001,-628.9130000000005,0.48477633978875156,0.4914000177542179,-0.7689285144172702,-428.4559999999947,-677.7357999999986,255437,0,1,0,0
2024-07-18 12:00:00+00:00,64758.0,65111.29,63400.0,63538.12,6967.85898,1.546e-05,4.377999999999983e-05,8.689e-05,-0.878001537886531,0,0,38025.953,41315.539,-3289.5859999999957,0.4792694470630827,0.49008375490677514,-0.9383931819939112,-5493.893999999997,-965.6143999999979,832781,1,0,0,0
2024-07-18 16:00:00+00:00,63538.12,63958.51,63238.48,63555.0,4155.67605,3.127e-05,5.3619999999999815e-05,0.0001233,-0.4713641553725163,0,0,20138.238,19984.565,153.6730000000025,0.501915033204435,0.4876002488974171,-0.06513589751163482,-3764.8259999999937,-712.8737999999976,506983,1,0,0,0
2024-07-18 20:00:00+00:00,63555.0,64122.43,63438.21,63987.92,2028.88232,3.127e-05,5.3619999999999815e-05,0.0001233,-0.4713641553725163,0,0,9923.999,8083.0250000000015,1840.9739999999983,0.5511182192015738,0.4953659436254091,1.7785517379032263,-1294.9389999999948,-699.8493999999992,229871,1,0,0,0
2024-07-19 00:00:00+00:00,63987.92,64368.62,63300.67,64325.0,3161.96417,4.029e-05,8.701999999999983e-05,0.00021421,-0.2200760357214841,0,0,15857.823,14913.504,944.3189999999995,0.5153441383922117,0.49849630143925855,0.397082132332235,2938.9660000000003,-195.90659999999917,373982,1,0,0,0
2024-07-19 04:00:00+00:00,64324.99,64486.0,63600.0,63694.01,4022.16332,4.029e-05,8.701999999999983e-05,0.00021421,-0.2200760357214841,0,0,12650.908,15537.951000000001,-2887.0430000000015,0.4487910631643515,0.4928339322728282,-1.9067366990750116,-101.75000000000364,-647.5325999999993,332866,1,0,0,0
2024-07-19 08:00:00+00:00,63694.01,64182.77,63409.01,64116.0,3490.01318,4.855e-05,0.00012010999999999982,0.00017461999999999998,-0.05619650719622914,0,0,18227.036,17167.97,1059.065999999999,0.5149606698752925,0.49592895043706015,0.4022722081247502,-883.6580000000031,222.19779999999955,400543,1,0,0,0
2024-07-19 12:00:00+00:00,64115.99,65888.0,64005.57,65836.77,10348.62908,4.855e-05,0.00012010999999999982,0.00017461999999999998,-0.05619650719622914,0,0,49434.197,44540.45,4893.747000000003,0.5260375918198448,0.5011639661869338,0.7613766220505513,3065.7700000000004,1170.2125999999996,996056,1,0,0,0
2024-07-19 16:00:00+00:00,65836.76,67386.0,65827.62,67157.26,11099.18996,4.606e-05,0.00013489999999999984,0.00019350999999999998,-0.07484851544477274,0,0,51047.634,45522.867999999995,5524.766000000003,0.5286048321463629,0.5015176192729461,0.7979054442972552,11477.579000000005,1906.9710000000007,1038757,1,0,0,0
2024-07-19 20:00:00+00:00,67157.25,67352.44,66616.19,66660.0,3512.76768,4.606e-05,0.00013489999999999984,0.00019350999999999998,-0.07484851544477274,0,0,12631.933,14327.530999999999,-1695.5979999999981,0.4685528243439855,0.5019370158999892,-1.2988292999522424,8722.915000000008,1378.987600000001,340574,1,0,0,0
2024-07-20 00:00:00+00:00,66660.01,66822.22,66222.46,66602.01,2794.0079,4.606e-05,0.00013489999999999984,0.00019350999999999998,-0.07484851544477274,0,0,10849.334,11524.961999999998,-675.627999999997,0.4849016925493433,0.5019495511760483,-0.6326610346042265,3153.540000000008,1821.270600000002,292908,1,0,0,0
2024-07-20 04:00:00+00:00,66602.0,66775.11,66436.0,66562.28,1871.55513,-3.077e-05,6.383999999999982e-05,0.00019693,-1.8136546510001723,0,0,5792.163,5514.874000000001,277.28899999999885,0.5122617888311499,0.5052487853528551,0.42445487364298046,-2093.9369999999963,1664.915200000002,165189,0,1,0,0
2024-07-20 08:00:00+00:00,66562.27,66733.09,66458.83,66483.69,1353.5524,1.944e-05,3.4729999999999825e-05,0.00019862,-0.5590546206139995,0,0,5845.352,5277.425,567.9269999999997,0.5255299103811935,0.507610273070531,0.8796843541983775,169.58800000000156,799.7512000000013,156884,0,1,0,0
2024-07-20 12:00:00+00:00,66483.69,66832.0,66273.62,66825.0,1565.74689,1.944e-05,3.4729999999999825e-05,0.00019862,-0.5590546206139995,0,0,9094.124,8533.706000000002,560.4179999999978,0.515895830626912,0.5040880342130648,0.5267095952375412,1405.6339999999964,-193.11839999999975,227341,1,0,0,0
2024-07-20 16:00:00+00:00,66824.99,67598.0,66679.01,67224.0,4139.41482,1.622e-05,4.889999999999819e-06,0.00019341,-0.6034030267151312,0,0,21939.559,19299.11,2640.4490000000005,0.5320142364439551,0.5057550440182392,1.0989515401887862,3768.793999999998,674.091,513353,1,0,0,0
2024-07-20 20:00:00+00:00,67224.0,67430.01,66790.9,67139.96,2662.6472,1.622e-05,4.889999999999819e-06,0.00019341,-0.6034030267151312,0,0,8742.019,11151.777999999998,-2409.758999999998,0.4394344126463139,0.5048193789664354,-2.228311394632751,791.1080000000002,327.26479999999975,268827,1,0,0,0
2024-07-21 00:00:00+00:00,67139.97,67436.22,66962.0,67171.33,1473.02827,-5.313e-05,-1.7470000000000183e-05,0.00013339,-2.0725589312465917,0,0,6477.326,6631.629,-154.30299999999988,0.4941145957095741,0.5027347715498636,-0.16529064589918754,76.38700000000244,240.94639999999998,196846,0,1,0,1
2024-07-21 04:00:00+00:00,67171.33,67220.52,66592.1,66701.99,1958.03031,-5.313e-05,-1.7470000000000183e-05,0.00013339,-2.0725589312465917,0,0,8393.424,9993.905,-1600.4809999999998,0.4564786979120241,0.4957788821590814,-1.5115486834640657,-4164.542999999998,-192.7351999999999,255481,1,0,0,1
2024-07-21 08:00:00+00:00,66702.0,67062.77,66680.0,66879.99,1335.82107,2.194e-05,-1.4970000000000187e-05,0.00013987,-0.27512329614589914,0,0,6021.567,5541.187999999999,480.3790000000008,0.5207726878239659,0.49499566772684167,0.8278462180454856,-1274.4049999999988,-208.7429999999993,184731,1,0,0,0
2024-07-21 12:00:00+00:00,66879.99,67499.99,66616.0,67164.0,2766.07202,2.194e-05,-1.4970000000000187e-05,0.00013987,-0.27512329614589914,0,0,16125.477,15152.121000000001,973.3559999999998,0.5155599544440721,0.49969638073685035,0.6375179856418428,-146.74599999999919,-542.1615999999995,398748,1,0,0,0
2024-07-21 16:00:00+00:00,67164.0,67713.0,65777.0,67422.02,9311.54907,6.46e-06,-2.473000000000018e-05,0.00011506,-0.5995993421344857,0,0,45284.182,44478.982,805.1999999999971,0.5044851360186011,0.5016547250837762,0.22346252736965413,2258.9349999999977,100.8301999999996,1014849,1,0,0,0
2024-07-21 20:00:00+00:00,67422.03,68366.66,67274.69,68165.34,4974.61117,6.46e-06,-2.473000000000018e-05,0.00011506,-0.5995993421344857,0,0,22927.881,20200.690000000002,2727.190999999999,0.5316169877272308,0.5035902449733843,1.1356829254729022,4505.746999999996,677.1289999999993,600203,1,0,0,0
2024-07-22 00:00:00+00:00,68165.35,68474.55,67753.72,67880.01,2930.46409,9.136e-05,0.00011975999999999983,0.00016613,1.4819445473887676,0,0,14187.199,15169.900999999998,-982.7019999999975,0.4832629585347327,0.4993635497887382,-0.5364227855949795,2549.6889999999985,800.6847999999998,395434,1,0,0,0
2024-07-22 04:00:00+00:00,67880.01,67996.01,67122.22,67236.0,2950.64733,9.136e-05,0.00011975999999999983,0.00016613,1.4819445473887676,0,0,12496.719,14310.907000000001,-1814.188000000002,0.4661628373955978,0.49439025046560675,-1.1317950266072083,-69.69900000000052,341.7713999999993,372536,1,0,0,0
2024-07-22 08:00:00+00:00,67236.01,67599.0,66944.1,67516.01,2471.17079,5.953e-05,0.00015734999999999984,0.00017711000000000002,0.6698133553490189,0,0,10517.404,10320.9,196.50400000000081,0.5047149710456283,0.491660323925774,0.2171837217092895,-2600.3859999999986,186.40099999999947,312695,1,0,0,0
2024-07-22 12:00:00+00:00,67516.01,67952.39,66559.97,67063.87,5487.87343,5.953e-05,0.00015734999999999984,0.00017711000000000002,0.6698133553490189,0,0,27639.603,28464.827999999998,-825.2249999999985,0.4926456343528375,0.49698144609642636,-0.19896284123722566,-2442.9089999999997,-139.68399999999966,714092,1,0,0,0
2024-07-22 16:00:00+00:00,67063.87,68250.0,66798.36,68232.07,3909.8301,2.769e-05,0.00017857999999999983,0.00015874000000000001,-0.09661105315886748,0,0,17906.49,16614.893,1291.5970000000016,0.518707202431606,0.4994407067686296,0.6886029582110641,662.8760000000038,-426.80279999999914,466620,1,0,0,0
2024-07-22 20:00:00+00:00,68232.08,68256.0,67224.11,67532.01,3701.05729,2.769e-05,0.00017857999999999983,0.00015874000000000001,-0.09661105315886748,0,0,12225.981,13136.565999999999,-910.5849999999991,0.482048628633394,0.5019976998407667,-0.6316334010452052,-444.2129999999961,-412.37939999999946,399933,1,0,0,0
2024-07-23 00:00:00+00:00,67532.0,67750.98,67183.98,67473.99,2359.78706,4.709e-05,0.00013430999999999982,0.00023659999999999998,0.4169320977630946,0,0,9397.869,10737.493,-1339.6239999999998,0.4667345439332057,0.49659388545169064,-1.1035922774426956,-958.6119999999974,-317.466599999999,294704,1,0,0,0
2024-07-23 04:00:00+00:00,67473.98,67526.01,66256.39,66576.0,5421.15607,4.709e-05,0.00013430999999999982,0.00023659999999999998,0.4169320977630946,0,0,21623.483,24135.368000000002,-2511.885000000002,0.47255301493475,0.49229319150075845,-0.9156810765536305,-4762.094000000001,-859.1443999999996,559523,1,0,0,0
2024-07-23 08:00:00+00:00,66576.0,67166.01,66454.0,66676.01,4791.70581,4.31e-05,0.00011787999999999983,0.00026026,0.34326333657971286,0,0,17068.701,17608.025999999998,-539.3249999999971,0.4922235307847826,0.49106703097737653,-0.21681416494324895,-4390.833999999999,-801.9643999999993,445177,0,1,0,0
2024-07-23 12:00:00+00:00,66676.0,67349.03,65962.0,66584.01,8657.6177,4.31e-05,0.00011787999999999983,0.00026026,0.34326333657971286,0,0,42967.574,43221.063,-253.4890000000014,0.4985294523221199,0.4877582774368654,-0.012255500294374002,-3304.6990000000005,-1110.9815999999998,1003677,1,0,0,0
2024-07-23 16:00:00+00:00,66584.01,66780.01,65441.08,65536.01,6601.90145,4.642e-05,0.00013660999999999982,0.00029046,0.5003513069007757,0,0,28668.185,29090.351,-422.16599999999744,0.49634542329812514,0.4890665239132047,-0.08508471282366498,-1214.979999999996,-1013.2977999999996,733549,1,0,0,0
2024-07-23 20:00:00+00:00,65536.0,66054.0,65472.54,65936.01,3573.98507,4.642e-05,0.00013660999999999982,0.00029046,0.5003513069007757,0,0,13652.616,12259.951,1392.6650000000009,0.5268723858967735,0.4951374787633222,1.1081761681243534,717.010000000002,-466.8399999999994,363846,1,0,0,0
2024-07-24 00:00:00+00:00,65936.0,66146.01,65476.84,66052.71,2432.59154,0.0001,0.00018951999999999983,0.00044359,1.8907070478065753,0,0,11522.121,11707.752,-185.63100000000122,0.49600447664952796,0.49426642932371223,-0.04709977870665517,784.8680000000022,-1.589199999999255,328111,0,1,0,0
2024-07-24 04:00:00+00:00,66052.71,66080.01,65610.0,66078.0,2427.93275,0.0001,0.00018951999999999983,0.00044359,1.8907070478065753,0,0,8105.432,8421.574,-316.14200000000073,0.49043559371854767,0.49404542526028317,-0.33598812403721123,890.8919999999989,43.04740000000002,235642,0,1,0,0
2024-07-24 08:00:00+00:00,66078.0,66600.0,66008.0,66367.99,3288.02602,0.0001,0.0002464199999999998,0.00052165,1.735732588423535,0,0,14159.507,14205.101,-45.59400000000096,0.4991962871477018,0.49209433373189276,0.04581167639942339,-547.3670000000029,84.6264000000001,349668,0,1,0,0
2024-07-24 12:00:00+00:00,66368.0,67102.01,66093.99,66176.0,5901.95291,0.0001,0.0002464199999999998,0.00052165,1.735732588423535,0,0,32783.954,31229.870000000003,1554.0839999999953,0.5121386592995912,0.4951033367985126,0.611679119666096,1192.3479999999936,479.8763999999986,716646,0,1,0,0
2024-07-24 16:00:00+00:00,66176.0,66709.55,65558.89,65652.0,5503.70728,0.0001,0.00030000000000000003,0.00061519,1.685800774624394,0,0,22464.514,23822.179,-1357.6650000000009,0.48533417585049765,0.49696329999024175,-0.47004205023525464,150.82499999999345,-70.1896000000017,550631,1,0,0,0
2024-07-24 20:00:00+00:00,65652.01,66066.66,65111.0,65376.0,3528.35227,0.0001,0.00030000000000000003,0.00061519,1.685800774624394,0,0,17590.936,19066.481,-1475.5449999999983,0.47987385472358846,0.4976953839691256,-0.7349697817760603,-1279.1260000000038,-328.1724000000011,485860,1,0,0,0
2024-07-25 00:00:00+00:00,65376.01,65620.0,63861.0,64093.59,9391.42907,0.0001,0.00030000000000000003,0.00062383,1.5715923846666653,0,0,38582.26,47646.676,-9064.415999999997,0.44743982460829623,0.49321701335147694,-1.9668411027444848,-11897.625999999997,-2077.8272000000006,911439,1,0,0,0
2024-07-25 04:00:00+00:00,64093.58,64390.0,63800.0,64134.0,3961.34648,0.0001,0.00030000000000000003,0.00062383,1.5715923846666653,0,0,14291.675,14842.89,-551.2150000000001,0.4905401882609196,0.49241808694535694,-0.16771123345130973,-11091.175999999996,-2178.9514000000004,333944,0,1,0,0
2024-07-25 08:00:00+00:00,64134.0,64480.0,63878.0,64096.0,4126.90854,0.0001,0.00030000000000000003,0.0006643,1.4598309724058274,0,0,16529.409,15702.629,826.7799999999988,0.5128254378454133,0.49406608840008576,0.7877941110115959,-8788.850999999999,-2324.4121999999998,392955,0,1,0,0
2024-07-25 12:00:00+00:00,64096.01,65005.0,63456.7,64790.88,7825.83383,0.0001,0.00030000000000000003,0.0006643,1.4598309724058274,0,0,42443.163,43424.501000000004,-981.3380000000034,0.49428575348224213,0.4908074251586326,0.03603722613588824,-705.7730000000047,-2249.1468,926828,0,1,0,0
2024-07-25 16:00:00+00:00,64790.89,65187.82,64388.46,64692.01,5638.02977,0.0001,0.00030000000000000003,0.00073661,1.354894613646502,0,0,21323.129,21926.509,-603.3799999999974,0.49302445028557235,0.49050942252223706,0.039663612582196195,-757.9380000000019,-2074.7138,587075,1,0,0,0
2024-07-25 20:00:00+00:00,64692.01,66175.49,64425.0,65799.95,4182.88165,0.0001,0.00030000000000000003,0.00073661,1.354894613646502,0,0,23168.694,19803.906,3364.7880000000005,0.5391503888524316,0.4953809020356255,2.036327683249252,1780.0699999999997,411.12699999999967,535585,1,0,0,0
2024-07-26 00:00:00+00:00,65799.95,67480.0,65722.63,67042.01,5791.72468,0.0001,0.00030000000000000003,0.00078952,1.298696180952974,0,0,27578.243,26743.8,834.4429999999993,0.5076805193059473,0.4962293252514501,0.5453078760534464,3595.8510000000024,688.2585999999995,659673,1,0,0,0
2024-07-26 04:00:00+00:00,67042.0,67190.0,66870.82,66890.56,3400.66108,0.0001,0.00030000000000000003,0.00078952,1.298696180952974,0,0,13620.159,13760.925,-140.76599999999962,0.4974295027910509,0.49475840960059597,0.0070674740713857235,4058.465,494.74939999999987,318208,1,0,0,0
2024-07-26 08:00:00+00:00,66890.56,67498.0,66890.56,67322.0,3011.50616,0.0001,0.00030000000000000003,0.0008464200000000001,1.2758080540973653,0,0,12497.35,12539.37,-42.02000000000044,0.49916083256912247,0.4961410752724584,0.13137689133906325,651.6569999999992,682.6130000000005,289794,0,1,0,0
2024-07-26 12:00:00+00:00,67321.99,68000.0,66892.0,67560.01,6230.76783,0.0001,0.00030000000000000003,0.0008464200000000001,1.2758080540973653,0,0,35059.665,34373.511000000006,686.153999999995,0.5049411105722716,0.49864780085732674,0.44783053103980036,503.36799999999494,940.5197999999989,791207,1,0,0,0
2024-07-26 16:00:00+00:00,67560.0,68144.01,67303.07,67990.0,3294.11637,3.34e-05,0.00023339999999999982,0.0008334,-0.2430045137031534,0,0,15317.758,14839.947000000002,477.8109999999979,0.5079218727021834,0.5046960056667155,0.593043027288034,1121.9449999999924,363.12439999999845,396332,1,0,0,0
2024-07-26 20:00:00+00:00,67990.0,68200.0,67413.5,67907.99,2515.58411,3.34e-05,0.00023339999999999982,0.0008334,-0.2430045137031534,0,0,14408.503,14645.294999999998,-236.79199999999764,0.49592493897011336,0.5052344807376349,0.04286879010191078,927.1729999999952,148.87739999999903,335078,1,0,0,0
2024-07-27 00:00:00+00:00,67908.0,68081.57,67630.0,67798.0,1546.232,6.547e-05,0.0001988699999999998,0.00079887,0.43538589093265884,0,0,7244.647,7937.794999999999,-693.1479999999992,0.4771727104243178,0.5016692079955253,-0.9574801940855417,-452.128999999999,38.400999999999115,202620,1,0,0,0
2024-07-27 04:00:00+00:00,67797.99,68295.39,67782.73,68036.68,1915.58616,6.547e-05,0.0001988699999999998,0.00079887,0.43538589093265884,0,0,9631.112,8083.2970000000005,1547.8149999999987,0.5436880225583591,0.506609434903137,2.3360680457204177,617.8750000000018,356.3679999999989,195890,1,0,0,0
2024-07-27 08:00:00+00:00,68036.68,68275.64,67892.24,68209.88,1834.00547,8.022e-05,0.0001790899999999998,0.00077909,0.7400552831485536,0,0,7003.172,7549.059,-545.8870000000006,0.4812438725031234,0.5054313771248922,-0.7771947830133893,308.77999999999884,109.95979999999982,189704,0,1,0,0
2024-07-27 12:00:00+00:00,68209.88,69399.99,68195.43,68844.0,6195.41252,8.022e-05,0.0001790899999999998,0.00077909,0.7400552831485536,0,0,35760.254,33370.032999999996,2390.221000000005,0.5172877989064331,0.5032451181302922,0.9736948468220468,3392.149000000003,492.44180000000125,753077,1,0,0,0
2024-07-27 16:00:00+00:00,68844.0,68990.03,67658.68,68246.0,5271.56991,9.109e-05,0.0002367799999999998,0.0007701800000000001,0.9385295365855487,0,0,29631.07,31766.65,-2135.5800000000017,0.48260863758458783,0.5007379299581562,-0.6860619157598602,-291.24599999999737,112.68420000000042,679818,1,0,0,0
2024-07-27 20:00:00+00:00,68246.0,69182.94,66650.0,67896.5,14947.41315,9.109e-05,0.0002367799999999998,0.0007701800000000001,0.9385295365855487,0,0,78082.804,74922.75399999999,3160.0500000000175,0.5103265856525291,0.5020276382443041,0.6513788753072044,3414.6910000000207,883.3238000000038,1634117,0,1,0,0
2024-07-28 00:00:00+00:00,67896.49,68285.43,67260.54,67940.95,2215.70821,8.18e-05,0.0002531099999999998,0.00075198,0.6655545225808321,0,0,11122.683,11130.439999999999,-7.756999999997788,0.4998257098565447,0.5020941259730464,0.07445661877304414,1016.7130000000179,572.2094000000045,300692,0,1,0,0
2024-07-28 04:00:00+00:00,67940.94,68024.18,67066.66,67560.86,2398.3193,8.18e-05,0.0002531099999999998,0.00075198,0.6655545225808321,0,0,12472.777,12677.065,-204.28800000000047,0.4959385828348345,0.5011938731993026,-0.1748512631833511,2948.005000000019,640.5292000000045,303341,1,0,0,0
2024-07-28 08:00:00+00:00,67560.86,68000.0,67220.0,67836.0,1770.93628,9.177e-05,0.0002646599999999998,0.0007437499999999999,0.8478367990548116,0,0,9866.498,9124.318,742.1800000000003,0.5195404978911912,0.5023557357182035,1.0320203313814278,530.135000000002,310.9210000000036,236977,1,0,0,0
2024-07-28 12:00:00+00:00,67836.01,68123.32,67577.63,67645.0,1768.83501,9.177e-05,0.0002646599999999998,0.0007437499999999999,0.8478367990548116,0,0,9990.949,11706.243999999999,-1715.2949999999983,0.4604719605895565,0.49881043788014773,-1.8994944578768167,-1177.4029999999984,394.9780000000043,284586,1,0,0,0
2024-07-28 16:00:00+00:00,67645.0,68318.43,67624.0,68112.0,1510.5162,9.177e-05,0.0002646599999999998,0.0007437499999999999,0.8478367990548116,0,0,8184.644,7357.414999999999,827.2290000000012,0.5266125936080928,0.5037544261985252,1.2871411987599726,-145.88599999999678,-71.58619999999901,220707,1,0,0,0
2024-07-28 20:00:00+00:00,68112.0,68277.83,67801.62,68249.88,1204.37894,2.804e-05,0.0002016099999999998,0.00067179,-0.6952994533400401,0,0,6259.661,7021.241,-761.5799999999999,0.4713280016673566,0.4965184241094249,-1.281897063561694,-1649.645999999997,-222.35079999999942,196205,0,1,0,0
2024-07-29 00:00:00+00:00,68249.88,69800.0,68168.0,69347.67,5973.42365,2.804e-05,0.0002016099999999998,0.00067179,-0.6952994533400401,0,0,34288.08,30168.472,4119.608,0.531956472012341,0.5015896840603468,1.5113568187016797,4185.257000000001,642.4284000000007,737579,1,0,0,0
2024-07-29 04:00:00+00:00,69347.66,69888.0,69263.07,69528.01,4146.35577,8.361e-05,0.00020341999999999978,0.0006554,0.613811482814001,0,0,14873.636,13566.925000000001,1306.7109999999993,0.522972665693901,0.5021581707390934,1.0301175304336052,4664.739,755.3346000000005,383906,1,0,0,0
2024-07-29 08:00:00+00:00,69528.01,69838.62,69375.0,69580.01,3013.88754,5.623e-05,0.0001678799999999998,0.0006116299999999999,-0.053260544034691666,0,0,12207.707,11066.676999999998,1141.0300000000025,0.5245125714175722,0.5063485641223919,1.0410074531168367,6567.349000000002,1326.5996000000007,288372,1,0,0,0
2024-07-29 12:00:00+00:00,69580.01,70079.99,67668.34,68104.0,11386.58792,5.623e-05,0.0001678799999999998,0.0006116299999999999,-0.053260544034691666,0,0,58712.311,63533.952000000005,-4821.641000000003,0.4802789840700488,0.5033438039641439,-0.8707688899226909,-2373.9000000000015,196.82559999999975,1264762,1,0,0,0
2024-07-29 16:00:00+00:00,68103.99,68118.0,66428.0,67303.05,9083.51955,5.623e-05,0.0001678799999999998,0.0006116299999999999,-0.053260544034691666,0,0,48510.414,54373.37500000001,-5862.96100000001,0.47150687655953255,0.5005119206344426,-1.2131549556807575,-9543.572000000011,-823.4506000000023,1050385,1,0,0,0
2024-07-29 20:00:00+00:00,67303.05,67553.66,66600.0,66784.69,2863.5219,0.0001,0.0002398399999999998,0.0006782299999999999,0.9467303783080168,0,0,14480.187,16756.082000000002,-2275.8950000000023,0.4635696728056734,0.4972750296315266,-1.4900943217706186,-12960.497000000016,-2102.5512000000026,367657,1,0,0,0
2024-07-30 00:00:00+00:00,66784.68,66886.0,65862.0,66610.0,5989.73926,3.396e-05,0.00019018999999999983,0.00064672,-0.7345996251403014,0,0,26511.45,27476.827999999998,-965.377999999997,0.49105937403671224,0.4944269172460786,-0.43293095838833134,-9104.23400000001,-2556.969000000002,636424,1,0,0,0
2024-07-30 04:00:00+00:00,66610.0,67000.0,66322.49,66952.0,2496.27288,3.396e-05,0.00019018999999999983,0.00064672,-0.7345996251403014,0,0,12128.827,11624.570000000002,504.2569999999978,0.5106144186450468,0.49944116305162767,0.43395567444856764,-2737.0160000000014,-2684.323600000003,283360,1,0,0,0
2024-07-30 08:00:00+00:00,66952.0,66999.92,66404.53,66574.01,2327.27576,3.396e-05,0.00019018999999999983,0.00064672,-0.7345996251403014,0,0,10899.325,12548.569,-1649.2439999999988,0.4648317243331107,0.49326307612412956,-1.533946697998031,-2110.364999999998,-2049.8442000000023,274683,1,0,0,0
2024-07-30 12:00:00+00:00,66574.0,66948.0,65555.0,66216.01,6086.17893,3.562e-05,0.0001695799999999998,0.00060212,-0.7150623175448813,0,0,32213.165,33815.373,-1602.2079999999987,0.4878673067091081,0.49491700662830473,-0.5052574241813971,-2747.1949999999997,-1197.6935999999998,728919,1,0,0,0
2024-07-30 16:00:00+00:00,66216.01,66550.01,65556.56,65931.02,3450.64877,7.691e-05,0.0001464899999999998,0.0005879399999999999,0.32119458211229124,0,0,23528.566,24220.243000000002,-691.6770000000033,0.49275712824585843,0.49099707225165634,-0.2896396350005229,-3943.129000000001,-880.85,555150,1,0,0,0
2024-07-30 20:00:00+00:00,65931.03,66356.89,65302.67,66188.0,2782.13881,7.691e-05,0.0001464899999999998,0.0005879399999999999,0.32119458211229124,0,0,14321.2,17262.928,-2941.727999999999,0.4534302799178119,0.48404283367404755,-1.8770844532021462,-5235.613000000001,-1276.1200000000003,371940,0,1,0,0
2024-07-31 00:00:00+00:00,66188.0,66413.28,65881.96,66058.0,1725.24015,3.063e-05,0.0001431599999999998,0.00053677,-1.2120648495494535,0,0,10028.578,9949.981000000002,78.59699999999793,0.5019670337585408,0.4817882799081444,0.24823859375530288,-3554.8080000000045,-1361.2520000000004,261887,0,1,0,0
2024-07-31 04:00:00+00:00,66058.0,66554.4,65496.0,66224.0,3376.79106,3.063e-05,0.0001431599999999998,0.00053677,-1.2120648495494535,0,0,20661.279,20224.715,436.5639999999985,0.5053387964592472,0.4842942611470642,0.38319429924505244,-2426.5670000000027,-944.090400000001,417851,1,0,0,0
2024-07-31 08:00:00+00:00,66224.0,66374.01,65954.54,66094.01,1829.74564,7.178e-05,0.0001793199999999998,0.00051678,0.0808116184007908,0,0,9454.186,9699.788999999999,-245.60299999999916,0.4935887198349168,0.48650244547460264,-0.12131114512116031,269.55799999999726,-672.769400000001,226136,1,0,0,0
2024-07-31 12:00:00+00:00,66094.01,66849.24,65963.25,66379.99,4367.38069,7.178e-05,0.0001793199999999998,0.00051678,0.0808116184007908,0,0,23193.878,23077.075999999997,116.80200000000332,0.5012621524941976,0.4902716934434551,0.21915114157269383,307.76300000000265,-511.0735999999997,530132,1,0,0,0
2024-07-31 16:00:00+00:00,66379.99,66836.3,64957.14,65256.83,6409.37317,3.826e-05,0.0001406699999999998,0.000527,-1.1692606095260647,0,0,33564.347,37509.567,-3945.220000000001,0.4722456540102744,0.4883903214408113,-0.9840196052661097,-4074.020999999997,-711.7720000000002,802247,1,0,0,0
2024-07-31 20:00:00+00:00,65256.83,65422.0,64530.0,64628.0,4916.90834,3.826e-05,0.0001406699999999998,0.000527,-1.1692606095260647,0,0,23867.999,25158.051000000003,-1290.0520000000033,0.4868431986668312,0.48601319944298976,-0.3405826299368293,-5118.470000000001,-985.5018000000003,616679,1,0,0,0
2024-08-01 00:00:00+00:00,64628.01,64841.29,63750.0,63936.01,5768.43332,8.208e-05,0.0001921199999999998,0.00052547,0.4359121765459698,0,0,24008.472,29068.5,-5060.027999999998,0.4523331135016519,0.48476333835984386,-1.7119275994207654,-10295.300000000003,-2084.8201999999997,623695,1,0,0,0
2024-08-01 04:00:00+00:00,63936.01,64488.0,63584.0,64328.59,4107.52186,8.208e-05,0.0001921199999999998,0.00052547,0.4359121765459698,0,0,21255.629,22007.922,-752.2929999999978,0.49130569517976,0.485107177206909,-0.03906025262085433,-7102.373,-2186.1581999999994,462948,0,1,0,0
2024-08-01 08:00:00+00:00,64328.6,64701.41,64299.87,64674.25,2655.04695,0.0001,0.0002203399999999998,0.0005692399999999999,1.02480385172751,0,0,10295.653,10218.595,77.0580000000009,0.5018781580489814,0.4860192801872213,0.4026561217029923,-5735.262999999995,-2194.107,263748,1,0,0,0
2024-08-01 12:00:00+00:00,64674.26,64949.58,62666.07,62906.6,8006.54547,0.0001,0.0002203399999999998,0.0005692399999999999,1.02480385172751,0,0,46570.972,54605.401000000005,-8034.429000000004,0.4602949346681957,0.48670574566225966,-1.3543705568708888,-8709.664,-3011.9488000000006,1009934,1,0,0,0
2024-08-01 16:00:00+00:00,62907.44,63509.83,62302.0,63422.01,8541.89631,0.0001,0.0002820799999999998,0.0005692399999999999,0.9661492606154224,0,0,39805.695,41983.083999999995,-2177.3889999999956,0.48668895032654785,0.48517793731906045,-0.1953243869533653,-10134.759999999998,-3189.4161999999988,955620,0,1,0,0
2024-08-01 20:00:00+00:00,63422.01,65659.78,63336.61,65354.02,6462.82463,0.0001,0.0002820799999999998,0.0005692399999999999,0.9661492606154224,0,0,37573.898,35260.769,2313.129000000001,0.5158793133495071,0.48623198900808645,1.0788000745231068,-7898.6889999999985,-1714.784799999999,831803,1,0,0,0
2024-08-02 00:00:00+00:00,65354.02,65596.14,63668.0,64609.18,4163.15932,0.0001,0.00030000000000000003,0.00063528,0.9036615206984343,0,0,24538.866,28089.301,-3550.4349999999977,0.46626868079977024,0.4834999851045717,-1.031181735813157,-3414.6949999999924,-2274.413199999999,693189,1,0,0,0
2024-08-02 04:00:00+00:00,64609.17,64655.17,63807.29,64164.07,3823.07721,0.0001,0.00030000000000000003,0.00063528,0.9036615206984343,0,0,16953.883,18198.106,-1244.2229999999981,0.48230223899990415,0.4816039937551424,-0.3196434101981175,-2481.528999999995,-2538.669399999999,537663,1,0,0,0
2024-08-02 08:00:00+00:00,64164.07,64974.0,64044.0,64660.01,3302.57023,0.0001,0.00030000000000000003,0.00063528,0.9036615206984343,0,0,17529.236,15596.416000000001,1932.8199999999997,0.5291740672757174,0.48729683508168664,1.6523339881283012,-2861.837999999996,-545.2195999999982,458293,1,0,0,0
2024-08-02 12:00:00+00:00,64660.01,65524.01,62432.9,63416.01,14382.81934,0.0001,0.00030000000000000003,0.0006996600000000001,0.8448908636785349,0,0,79232.789,82784.08899999999,-3551.2999999999884,0.489040339365137,0.48751654915151726,-0.08470528555082078,-2862.702999999987,-820.0017999999967,1658551,1,0,0,0
2024-08-02 16:00:00+00:00,63416.0,63611.24,62515.0,62633.57,5054.98681,0.0001,0.00030000000000000003,0.00072275,0.788551237191009,0,0,27694.971,29551.355,-1856.3839999999982,0.4837859987730916,0.49066183767866123,-0.2620733897611644,-3474.863999999987,-1653.9043999999965,759366,1,0,0,0
2024-08-02 20:00:00+00:00,62633.58,63187.26,61230.01,61498.33,8093.81646,0.0001,0.00030000000000000003,0.00072275,0.788551237191009,0,0,37802.625,43656.782999999996,-5854.157999999996,0.46406702341858413,0.4879379705025436,-1.1330563398751123,-11261.841999999982,-2114.6489999999962,964314,1,0,0,0
2024-08-03 00:00:00+00:00,61498.34,61975.0,60505.0,61895.99,7057.47647,0.0001,0.00030000000000000003,0.00079212,0.7885512371910085,0,0,32440.165,33285.18,-845.0149999999994,0.49357161989792525,0.487107316687438,0.2657718291941238,-8555.556999999993,-2034.8073999999965,738574,0,1,0,0
2024-08-03 04:00:00+00:00,61895.99,61981.43,61398.01,61662.01,2027.63322,0.0001,0.00030000000000000003,0.00079212,0.7885512371910085,0,0,9376.24,9850.311,-474.0709999999999,0.4876714497571613,0.48984496819633466,0.04088674452842319,-7173.243999999995,-2516.185599999996,245410,1,0,0,0
2024-08-03 08:00:00+00:00,61662.02,62002.39,61457.89,61919.38,1996.26325,9.788e-05,0.0002978799999999998,0.0008182200000000001,0.7117390154043685,0,0,9641.025,10112.345,-471.3199999999997,0.4880698837717311,0.4899830615408529,0.13141372150900574,-1790.405999999999,-1900.1895999999986,242540,0,1,0,0
2024-08-03 12:00:00+00:00,61919.38,62198.22,60833.33,60879.0,3681.34999,9.788e-05,0.0002978799999999998,0.0008182200000000001,0.7117390154043685,0,0,18978.686,23771.343,-4792.656999999999,0.44394557018896996,0.4827896872247992,-2.0332796177072576,-5738.047999999999,-2487.444199999999,484676,1,0,0,0
2024-08-03 16:00:00+00:00,60879.01,61288.0,59920.0,60246.0,9231.05335,9.788e-05,0.0002978799999999998,0.0008182200000000001,0.7117390154043685,0,0,48941.353,51621.227,-2679.873999999996,0.4866755904631723,0.4848303781911395,0.08758412218405288,-7943.850999999995,-1852.587399999999,1081531,1,0,0,0
2024-08-03 20:00:00+00:00,60246.01,60849.93,59850.0,60697.99,4040.93939,4.247e-05,0.00024034999999999982,0.0008224300000000001,-1.3096953202797654,0,0,21680.03,20772.051,907.9789999999994,0.5106941636147354,0.48766957065262256,1.2161011278398108,-6564.551999999996,-1501.9885999999992,523469,1,0,0,0
2024-08-04 00:00:00+00:00,60697.99,61117.63,60320.0,60735.0,2502.72642,0.0001,0.00024034999999999982,0.0008403500000000001,0.8489905545682437,0,0,11604.495,11435.746999999998,168.74800000000323,0.5036620275082181,0.4851183666758726,0.8316200270021472,-1603.1469999999936,-1373.4247999999984,307226,1,0,0,0
2024-08-04 04:00:00+00:00,60735.0,60938.54,60260.0,60373.99,1972.26761,0.0001,0.00024034999999999982,0.0008403500000000001,0.8489905545682437,0,0,9060.315,9188.211000000001,-127.89600000000064,0.4964957169691404,0.485863904436273,0.5091608262991443,948.831000000002,-1304.7399999999986,237665,1,0,0,0
2024-08-04 08:00:00+00:00,60374.0,61000.0,60081.57,60896.0,2180.15909,5.343e-05,0.00019589999999999983,0.00079378,-0.8404203832699243,0,0,13922.214,11911.743999999999,2010.4700000000012,0.5389113816783321,0.491376442726797,2.3288224136022766,2051.3220000000038,55.88540000000139,300940,1,0,0,0
2024-08-04 12:00:00+00:00,60896.0,61097.55,58960.0,59086.01,7395.68169,5.343e-05,0.00019589999999999983,0.00079378,-0.8404203832699243,0,0,36362.935,44668.473,-8305.538,0.44875111882543123,0.48984485226748176,-1.7141580095647968,-6422.964,-1069.2473999999995,812457,1,0,0,0
2024-08-04 16:00:00+00:00,59086.01,59497.21,57122.77,59257.66,12940.59003,0.0001,0.0002534299999999998,0.00079378,0.9074788611906802,0,0,68236.987,72793.83000000002,-4556.843000000023,0.48384451321727784,0.488872141599417,-0.15387781708143128,-10851.911000000022,-2162.2118000000037,1322645,0,1,0,0
2024-08-04 20:00:00+00:00,59257.67,59583.0,58001.81,58161.0,4625.09519,0.0001,0.0002534299999999998,0.00079378,0.9074788611906802,0,0,23874.094,26453.37,-2579.275999999998,0.4743750648751147,0.4875425031112123,-0.6235832170376828,-15441.657000000021,-2711.816600000004,620294,1,0,0,0
2024-08-05 00:00:00+00:00,58161.0,58305.59,52300.17,53890.87,36136.4623,0.0001,0.0002534299999999998,0.00079378,0.9074788611906802,0,0,141145.099,154806.54499999998,-13661.445999999996,0.47691946255922807,0.48642746098996203,-0.4708252613901389,-20797.565000000017,-5418.526600000003,2983036,1,0,0,0
2024-08-05 04:00:00+00:00,53890.87,54576.71,49000.0,52674.19,43384.9307,0.0001,0.0002534299999999998,0.00079378,0.9074788611906802,0,0,138505.883,147073.25499999998,-8567.371999999974,0.4850000037467723,0.49053290434574226,-0.07042273527150834,-24808.09399999997,-7534.094999999998,2971622,1,0,0,0
2024-08-05 08:00:00+00:00,52674.2,53218.37,50633.47,51340.0,19223.46997,4.429e-05,0.0002442899999999998,0.00073807,-1.1055793675449266,0,0,84205.946,86023.59400000001,-1817.6480000000156,0.49466118512685864,0.49133146381211085,0.3758355940753891,-24046.465999999986,-6236.517000000002,1774375,1,0,0,0
2024-08-05 12:00:00+00:00,51340.0,54980.0,49542.83,54321.09,39760.49257,4.429e-05,0.0002442899999999998,0.00073807,-1.1055793675449266,0,0,157321.259,156385.80299999999,935.4560000000056,0.5014909705794255,0.49041114450857987,0.6919233885004106,-9449.563999999984,-5138.057199999996,3498322,1,0,0,0
2024-08-05 16:00:00+00:00,54321.08,55600.0,52555.0,53470.09,16277.76056,5.967e-05,0.00020395999999999983,0.0006977400000000001,-0.5861066155534183,0,0,70349.455,71370.108,-1020.6529999999912,0.49639903984180367,0.48968484574193843,0.42060946832728574,-1902.8450000000012,-4826.332599999994,1676836,1,0,0,0
2024-08-05 20:00:00+00:00,53470.08,55200.0,53462.0,54018.81,7282.47576,5.967e-05,0.00020395999999999983,0.0006977400000000001,-0.5861066155534183,0,0,36521.215,38273.863,-1752.648000000001,0.48828366754293645,0.48886364079931804,0.040464515403558825,-1837.8449999999866,-2444.5729999999953,963847,0,1,0,0
2024-08-06 00:00:00+00:00,54018.82,56276.0,53950.0,55665.73,10506.64519,3.566e-05,0.0001396199999999998,0.0006334,-1.4242935370856922,0,0,38251.444,36839.171,1412.273000000001,0.5094037916722349,0.4859128817987083,0.9668041178886391,-1361.0279999999912,-448.64400000000023,1012301,1,0,0,0
2024-08-06 04:00:00+00:00,55665.73,56169.48,55255.0,55999.99,7730.59021,3.566e-05,0.0001396199999999998,0.0006334,-1.4242935370856922,0,0,23244.228,23131.274,112.9539999999979,0.501217819701445,0.49115955188630966,0.5539327986972712,-227.4210000000021,-62.52359999999753,765498,1,0,0,0
2024-08-06 08:00:00+00:00,55998.02,56122.0,54600.01,55210.01,9386.98945,-2.845e-05,6.687999999999982e-05,0.0005070700000000001,-3.0240576692467216,0,0,34048.29,35816.140999999996,-1767.850999999995,0.48734798970881194,0.4915098995354631,-0.08742402386517942,-242.62399999999616,-603.1849999999977,1037851,1,0,0,1
2024-08-06 12:00:00+00:00,55210.0,56605.55,54371.94,56405.99,13732.96595,-2.845e-05,6.687999999999982e-05,0.0005070700000000001,-3.0240576692467216,0,0,64473.637,62076.863,2396.774000000005,0.5094696346517793,0.4950193565131296,0.9176961502054783,741.8770000000077,80.30040000000153,1585110,1,0,0,1
2024-08-06 16:00:00+00:00,56405.99,57040.99,56234.8,56765.48,8827.28343,4.485e-05,5.205999999999981e-05,0.00050945,-0.7287889000757096,0,0,34937.353,33344.01299999999,1593.340000000011,0.5116674584395398,0.49849415610116077,0.9688878195473546,2222.263000000021,749.4980000000039,936503,1,0,0,0
2024-08-06 20:00:00+00:00,56769.98,56935.56,55800.0,56022.01,5700.30253,4.485e-05,5.205999999999981e-05,0.00050945,-0.7287889000757096,0,0,24253.778,25537.247000000003,-1283.4690000000046,0.48711144227297987,0.49870529995378143,-0.176692022642833,2706.6450000000114,210.34960000000282,696938,1,0,0,0
2024-08-07 00:00:00+00:00,56022.0,57287.99,55557.88,56862.0,6756.5481,-7.3e-06,9.099999999999808e-06,0.00040215,-2.062267547051632,0,0,34049.374,31605.27999999999,2444.094000000012,0.5186132577897677,0.5011005072200725,1.2932417854132665,2753.9650000000183,676.5776000000056,828879,1,0,0,1
2024-08-07 04:00:00+00:00,56862.01,57250.0,56544.7,56920.91,5447.23988,-7.3e-06,9.099999999999808e-06,0.00040215,-2.062267547051632,0,0,17603.605,18788.496000000003,-1184.8910000000033,0.48372049198258704,0.4993234593603885,-0.43239375082009346,-24.265999999995984,793.169600000004,538777,0,1,0,1
2024-08-07 08:00:00+00:00,56920.91,57736.05,56870.39,56963.38,6601.32871,-7.3e-06,9.099999999999808e-06,0.00040215,-2.062267547051632,0,0,31033.151,26922.543,4110.608,0.5354633662052257,0.5032298919967307,2.071720425067182,5369.811000000009,1135.936400000003,727898,1,0,0,1
2024-08-07 12:00:00+00:00,56963.39,57479.6,55650.0,56094.5,10005.68143,-6.859e-05,-3.10400000000002e-05,0.00028013,-3.0207682461778544,0,0,44746.827,47951.208999999995,-3204.381999999998,0.4827160200028402,0.5026731272427212,-0.4705381620223861,-278.6650000000009,176.39200000000127,1124203,1,0,0,1
2024-08-07 16:00:00+00:00,56094.51,56300.0,54676.35,54759.22,9406.48722,3.241e-05,-4.3480000000000194e-05,0.00021254,-0.6599572718378492,0,0,35595.955,36597.71399999999,-1001.7589999999909,0.4930620024312659,0.5010389483186243,0.013840287851762214,-95.53299999998853,232.73400000000402,936229,1,0,0,0
2024-08-07 20:00:00+00:00,54760.97,55566.24,54558.62,55134.16,6052.0915,3.241e-05,-4.3480000000000194e-05,0.00021254,-0.6599572718378492,0,0,24888.783,27659.603,-2770.8199999999997,0.4736355365890781,0.4982807200073876,-0.9600344627560657,-6976.960999999988,-810.2487999999983,685532,0,1,0,0
2024-08-08 00:00:00+00:00,55133.76,57636.36,54730.0,57049.74,8647.80188,3.241e-05,-4.3480000000000194e-05,0.00021254,-0.6599572718378492,0,0,41514.218,36653.051,4861.167000000001,0.5310946452536291,0.5026553855618693,1.71524741909232,1088.5880000000107,398.96280000000263,966411,1,0,0,0
2024-08-08 04:00:00+00:00,57049.74,57434.35,56670.47,57193.49,3670.90212,2.637e-05,-9.810000000000192e-06,0.00013891,-0.753252898903754,0,0,17782.097,16434.335999999996,1347.7610000000059,0.5196946449678143,0.5036778865934728,1.1100657791307234,3438.1080000000075,-153.60659999999626,482751,1,0,0,0
2024-08-08 08:00:00+00:00,57193.48,57670.04,56978.52,57320.51,3688.92815,3.086e-05,8.963999999999981e-05,0.00012548,-0.6242232642542077,0,0,15582.942,15599.189000000002,-16.247000000003027,0.49973948220536946,0.5024850889700557,0.18025637830980853,6192.681000000004,484.0204000000027,436527,0,1,0,0
2024-08-08 12:00:00+00:00,57320.51,59505.0,56700.0,59428.03,14315.42395,3.086e-05,8.963999999999981e-05,0.00012548,-0.6242232642542077,0,0,83820.911,77212.55900000001,6608.351999999984,0.520518566730258,0.5058258014157836,1.1100114785771755,7939.865999999987,2006.0425999999977,1824457,1,0,0,0
2024-08-08 16:00:00+00:00,59428.03,59863.0,59237.59,59414.51,6749.57668,1.147e-05,6.869999999999981e-05,7.727999999999999e-05,-1.0047936400207877,0,0,31435.564,30308.935000000005,1126.6289999999935,0.5091233147749729,0.504876807114304,0.5026507216469545,7718.733999999975,2785.5323999999964,805587,0,1,0,0
2024-08-08 20:00:00+00:00,59414.52,62745.14,59297.34,61685.99,11276.89671,1.147e-05,6.869999999999981e-05,7.727999999999999e-05,-1.0047936400207877,0,0,58370.881,45402.825000000004,12968.055999999997,0.5624823787251079,0.5127529957885562,2.6825822894381752,20703.036999999975,4406.910199999996,1219871,1,0,0,0
2024-08-09 00:00:00+00:00,61686.0,61744.37,60720.0,61358.39,5373.57013,4.994e-05,9.226999999999982e-05,9.156e-05,-0.12571794495103494,0,0,21937.408,23430.668,-1493.260000000002,0.4835428330705494,0.5075609424750885,-0.7165080737063249,12601.424999999988,3838.7059999999938,589199,1,0,0,0
2024-08-09 04:00:00+00:00,61358.39,61390.7,60588.63,60863.57,4475.52913,4.994e-05,9.226999999999982e-05,9.156e-05,-0.12571794495103494,0,0,16258.21,16614.934999999998,-356.72499999999854,0.49457421856046935,0.5087467623308515,-0.23791301667848888,11118.070999999996,3770.610399999995,442202,1,0,0,0
2024-08-09 08:00:00+00:00,60863.58,61210.31,60170.16,60655.24,4238.45087,2.184e-05,8.324999999999981e-05,0.00014185,-0.7638939780331777,0,0,21409.735,22994.663,-1584.9279999999999,0.4821534794819198,0.5076559100359168,-0.7222162092479858,-3434.9130000000005,2131.954399999998,582821,1,0,0,0
2024-08-09 12:00:00+00:00,60655.25,61115.11,59535.0,59810.23,8756.37366,2.184e-05,8.324999999999981e-05,0.00014185,-0.7638939780331777,0,0,46535.173,49154.65499999999,-2619.481999999989,0.48631264129767277,0.5089236205067763,-0.6468744275238629,-4561.1349999999875,1382.7322000000015,1178944,1,0,0,0
2024-08-09 16:00:00+00:00,59810.24,60750.0,59700.0,60681.42,3794.60746,4.846e-05,0.00012023999999999981,0.00014545999999999998,-0.12709785435839874,0,0,23818.268,20667.888000000003,3150.3799999999974,0.5354085437276261,0.509355010354176,1.6213304447870076,-1054.0299999999916,-580.8029999999984,573918,1,0,0,0
2024-08-09 20:00:00+00:00,60681.79,60986.03,59909.16,60837.99,4333.94892,4.846e-05,0.00012023999999999981,0.00014545999999999998,-0.12709785435839874,0,0,24049.663,21803.072999999997,2246.590000000004,0.5244978838340203,0.5098353342407966,1.0358720325343178,2777.488000000012,167.16700000000273,596038,1,0,0,0
2024-08-10 00:00:00+00:00,60837.99,61470.58,60266.03,60437.84,2866.07526,-3.942e-05,3.087999999999982e-05,0.00011334,-1.9717477310228615,0,0,16454.672,16337.857000000004,116.81499999999505,0.5017811221574279,0.5100394982360024,-0.09307515546343252,5513.784999999996,261.8750000000015,475813,0,1,0,0
2024-08-10 04:00:00+00:00,60437.85,60851.91,60242.0,60842.0,1152.48879,-3.942e-05,3.087999999999982e-05,0.00011334,-1.9717477310228615,0,0,6908.933,6313.2480000000005,595.6849999999995,0.5225259735893798,0.5102402389219145,0.8674742492281305,2959.0899999999983,697.9976000000013,219047,1,0,0,0
2024-08-10 08:00:00+00:00,60842.01,61116.65,60601.96,60920.88,1618.24524,-1.379e-05,-4.7500000000001815e-06,0.00016814,-1.316670221092562,0,0,9491.507,10933.461000000001,-1441.9540000000015,0.464701193167108,0.5057980267611282,-1.8231616003498812,-729.454000000007,933.5031999999989,301478,0,1,0,0
2024-08-10 12:00:00+00:00,60920.88,60949.99,60400.0,60515.89,1529.47703,-1.379e-05,-4.7500000000001815e-06,0.00016814,-1.316670221092562,0,0,8305.57,9556.767,-1251.1970000000001,0.464976671305664,0.49604745601918376,-1.6651716836992367,-2097.466000000002,53.187799999999335,274675,1,0,0,0
2024-08-10 16:00:00+00:00,60515.9,61196.63,60400.0,61016.45,1789.44845,-1.949e-05,-7.270000000000018e-05,0.00011624,-1.3511034242148086,0,0,11534.464,10044.143,1490.321,0.5345323727337914,0.5011464099855079,1.3083812027355106,-1202.8300000000017,-98.06600000000144,297260,1,0,0,0
2024-08-10 20:00:00+00:00,61016.44,61160.0,60757.39,60923.51,1039.47144,-1.949e-05,-7.270000000000018e-05,0.00011624,-1.3511034242148086,0,0,4628.697,5084.035,-455.33799999999974,0.47655973623075365,0.4993449617525364,-1.1395353858381738,-216.21399999999994,-212.4966000000004,178878,1,0,0,0
2024-08-11 00:00:00+00:00,60923.51,61382.73,60892.0,61085.01,1397.39336,4.049e-05,7.2099999999998175e-06,0.00013036,-0.1016768368673436,0,0,8228.125,7821.388999999999,406.7360000000008,0.5126712871181022,0.5023967425161546,0.37779233090379005,1441.719000000001,-250.28640000000013,255117,1,0,0,0
2024-08-11 04:00:00+00:00,61085.01,61271.43,60881.36,61257.0,1213.74092,4.049e-05,7.2099999999998175e-06,0.00013036,-0.1016768368673436,0,0,6786.058,7636.697999999999,-850.6399999999994,0.47051049050542076,0.5008165274369294,-1.312031895635781,-899.2419999999984,-132.0235999999997,215649,0,1,0,0
2024-08-11 08:00:00+00:00,61257.0,61858.0,60425.0,60669.15,3535.80151,-1.839e-05,2.609999999999821e-06,8.110999999999999e-05,-1.225590651387848,0,0,20245.595,22086.313000000002,-1840.7180000000008,0.4782585041997162,0.49510152348413844,-0.9736445164011618,-2284.6219999999994,-249.92779999999985,550400,1,0,0,0
2024-08-11 12:00:00+00:00,60669.14,60761.09,59941.0,60127.29,4006.7116,-1.839e-05,2.609999999999821e-06,8.110999999999999e-05,-1.225590651387848,0,0,19770.042,19931.083999999995,-161.041999999994,0.4979718207488625,0.49244891717562267,-0.16230951956729286,-2852.399999999994,-580.2003999999986,578958,1,0,0,0
2024-08-11 16:00:00+00:00,60127.29,60350.0,59542.57,59621.11,2598.58022,-1.839e-05,2.609999999999821e-06,8.110999999999999e-05,-1.225590651387848,0,0,12335.506,12401.24,-65.73400000000038,0.4986713288805245,0.49213793784793236,-0.11681614526503237,-2067.493999999995,-502.27959999999877,397132,1,0,0,0
2024-08-11 20:00:00+00:00,59621.11,59674.38,58286.73,58712.59,6437.61751,1.185e-05,3.394999999999982e-05,8.149e-05,-0.557916877365591,0,0,31164.643,34132.383,-2967.7400000000016,0.47727507528443947,0.4876128480174383,-0.9603174381676307,-3194.515999999996,-1177.1747999999993,946540,1,0,0,0
2024-08-12 00:00:00+00:00,58712.59,59088.33,58100.06,58509.5,4095.99147,1.113e-05,4.589999999999819e-06,4.268e-05,-0.524199639562246,0,0,17245.145,17030.679,214.46600000000035,0.5031285316437615,0.4914555818651036,0.09779967396815586,-2819.0080000000016,-964.1535999999993,577555,0,1,0,0
2024-08-12 04:00:00+00:00,58509.5,58984.85,57642.21,58674.61,4501.23624,1.113e-05,4.589999999999819e-06,4.268e-05,-0.524199639562246,0,0,19712.27,20810.357999999997,-1098.087999999996,0.48645092810861135,0.4936030075453983,-0.581727552324769,-3851.3619999999974,-815.6275999999983,615027,0,1,0,0
2024-08-12 08:00:00+00:00,58674.62,59990.0,58125.75,59851.7,6603.96568,8.783e-05,0.00011080999999999981,0.00010867,1.1413298051785785,0,0,31719.719,29942.999999999996,1776.7190000000046,0.5144067519954805,0.49159044547156727,0.5977203870485072,893.0970000000088,-428.07539999999864,858541,1,0,0,0
2024-08-12 12:00:00+00:00,59851.71,60711.09,57800.0,60207.37,12079.0591,8.783e-05,0.00011080999999999981,0.00010867,1.1413298051785785,0,0,71317.229,72666.203,-1348.9739999999874,0.4953155235249567,0.4934660242009875,-0.21928072748846245,-670.3429999999789,-684.723399999996,1649478,0,1,0,0
2024-08-12 16:00:00+00:00,60207.38,60420.34,58440.54,59043.98,5640.99625,-2.238e-05,7.657999999999981e-05,3.783e-05,-1.1726943929813627,0,0,26668.903,27166.172,-497.26900000000023,0.49538155189716,0.49173705067889334,-0.21995450611016285,-69.52399999998306,-190.62919999999576,764577,1,0,0,0
2024-08-12 20:00:00+00:00,59043.99,59745.99,58555.26,59346.64,4088.66869,-2.238e-05,7.657999999999981e-05,3.783e-05,-1.1726943929813627,0,0,16590.961,16255.651000000002,335.3099999999977,0.5051041793899474,0.49519641956734606,0.14930234746944043,-1510.93299999999,-166.4603999999963,527878,1,0,0,0
2024-08-13 00:00:00+00:00,59346.64,59923.28,58846.95,59040.0,4305.36618,6.14e-05,0.0001268499999999998,0.00013865,0.7159180645524315,0,0,16151.899,17731.641000000003,-1579.7420000000038,0.4766886517760541,0.49503943432497977,-1.0102425753540543,-1741.7010000000064,-262.79119999999784,545261,1,0,0,0
2024-08-13 04:00:00+00:00,59040.0,59476.0,58830.23,59238.05,2580.7308,6.14e-05,0.0001268499999999998,0.00013865,0.7159180645524315,0,0,9492.593,9175.927,316.6660000000011,0.5084812829297662,0.4960903805430702,0.3981304664054977,-927.7660000000051,-554.8017999999986,338157,1,0,0,0
2024-08-13 08:00:00+00:00,59238.05,59331.99,58392.88,58830.0,3375.9081,5.21e-06,4.422999999999981e-05,0.00015765,-0.5075196690531126,0,0,13289.332,13945.836000000001,-656.5040000000008,0.4879474949447714,0.4950179971494949,-0.4884600891695213,-1919.5800000000036,-416.30780000000124,442170,1,0,0,0
2024-08-13 12:00:00+00:00,58830.01,59776.7,58709.57,59472.26,5686.11926,5.21e-06,4.422999999999981e-05,0.00015765,-0.5075196690531126,0,0,28584.079,29717.071,-1132.9919999999984,0.4902832791462947,0.49631881753568036,-0.34635695714252845,-1472.829999999998,-543.4524000000008,843494,0,1,0,0
2024-08-13 16:00:00+00:00,59472.25,61578.1,59446.22,60820.15,9342.46623,-3.902e-05,2.758999999999981e-05,0.00013811999999999999,-1.4346028546229272,0,0,49186.785,44460.054000000004,4726.731,0.5252370023936419,0.49852966461066844,1.1630700809479952,2937.2350000000006,334.8317999999996,1133233,1,0,0,0
2024-08-13 20:00:00+00:00,60820.16,61138.87,60389.75,60587.15,2568.36794,-3.902e-05,2.758999999999981e-05,0.00013811999999999999,-1.4346028546229272,0,0,12085.093,12114.411,-29.3179999999993,0.4993942437828478,0.49982399617809214,0.1490189736259183,3564.421000000002,644.9166000000005,364321,1,0,0,0
2024-08-14 00:00:00+00:00,60587.16,61302.88,60425.01,60952.83,2371.7811,1.152e-05,-2.2290000000000195e-05,0.00010915,-0.2295596621801575,0,0,10644.148,10926.806000000002,-282.6580000000031,0.4934481803632792,0.497728139014872,-0.17447121539137384,4414.754999999997,525.0517999999996,369223,0,1,0,0
2024-08-14 04:00:00+00:00,60952.83,61162.2,60637.3,60914.02,1820.0908,1.152e-05,-2.2290000000000195e-05,0.00010915,-0.2295596621801575,0,0,8964.254,9300.936999999998,-336.68299999999726,0.4907834798990058,0.4972749346522768,-0.30531503873576227,-648.6589999999997,589.0160000000003,296108,1,0,0,0
2024-08-14 08:00:00+00:00,60914.02,61453.0,60640.4,61296.87,3475.66893,-1.33e-05,-4.080000000000019e-05,0.00011423999999999999,-0.7732999688962515,0,0,14976.779,14280.62,696.1589999999997,0.5118971443770515,0.498926493900266,0.7342250727699695,76.8179999999993,954.8462,461859,1,0,0,0
2024-08-14 12:00:00+00:00,61296.88,61800.0,58823.52,59435.69,13499.00032,-1.33e-05,-4.080000000000019e-05,0.00011423999999999999,-0.7732999688962515,0,0,76565.17,81052.942,-4487.771999999997,0.4857637807512883,0.4969924540364,-0.6147324790815744,-4128.295999999995,-888.0543999999994,1684278,1,0,0,0
2024-08-14 16:00:00+00:00,59435.69,59462.61,58615.06,58891.13,4924.68347,-7.811e-05,-7.989000000000019e-05,2.4280000000000005e-05,-2.1525574225168436,0,0,21842.057,25894.506999999998,-4052.449999999997,0.45755402504461784,0.49507899136325645,-1.938948629917078,-7844.062999999995,-1692.680799999999,668948,1,0,0,1
2024-08-14 20:00:00+00:00,58891.13,59183.99,58433.18,58683.39,2331.53864,-7.811e-05,-7.989000000000019e-05,2.4280000000000005e-05,-2.1525574225168436,0,0,9984.957,11229.631,-1244.673999999999,0.4706646671620491,0.49129732978648477,-1.1889164082533759,-9784.895999999993,-1885.0839999999982,345008,1,0,0,1
2024-08-15 00:00:00+00:00,58683.39,59044.44,58010.0,58442.98,5000.29248,-8.488e-05,-0.00017629000000000017,-7.172999999999999e-05,-2.149672675723596,0,0,17703.058,17418.908999999996,284.1490000000049,0.5040451749185916,0.4929070977838667,0.5608979931031008,-5012.974999999991,-1760.9175999999977,514121,0,1,0,1
2024-08-15 04:00:00+00:00,58442.99,58639.0,57713.88,58060.37,4142.71713,-8.488e-05,-0.00017629000000000017,-7.172999999999999e-05,-2.149672675723596,0,0,16152.367,17421.092000000004,-1268.725000000004,0.481105238515936,0.4919892937208309,-0.5919095118338301,-2229.249999999998,-2153.8943999999983,494764,1,0,0,1
2024-08-15 08:00:00+00:00,58060.36,58872.85,57964.85,58745.36,3345.64247,6.339e-05,-9.960000000000018e-05,-9.617000000000001e-05,1.292580519717832,0,0,15642.929,15308.225999999999,334.70300000000134,0.5054069549262379,0.49000628897409043,0.6795475790509642,-649.8729999999978,-1189.3993999999989,433113,1,0,0,0
2024-08-15 12:00:00+00:00,58745.36,59787.37,58532.42,59682.84,7723.07742,6.339e-05,-9.960000000000018e-05,-9.617000000000001e-05,1.292580519717832,0,0,40297.853,41476.14599999999,-1178.2929999999906,0.4927954299996996,0.48934640759577563,-0.08628852887372358,-2112.3149999999932,-614.5679999999975,989615,0,1,0,0
2024-08-15 16:00:00+00:00,59682.85,59849.38,56680.0,57047.46,10434.70512,-6.181e-05,-8.33000000000002e-05,-0.00013560000000000002,-1.4819419106860094,0,0,52871.189,61351.34,-8480.150999999998,0.4628788161396777,0.4862894711734155,-1.8002148017115154,-9323.740999999987,-2061.663399999997,1341436,1,0,0,0
2024-08-15 20:00:00+00:00,57046.34,57885.0,56078.54,57541.06,7039.7416,-6.181e-05,-8.33000000000002e-05,-0.00013560000000000002,-1.4819419106860094,0,0,32742.557,32430.28,312.27700000000186,0.5023957603686947,0.4874506992203845,0.606081687688647,-9346.166999999987,-2056.037799999998,781432,1,0,0,0
2024-08-16 00:00:00+00:00,57541.05,58517.47,57098.62,57890.0,4146.62428,-0.00011235,-0.00011077000000000019,-0.00030935,-2.293223741232582,0,0,21788.667,20820.22,968.4470000000001,0.5113643780462982,0.48739742258730906,1.1752419688337483,-7199.426999999996,-1608.603399999997,550433,1,0,0,1
2024-08-16 04:00:00+00:00,57890.0,58666.77,57800.47,58456.99,3244.35689,-0.00011235,-0.00011077000000000019,-0.00030935,-2.293223741232582,0,0,13348.596,13223.929000000002,124.66699999999764,0.5023457876133337,0.4890556232735136,0.5576981571931742,1405.3909999999996,-1650.6105999999977,380555,1,0,0,1
2024-08-16 08:00:00+00:00,58456.99,58683.47,58218.71,58400.0,2450.75569,-7.387e-05,-0.0002480300000000002,-0.00038843000000000005,-1.4192580784620643,0,0,14111.268,13986.989000000001,124.27899999999863,0.5022115072831742,0.4935213714973693,0.5040977038412201,1217.3929999999964,-1390.0962,383422,0,1,0,0
2024-08-16 12:00:00+00:00,58400.0,58915.18,57526.31,58071.06,8248.43744,-7.387e-05,-0.0002480300000000002,-0.00038843000000000005,-1.4192580784620643,0,0,43658.644,43800.341,-141.69700000000012,0.4991899231394007,0.49637389709510443,0.30248643328040303,107.24899999999616,277.5945999999996,1088186,1,0,0,0
2024-08-16 16:00:00+00:00,58071.07,59817.76,58000.0,59683.39,6963.94372,-5.57e-06,-0.00019179000000000017,-0.00035498,-0.01564052508772374,0,0,31118.388,29329.249000000003,1789.1389999999956,0.5147990813933719,0.4974492877425825,1.2575905892899573,1771.720999999994,572.9669999999984,795845,1,0,0,0
2024-08-16 20:00:00+00:00,59683.39,59715.69,58703.99,58874.6,2556.72542,-5.57e-06,-0.00019179000000000017,-0.00035498,-0.01564052508772374,0,0,11329.944,12240.294000000002,-910.3500000000022,0.48068857005177457,0.4974076208961663,-0.9373757439773124,737.0919999999933,197.2075999999979,333936,1,0,0,0
2024-08-17 00:00:00+00:00,58874.59,59389.18,58785.05,59158.37,1769.95814,1.912e-05,-6.032000000000018e-05,-0.00034738,0.46826576213550486,0,0,8925.839,8029.245999999999,896.5930000000008,0.5264402390197396,0.4995109493055165,1.8456662119731635,1775.3819999999942,351.59279999999853,252481,1,0,0,0
2024-08-17 04:00:00+00:00,59158.36,59263.47,59051.98,59248.0,1106.84453,1.912e-05,-6.032000000000018e-05,-0.00034738,0.46826576213550486,0,0,4198.687,4029.4140000000007,169.27299999999923,0.5102862738315924,0.5012600336887058,0.812717094738918,155.5159999999978,360.59159999999866,144726,1,0,0,0
2024-08-17 08:00:00+00:00,59248.0,59477.16,59060.0,59137.12,1327.01136,4.177e-05,5.5319999999999816e-05,-0.00029231,0.8694115266756072,0,0,6603.581,7083.743,-480.16200000000026,0.4824596100742556,0.5032181130821636,-0.8082392262783499,585.7039999999997,292.8985999999986,197020,1,0,0,0
2024-08-17 12:00:00+00:00,59137.12,59654.9,59100.28,59388.11,1490.86412,4.177e-05,5.5319999999999816e-05,-0.00029231,0.8694115266756072,0,0,9342.562,8870.679999999998,471.8820000000014,0.5129543658399751,0.5042739736292916,0.9932198835712087,160.9930000000004,29.447199999999793,252623,1,0,0,0
2024-08-17 16:00:00+00:00,59388.11,59700.0,59294.31,59473.19,1157.01055,-1.52e-06,5.936999999999982e-05,-0.00021572,-0.003025277789203361,0,0,6628.226,6050.36,577.866,0.5227890554987756,0.5054164413745393,1.4666682601540828,569.5860000000011,327.0904000000002,196585,1,0,0,0
2024-08-17 20:00:00+00:00,59473.19,59500.0,59113.68,59491.99,870.04061,-1.52e-06,5.936999999999982e-05,-0.00021572,-0.003025277789203361,0,0,3578.1,3745.0940000000005,-166.9940000000006,0.48859828102328023,0.5040416907155341,-0.4649096530577385,882.7540000000008,114.37299999999996,134945,0,1,0,0
2024-08-18 00:00:00+00:00,59491.99,60259.01,59300.0,59337.42,2850.6571,3.966e-05,7.990999999999982e-05,-9.118e-05,0.8411964365876957,0,0,17736.01,17121.949000000004,614.0609999999942,0.5088080458181731,0.5047013445690338,0.6444685969160768,1024.9329999999936,203.33059999999895,445340,0,1,0,0
2024-08-18 04:00:00+00:00,59337.41,59698.0,59256.56,59573.39,1521.38536,3.966e-05,7.990999999999982e-05,-9.118e-05,0.8411964365876957,0,0,7010.996,6572.8769999999995,438.1190000000006,0.5161264390501884,0.5063949961601126,1.0433610587729332,885.1859999999942,386.9867999999991,206124,1,0,0,0
2024-08-18 08:00:00+00:00,59573.39,60200.0,59436.0,60024.01,2556.86768,-1.323e-05,2.4909999999999814e-05,-0.00016779999999999999,-0.22594946776617184,0,0,15504.615,14429.451,1075.1640000000007,0.5179588700044959,0.506710975021225,1.075062694743186,2127.3439999999955,507.64319999999896,364929,1,0,0,0
2024-08-18 12:00:00+00:00,60024.0,60284.99,59669.85,59863.99,2229.08779,-1.323e-05,2.4909999999999814e-05,-0.00016779999999999999,-0.22594946776617184,0,0,10731.211,11630.836,-899.625,0.47988500337200796,0.5066306183532483,-1.0502220713442987,613.6580000000013,212.144999999999,313182,1,0,0,0
2024-08-18 16:00:00+00:00,59863.99,59945.83,59377.14,59708.38,1411.05054,-3.149e-05,-5.060000000000185e-06,-0.00013748,-0.5745424597426559,0,0,8797.876,9263.546999999999,-465.67099999999846,0.4871086846257906,0.5026974629138535,-0.5956964827938587,-290.1319999999978,152.40959999999941,245463,1,0,0,0
2024-08-18 20:00:00+00:00,59708.38,59869.77,58408.92,58427.35,3065.8087,-3.149e-05,-5.060000000000185e-06,-0.00013748,-0.5745424597426559,0,0,14486.898,16373.998000000001,-1887.1000000000022,0.4694257094803728,0.4986114064787316,-1.4975770056582414,-3252.3960000000006,-347.82259999999985,413663,1,0,0,0
2024-08-19 00:00:00+00:00,58427.35,58763.83,58210.03,58736.85,4986.95947,-3.616e-05,-8.088000000000019e-05,-6.129e-05,-0.621698552045698,0,0,18404.038,18285.095999999998,118.94200000000274,0.5016209431380965,0.5005275397851157,0.27410827855725545,-2233.828999999998,-411.65799999999945,511842,1,0,0,0
2024-08-19 04:00:00+00:00,58736.85,58746.0,58359.5,58502.19,2077.63203,-3.616e-05,-8.088000000000019e-05,-6.129e-05,-0.621698552045698,0,0,8660.56,8433.649,226.91100000000006,0.5066370722389085,0.49989581042500897,0.5214413206947955,-1541.2469999999994,-581.3085999999996,255545,0,1,0,0
2024-08-19 08:00:00+00:00,58502.19,58671.38,57787.3,58396.95,4744.05742,-6.75e-05,-0.00013515000000000017,-5.4919999999999996e-05,-1.1965029638786413,0,0,19518.262,21702.56,-2184.2980000000025,0.47350491943125245,0.4949673968182567,-1.2208669649410748,-1838.4449999999997,-838.2432000000001,492296,1,0,0,0
2024-08-19 12:00:00+00:00,58396.94,58970.0,58029.77,58539.24,4628.31977,-6.75e-05,-0.00013515000000000017,-5.4919999999999996e-05,-1.1965029638786413,0,0,27961.524,28126.081000000002,-164.5570000000007,0.4985330359533091,0.4959608723112595,0.11933922998105899,-2121.944000000003,-778.0204000000006,685200,0,1,0,0
2024-08-19 16:00:00+00:00,58539.25,59290.0,58380.0,58967.53,3169.47813,-6.75e-05,-0.00013515000000000017,-5.4919999999999996e-05,-1.1965029638786413,0,0,20256.821,19262.664,994.1569999999992,0.5125780611766575,0.49633787384710804,0.8487815580046054,-1354.698000000004,-201.76900000000023,598038,1,0,0,0
2024-08-19 20:00:00+00:00,58967.54,59617.63,58914.0,59438.5,3202.86569,-1.957e-05,-0.0001232300000000002,-6.892e-05,-0.1618645809311973,0,0,11930.479,11501.404999999999,429.0740000000005,0.5091557725362588,0.4956408071957149,0.5963473494695254,1258.673999999999,-139.74260000000066,342417,1,0,0,0
2024-08-20 00:00:00+00:00,59438.5,60910.55,59363.31,60619.18,6392.34637,-2.656e-05,-0.0001136300000000002,-0.0001146,-0.32080571014283593,0,0,27964.245,23800.461,4163.784,0.5402183680904128,0.49786675700430677,2.2145452315864156,5587.014999999999,647.6319999999993,735413,1,0,0,0
2024-08-20 04:00:00+00:00,60619.19,61400.0,60576.06,60924.33,5275.93633,-2.656e-05,-0.0001136300000000002,-0.0001146,-0.32080571014283593,0,0,19813.809,18261.479999999996,1552.3290000000052,0.5203849930068818,0.5019167559677941,1.0330430020844332,6145.187000000005,1394.9574000000007,551811,1,0,0,0
2024-08-20 08:00:00+00:00,60924.33,60975.0,60401.9,60518.82,3208.7774,1.349e-05,-3.264000000000019e-05,-0.00014288000000000001,0.51172284893405,0,0,11236.72,12540.117,-1303.3970000000008,0.4725910347116397,0.500464990976379,-1.5227448132612407,4412.716000000004,1167.1894000000007,346434,1,0,0,0
2024-08-20 12:00:00+00:00,60518.83,60955.99,58680.01,58825.53,10444.8448,1.349e-05,-3.264000000000019e-05,-0.00014288000000000001,0.51172284893405,0,0,53238.972,55949.666999999994,-2710.6949999999924,0.4875871014382733,0.502281130172169,-0.702642365759719,-2461.762999999988,426.21900000000244,1271064,1,0,0,0
2024-08-20 16:00:00+00:00,58825.53,59597.28,58548.23,59511.99,3678.04238,1.349e-05,-3.264000000000019e-05,-0.00014288000000000001,0.51172284893405,0,0,21169.689,20143.594000000005,1026.094999999994,0.5124184635725996,0.5033608822156193,0.5785391375141984,-2987.9969999999994,545.6232000000011,541418,1,0,0,0
2024-08-20 20:00:00+00:00,59512.0,59722.72,58802.35,59013.8,2477.4982,1.419e-05,1.1199999999998097e-06,-0.00012717000000000002,0.5008121749808221,0,0,10889.089,12041.287,-1152.1980000000003,0.4748761642635079,0.5001847914180793,-1.4697697493551016,-2836.797999999999,-517.5731999999989,340992,1,0,0,0
2024-08-21 00:00:00+00:00,59013.8,59519.99,58783.47,59320.0,2364.50372,1.419e-05,1.1199999999998097e-06,-0.00012717000000000002,0.5008121749808221,0,0,9752.302,10663.742999999999,-911.4409999999989,0.4776783162458743,0.5006021310995414,-1.2252748679629382,-1037.5440000000053,-1010.3271999999997,325068,0,1,0,0
2024-08-21 04:00:00+00:00,59320.0,59739.52,59183.13,59712.0,2017.26415,-6.756e-05,-3.988000000000019e-05,-0.00023439,-1.147765072771887,0,0,8759.786,8072.738000000001,687.0479999999989,0.520408347553819,0.5027896622595925,1.0335931160318599,-1376.5910000000003,-612.2381999999998,248967,1,0,0,0
2024-08-21 08:00:00+00:00,59711.99,59924.13,59085.88,59361.14,2931.20089,-5.91e-06,-5.928000000000019e-05,-0.00022707,0.14251563880947773,0,0,14514.228,16199.582000000002,-1685.354000000003,0.4725635797056763,0.4987882141124943,-1.401195687416323,-1909.747000000003,-407.1700000000019,427631,1,0,0,0
2024-08-21 12:00:00+00:00,59361.14,60201.98,58850.0,59511.8,8008.24548,-5.91e-06,-5.928000000000019e-05,-0.00022707,0.14251563880947773,0,0,44240.613,45423.709,-1183.096000000005,0.4934026378964868,0.4972129006485172,-0.32422182423849577,-2181.402000000009,-849.0082000000017,1133850,0,1,0,0
2024-08-21 16:00:00+00:00,59511.79,61625.2,59375.0,61570.0,7137.29601,-5.91e-06,-5.928000000000019e-05,-0.00022707,0.14251563880947773,0,0,36754.36,32933.566999999995,3820.793000000005,0.527413593462179,0.49593242318569375,1.3594403023345343,952.3429999999971,145.5899999999994,920752,1,0,0,0
2024-08-21 20:00:00+00:00,61570.0,61820.93,60902.13,61156.03,5525.13195,3.96e-06,-6.95100000000002e-05,-0.00019161999999999998,0.35689847184572204,0,0,21493.014,21776.037,-283.02300000000105,0.4967294984121561,0.49356687372622127,-0.2016472247123649,2354.673999999999,271.27359999999896,612080,1,0,0,0
2024-08-22 00:00:00+00:00,61156.03,61229.0,59724.87,60548.9,4109.54112,-2.229e-05,-2.4240000000000188e-05,-0.00017775,-0.17472609780965445,0,0,22293.231,23272.792,-979.5610000000015,0.4892511905197432,0.4952328893070315,-0.5319082233507786,2558.2090000000026,-62.04820000000109,570976,1,0,0,0
2024-08-22 04:00:00+00:00,60548.9,61114.23,60459.98,60984.31,2676.87579,-2.229e-05,-2.4240000000000188e-05,-0.00017775,-0.17472609780965445,0,0,12027.748,11472.826000000001,554.9219999999987,0.5118065626822561,0.4976548354314298,0.639014772650759,-707.6620000000039,386.00699999999927,378487,1,0,0,0
2024-08-22 08:00:00+00:00,60984.31,61400.0,60802.38,61336.09,3099.60131,1.338e-05,-4.950000000000188e-06,-9.687e-05,0.6889849769286148,0,0,14185.317,14405.383000000002,-220.06600000000253,0.4961514408531445,0.49602813315948435,-0.20134635083772953,-644.7050000000054,578.6129999999997,392698,0,1,0,0
2024-08-22 12:00:00+00:00,61336.09,61398.18,60100.0,60407.4,6849.31563,1.338e-05,-4.950000000000188e-06,-9.687e-05,0.6889849769286148,0,0,34328.936,37233.08899999999,-2904.152999999991,0.479708839988807,0.4965114007320143,-0.999667268355686,-2569.296999999995,-766.3761999999995,894136,1,0,0,0
2024-08-22 16:00:00+00:00,60407.39,60600.2,60131.0,60308.0,2663.66757,1.338e-05,-4.950000000000188e-06,-9.687e-05,0.6889849769286148,0,0,14353.971,14170.462000000001,183.5089999999982,0.5032166984703955,0.4990652389544663,0.26844120371549146,-2940.7099999999955,-673.0697999999996,436286,0,1,0,0
2024-08-22 20:00:00+00:00,60307.99,60707.88,60288.0,60375.84,1842.20446,-7.261e-05,-8.152000000000018e-05,-0.00014991,-1.2197449182947069,0,0,6620.834,6734.37,-113.53600000000006,0.49574937230460875,0.4965993414295453,-0.14547845509442803,-2834.179999999993,-499.8647999999994,223872,0,1,0,0
2024-08-23 00:00:00+00:00,60375.83,60968.24,60342.14,60593.31,2184.3747,-3.329e-05,-9.252000000000018e-05,-0.00015664,-0.2836133456462606,0,0,9879.699,9264.585,615.1140000000014,0.5160652129899452,0.5009495047579723,0.9266049639291561,685.0869999999995,-487.82639999999884,277789,1,0,0,0
2024-08-23 04:00:00+00:00,60593.31,61367.74,60582.68,61069.27,2937.25078,-3.329e-05,-9.252000000000018e-05,-0.00015664,-0.2836133456462606,0,0,15338.997,12866.463,2472.5339999999997,0.5438307689362273,0.5059923178619463,2.182478628257633,2974.112000000001,50.69360000000161,381769,1,0,0,0
2024-08-23 08:00:00+00:00,61069.26,61337.57,60691.11,60741.68,2313.52775,2.391e-05,-8.199000000000018e-05,-0.00014622,1.0482783271919214,0,0,13179.657,13839.785,-660.1280000000006,0.4877842036856275,0.5020293788842911,-0.5395049390689111,2427.5200000000004,499.4985999999997,370989,1,0,0,0
2024-08-23 12:00:00+00:00,60741.68,62320.36,60741.68,61533.05,11626.90263,2.391e-05,-8.199000000000018e-05,-0.00014622,1.0482783271919214,0,0,63552.206,62655.121999999996,897.0840000000026,0.5035540091618135,0.5027118299592568,0.21022788160290432,2709.4900000000016,642.2136000000006,1406878,1,0,0,0
2024-08-23 16:00:00+00:00,61533.04,63819.16,61349.99,63628.84,11503.37,-4.317e-05,-5.2550000000000186e-05,-0.00020357999999999997,-0.5225094543361513,0,0,59974.525,55254.40499999999,4720.12000000001,0.5204814884595388,0.5058348597532365,0.9990740826160766,4957.076000000012,1608.9448000000025,1333387,1,0,0,0
2024-08-23 20:00:00+00:00,63628.84,64955.0,63484.18,64037.24,7552.64503,-4.317e-05,-5.2550000000000186e-05,-0.00020357999999999997,-0.5225094543361513,0,0,35540.435,31144.83,4395.604999999996,0.5329578430857251,0.5079499877935832,1.5204422713703236,10012.809000000008,2365.0430000000015,871545,1,0,0,0
2024-08-24 00:00:00+00:00,64037.24,64206.7,63626.58,63832.01,3091.41323,-7.72e-06,-2.6980000000000186e-05,-0.00014374,0.3262309739559257,0,0,11022.128,11295.636999999999,-273.5089999999982,0.49387239268806715,0.5077220829770756,-0.42466143346835794,8842.216000000008,1815.834400000002,338818,1,0,0,0
2024-08-24 04:00:00+00:00,63832.0,64332.0,63822.0,64315.0,2843.18939,-7.72e-06,-2.6980000000000186e-05,-0.00014374,0.3262309739559257,0,0,10589.876,8535.177,2054.6990000000005,0.5537174720509271,0.5151229461832876,2.25290355295462,6176.794999999998,2358.799800000002,257091,1,0,0,0
2024-08-24 08:00:00+00:00,64315.0,64494.5,63868.0,63905.01,2357.89821,-7.72e-06,-2.6980000000000186e-05,-0.00014374,0.3262309739559257,0,0,10589.446,12239.5,-1650.054,0.46386048659451906,0.5111873249957,-1.7578679163443756,131.13600000000224,1849.3722000000016,294701,1,0,0,0
2024-08-24 12:00:00+00:00,63905.0,64244.0,63872.0,63976.0,2293.96419,-7.23e-06,-5.812000000000018e-05,-0.00014506,0.33259773758600325,0,0,9633.155,9959.739,-326.5839999999989,0.49166575392078377,0.5107789631573174,-0.516346418768579,78.06100000000151,840.0313999999998,286968,0,1,0,0
2024-08-24 16:00:00+00:00,63976.0,64444.0,63903.58,64210.6,2874.78934,6.395e-05,4.8999999999999815e-05,-8.507000000000001e-05,1.8425199313211955,0,0,12858.883,11512.659000000001,1346.2239999999983,0.5276187694648127,0.5119343188048042,1.0281805414156941,-630.4140000000007,230.15520000000032,381306,1,0,0,0
2024-08-24 20:00:00+00:00,64210.6,64328.0,63531.0,64157.01,2395.9018,6.395e-05,4.8999999999999815e-05,-8.507000000000001e-05,1.8425199313211955,0,0,11982.222,12523.480000000001,-541.2580000000016,0.4889564885755976,0.5064468907687412,-0.6143461483790503,478.3819999999978,176.60539999999963,358212,1,0,0,0
2024-08-25 00:00:00+00:00,64157.02,64507.04,64000.0,64101.01,2623.24737,-4.806e-05,8.659999999999819e-06,-0.00011084,-0.7747204635745508,0,0,10972.212,11883.093,-910.8810000000012,0.48007287585967456,0.505675757986146,-0.9398163538286727,-105.91500000000451,-416.5106000000007,363127,1,0,0,0
2024-08-25 04:00:00+00:00,64101.01,64196.0,63785.76,63868.26,1645.44133,-4.806e-05,8.659999999999819e-06,-0.00011084,-0.7747204635745508,0,0,6872.554,7849.048999999999,-976.494999999999,0.4668346239196914,0.5020038194619337,-1.4147654955865956,-2428.634000000002,-281.7988000000005,221683,1,0,0,0
2024-08-25 08:00:00+00:00,63868.27,64010.0,63773.27,63873.91,1728.68012,-1.531e-05,5.799999999998183e-07,-0.00013953000000000001,0.0675324916994945,0,0,6755.066,6205.79,549.2759999999998,0.521189804130221,0.502074651029002,0.8837116920199222,-1338.1000000000004,-106.62680000000073,198302,1,0,0,0
2024-08-25 12:00:00+00:00,63873.92,64288.0,63805.0,64132.16,1834.2167,-1.531e-05,5.799999999998183e-07,-0.00013953000000000001,0.0675324916994945,0,0,9094.082,7791.389000000001,1302.6929999999993,0.538574375568203,0.5026363042772497,1.5155506582699998,875.4740000000002,-115.33300000000054,228122,1,0,0,0
2024-08-25 16:00:00+00:00,64132.17,64248.66,64000.0,64187.41,1118.62168,3.108e-05,-3.2290000000000174e-05,-3.584e-05,1.1607122364349807,0,0,4120.035,4366.748,-246.71299999999974,0.48546486931502786,0.5017955519399458,-0.6892198769335602,1605.2559999999994,-56.42400000000016,139596,0,1,0,0
2024-08-25 20:00:00+00:00,64187.42,65000.0,64122.49,64220.0,3355.27257,3.108e-05,-3.2290000000000174e-05,-3.584e-05,1.1607122364349807,0,0,20955.869,18681.001000000004,2274.867999999995,0.5286963627551822,0.4992934410103714,1.0572823005916854,3330.8479999999945,580.725799999999,487516,1,0,0,0
2024-08-26 00:00:00+00:00,64219.99,64481.0,63790.0,64114.99,2477.44562,2.439e-05,4.015999999999982e-05,2.1839999999999998e-05,0.9732890499774771,0,0,11333.724,11864.942000000001,-531.2180000000008,0.4885506778708741,0.5017624601380068,-0.6613901031613635,1496.9369999999944,669.7811999999988,353926,1,0,0,0
2024-08-26 04:00:00+00:00,64115.0,64205.31,63420.0,63627.01,2772.63585,2.439e-05,4.015999999999982e-05,2.1839999999999998e-05,0.9732890499774771,0,0,10367.535,10854.476999999999,-486.9419999999991,0.48852743085811096,0.5014486278317396,-0.6181440301465964,1256.707999999995,462.5375999999989,299918,1,0,0,0
2024-08-26 08:00:00+00:00,63627.01,64039.2,63220.95,63859.0,2882.34645,2.439e-05,4.015999999999982e-05,2.1839999999999998e-05,0.9732890499774771,0,0,16501.52,17033.039,-531.5190000000002,0.4920750560638057,0.4978942564916388,-0.5072244282797143,-1549.679,95.69519999999902,430392,0,1,0,0
2024-08-26 12:00:00+00:00,63859.0,63958.95,63061.0,63532.53,4958.27097,3.448e-05,8.994999999999983e-05,3.2409999999999996e-05,1.1948117875136712,0,0,26371.252,28617.012000000002,-2245.760000000002,0.47957964266702435,0.4969565719007815,-1.0214094763451285,-3264.2210000000014,-304.11420000000146,728520,1,0,0,0
2024-08-26 16:00:00+00:00,63532.54,63878.78,63192.04,63342.99,3487.08919,3.789e-05,9.675999999999983e-05,0.00011347000000000001,1.218146950414891,0,0,17706.797,17468.294,238.50299999999697,0.5033902257708445,0.4992883068918985,0.046864260879161894,-2538.7760000000053,-711.387200000001,479182,0,1,0,0
2024-08-26 20:00:00+00:00,63342.99,63557.58,62800.0,62834.0,2892.26468,3.789e-05,9.675999999999983e-05,0.00011347000000000001,1.218146950414891,0,0,13512.002,14346.628,-834.6260000000002,0.4850203330170938,0.5011068778016388,-0.7421553495692792,-2841.8830000000053,-772.0688000000009,377593,1,0,0,0
2024-08-27 00:00:00+00:00,62834.0,63212.0,62657.0,62970.0,3568.52133,3.789e-05,9.675999999999983e-05,0.00011347000000000001,1.218146950414891,0,0,15144.47,14561.628999999999,582.8410000000003,0.5098101235035943,0.4999689097389761,0.3162884922386462,-13.282000000002881,-558.112200000001,417475,1,0,0,0
2024-08-27 04:00:00+00:00,62970.0,63200.0,62701.06,62902.31,3113.00318,2.795e-05,0.00010031999999999983,0.00014914,0.9228578900945408,0,0,9921.123,10479.953000000001,-558.8300000000017,0.4863039086761894,0.49474186304977474,-0.6775667184695974,-810.6150000000016,-563.5744000000013,276517,1,0,0,0
2024-08-27 08:00:00+00:00,62902.32,63000.0,62230.0,62417.0,4189.56881,1.751e-05,8.334999999999983e-05,0.00017387999999999998,0.668422039050645,0,0,19009.48,20109.59,-1100.1100000000006,0.4859389550927463,0.4947892716275465,-0.6738522060589677,-1076.099000000002,-334.44440000000105,488663,1,0,0,0
2024-08-27 12:00:00+00:00,62416.99,62495.0,61473.03,61709.13,8258.16317,1.751e-05,8.334999999999983e-05,0.00017387999999999998,0.668422039050645,0,0,36880.77,39834.56100000001,-2953.791000000012,0.4807483656689169,0.48999447191892004,-0.9023637450390399,-4612.731000000014,-972.9032000000028,900105,1,0,0,0
2024-08-27 16:00:00+00:00,61709.13,62196.75,61518.74,62102.01,3043.78733,7.753e-05,0.00012298999999999982,0.00018746000000000002,2.121978475444734,0,0,17321.166,16315.975999999999,1005.1900000000023,0.5149416677552451,0.49263357090735715,0.5663997915876373,-3048.7110000000102,-604.9400000000023,446201,1,0,1,0
2024-08-27 20:00:00+00:00,62102.0,62102.01,58034.01,59415.0,12962.89796,7.753e-05,0.00012298999999999982,0.00018746000000000002,2.121978475444734,0,0,62835.916,76855.171,-14019.255000000005,0.449820510022948,0.48876287882384084,-2.023599716835372,-15967.856000000014,-3525.3592000000035,1619374,1,0,1,0
2024-08-28 00:00:00+00:00,59415.0,59650.0,58917.12,59629.01,5551.9553,-6.803e-05,2.7009999999999824e-05,0.00016749,-1.5753387327059134,0,0,19460.962,18881.413999999997,579.5480000000025,0.5075575389485514,0.4903111271123154,0.30257735936053853,-12434.517,-3297.6836000000026,551757,1,0,0,0
2024-08-28 04:00:00+00:00,59629.01,59661.0,58516.0,58600.98,4614.54952,-6.803e-05,2.7009999999999824e-05,0.00016749,-1.5753387327059134,0,0,13427.214,16542.485,-3115.2710000000006,0.44802632151894484,0.4871557949975074,-1.9409114760611785,-16554.978000000003,-3700.7158000000027,409759,1,0,0,0
2024-08-28 08:00:00+00:00,58600.98,60234.98,58534.35,59935.0,6405.76959,2.433e-05,3.382999999999983e-05,0.00020713,0.758605584839645,0,0,25963.976,23961.725000000002,2002.2509999999966,0.5200523073276427,0.48882200315318725,0.8695130348810021,-533.4720000000016,-2709.507400000001,628907,1,0,0,0
2024-08-28 12:00:00+00:00,59934.99,60160.0,58443.07,59000.0,8281.56232,2.433e-05,3.382999999999983e-05,0.00020713,0.758605584839645,0,0,36396.26,39318.211,-2921.951000000001,0.48070414439004666,0.4883903842904826,-0.6428065664692909,-4034.971000000005,-3494.9356000000016,901965,1,0,0,0
2024-08-28 16:00:00+00:00,59000.0,59849.99,57860.0,58898.85,8303.26552,2.433e-05,3.382999999999983e-05,0.00020713,0.758605584839645,0,0,40379.844,41936.838,-1556.994000000006,0.4905426581698227,0.4864636377571053,-0.22281104535172924,-2476.6940000000104,-1002.4834000000017,977824,1,0,0,0
2024-08-28 20:00:00+00:00,58898.85,59602.0,58623.01,59034.9,3711.4405,1.143e-05,-3.227000000000017e-05,0.00018748000000000001,0.39592940739124216,0,0,18480.017,19039.621,-559.6039999999994,0.4925425186671577,0.4870874987562022,-0.09387468412624679,-5038.549000000006,-1230.3138000000022,535956,0,1,0,0
2024-08-29 00:00:00+00:00,59034.9,59320.0,58878.46,59141.1,2188.72128,-9.76e-06,2.5999999999999826e-05,0.00015333000000000002,-0.17052786308516274,0,0,8170.925,8748.601000000002,-577.6760000000022,0.48292871797945164,0.4867864750448728,-0.47290572701571826,-2694.2740000000076,-722.7948000000024,274787,0,1,0,0
2024-08-29 04:00:00+00:00,59141.11,59764.0,59049.79,59583.88,2877.04011,-9.76e-06,2.5999999999999826e-05,0.00015333000000000002,-0.17052786308516274,0,0,9779.57,9709.849999999999,69.72000000000116,0.5017886627719039,0.4888905047551714,0.41716615237194116,-1067.5600000000004,-1109.3010000000015,293671,1,0,0,0
2024-08-29 08:00:00+00:00,59583.88,60477.0,59374.0,60067.06,4113.75713,-9.76e-06,2.5999999999999826e-05,0.00015333000000000002,-0.17052786308516274,0,0,18658.401,15867.476999999995,2790.9240000000063,0.540417857005693,0.49143812368021633,1.989300106446539,2282.9680000000053,33.27399999999998,468236,1,0,0,0
2024-08-29 12:00:00+00:00,60067.06,61166.99,59990.0,60779.99,7624.50121,-1.644e-05,-1.4770000000000172e-05,0.00010241000000000002,-0.40691587245251754,0,0,31421.699,30505.572999999997,916.1260000000038,0.5073967895760046,0.497195751635522,0.5088260974321702,3776.7700000000114,527.898000000002,849556,1,0,0,0
2024-08-29 16:00:00+00:00,60779.99,60960.0,58915.01,59258.0,7172.50668,5.59e-06,-2.0610000000000174e-05,7.011e-05,0.16967918875725913,0,0,34719.233,39294.226,-4574.993000000002,0.46909350635808006,0.49334934837647476,-1.1017408999185956,-867.942999999992,-275.17979999999864,942217,1,0,0,0
2024-08-29 20:00:00+00:00,59257.99,59638.37,58713.09,59359.01,3044.38102,5.59e-06,-2.0610000000000174e-05,7.011e-05,0.16967918875725913,0,0,13414.123,13607.007000000001,-192.88400000000183,0.49643086725092544,0.49818980294967286,0.1037599806358656,-3851.751,-198.22139999999854,391634,0,1,0,0
2024-08-30 00:00:00+00:00,59359.0,59487.64,58899.7,59032.01,2743.70295,9.36e-06,-1.490000000000172e-06,5.152000000000002e-05,0.24178590316488957,0,0,10622.432,12144.836,-1522.4039999999986,0.4665659489755205,0.49284116711446063,-1.1837950524798082,-6290.281000000003,-516.6461999999985,341994,1,0,0,0
2024-08-30 04:00:00+00:00,59032.0,59582.86,58685.0,59271.1,4144.3024,9.36e-06,-1.490000000000172e-06,5.152000000000002e-05,0.24178590316488957,0,0,16777.705,15020.172999999999,1757.5320000000029,0.5276359950811812,0.49753435218357406,1.3826678807706925,42.244000000002416,-723.3245999999992,385213,1,0,0,0
2024-08-30 08:00:00+00:00,59271.11,59674.42,59271.0,59396.0,3176.58551,3.578e-05,5.072999999999983e-05,6.979000000000002e-05,0.9351275377446182,0,0,11389.012,11427.688,-38.675999999999476,0.49915246288902426,0.4983953326554943,0.18611128245926206,196.45200000000477,-914.2849999999999,305646,0,1,0,0
2024-08-30 12:00:00+00:00,59396.0,59944.07,57946.01,58094.99,10365.98684,3.578e-05,5.072999999999983e-05,6.979000000000002e-05,0.9351275377446182,0,0,51498.313,55058.897000000004,-3560.5840000000026,0.4832926181156582,0.4974703426003443,-0.4637722777599138,-1841.7279999999992,-711.4032,1289753,1,0,0,0
2024-08-30 16:00:00+00:00,58095.0,59371.0,57701.1,58700.02,6417.58601,2.927e-05,7.440999999999982e-05,2.1530000000000023e-05,0.7391934688142106,0,0,34279.757,35040.833,-761.0760000000009,0.494510462187353,0.4986285170211344,0.052564718946731606,-4360.336000000003,-825.0415999999998,884625,0,1,0,0
2024-08-30 20:00:00+00:00,58700.02,59298.89,58700.0,59123.99,1671.15824,2.927e-05,7.440999999999982e-05,2.1530000000000023e-05,0.7391934688142106,0,0,7678.019,7338.804,339.21500000000015,0.511294499508984,0.49957910069484246,0.9091295180969807,-3982.4450000000033,-452.7178,238699,1,0,0,0
2024-08-31 00:00:00+00:00,59123.99,59462.38,59070.4,59232.01,1647.80492,-1.749e-05,4.755999999999982e-05,7.207000000000002e-05,-0.5995466450615197,0,0,5829.271,6129.179000000001,-299.90800000000127,0.4874604150203412,0.4942833564963072,-0.26192837081703674,-721.769000000002,-864.2058000000009,198699,0,1,0,0
2024-08-31 04:00:00+00:00,59232.01,59350.0,59043.12,59095.0,1230.67061,-1.749e-05,4.755999999999982e-05,7.207000000000002e-05,-0.5995466450615197,0,0,4023.632,4535.6939999999995,-512.0619999999994,0.470087481187187,0.4905524256574255,-1.0649363096690057,-472.75500000000056,-958.883000000001,140666,1,0,0,0
2024-08-31 08:00:00+00:00,59095.01,59188.9,58831.88,59120.99,1404.08788,3.578e-05,4.755999999999982e-05,8.352000000000001e-05,0.8725997079375384,0,0,6808.889,6512.669999999999,296.21900000000096,0.5111180305548323,0.4947548780771007,0.8710977554120051,-515.7509999999997,-187.52240000000012,197067,1,0,0,0
2024-08-31 12:00:00+00:00,59120.99,59244.04,58892.15,59006.54,1774.98601,3.578e-05,4.755999999999982e-05,8.352000000000001e-05,0.8725997079375384,0,0,6429.806,6992.394000000001,-562.5880000000016,0.4790426308652828,0.4930160544385364,-0.6534252443831654,-778.431,-147.82480000000024,208017,1,0,0,0
2024-08-31 16:00:00+00:00,59006.54,59140.01,58744.0,58856.0,1637.2679,3.8e-05,5.628999999999983e-05,0.00011009000000000003,0.8903882762048964,0,0,6897.335,7032.651999999999,-135.3169999999991,0.49514296029134847,0.49587375557011926,0.12559793760142204,-401.6859999999997,-242.7312000000001,228237,1,0,0,0
2024-08-31 20:00:00+00:00,58856.0,59141.72,58763.29,58973.99,1103.59168,3.8e-05,5.628999999999983e-05,0.00011009000000000003,0.8903882762048964,0,0,4033.624,3641.5280000000002,392.09599999999955,0.5255432074830569,0.4956644768103068,1.457435406809893,-305.8090000000011,-104.33039999999991,128240,1,0,0,0
2024-09-01 00:00:00+00:00,58974.0,59076.59,58276.01,58524.21,2314.00203,4.113e-05,0.00011490999999999983,0.00016098000000000002,0.91501993811385,0,0,10254.502,10833.535,-579.0329999999994,0.48627105500621043,0.4943763360220254,-0.31565943068225644,-322.253999999999,-117.72459999999992,313438,1,0,0,0
2024-09-01 04:00:00+00:00,58524.21,58599.98,57777.0,58478.64,3366.16193,4.113e-05,0.00011490999999999983,0.00016098000000000002,0.91501993811385,0,0,17421.585,19554.902000000002,-2133.3170000000027,0.471153060051378,0.49316238021559744,-0.9778995732013526,-2320.2540000000026,-603.6318000000007,479123,1,0,0,0
2024-09-01 08:00:00+00:00,58478.64,58504.81,57840.0,58240.52,2520.59733,4.113e-05,0.00011490999999999983,0.00016098000000000002,0.91501993811385,0,0,11783.556,11995.046999999999,-211.49099999999817,0.4955529136846265,0.4932666253653248,0.12155983250747734,-2923.8410000000003,-533.4123999999999,323963,1,0,0,0
2024-09-01 12:00:00+00:00,58240.51,58360.38,57201.0,58217.0,5911.39633,-3.432e-05,4.480999999999983e-05,0.0001431,-1.1077603010957906,0,0,31527.582,33322.399000000005,-1794.8170000000064,0.4861617769787781,0.49075335311230417,-0.3171928331302053,-4139.625000000007,-865.3124000000014,778209,1,0,0,0
2024-09-01 16:00:00+00:00,58217.0,58788.93,57864.3,58514.0,2668.74429,-3.82e-06,2.9899999999998282e-06,0.00013369000000000003,-0.374122077691882,0,0,15813.439,16079.003999999999,-265.5649999999987,0.49583655287868666,0.4915909668981387,0.15877895041826245,-2271.8730000000032,-996.844600000001,464586,0,1,0,0
2024-09-01 20:00:00+00:00,58514.01,58656.77,57205.0,57301.86,3924.2555,-3.82e-06,2.9899999999998282e-06,0.00013369000000000003,-0.374122077691882,0,0,21111.831,23212.532,-2100.701000000001,0.4763030886648049,0.49221252764590046,-0.8468166654976583,-4161.083000000006,-1301.1782000000014,614069,1,0,0,0
2024-09-02 00:00:00+00:00,57301.77,57767.14,57128.0,57742.01,4604.88008,-3.82e-06,2.9899999999998282e-06,0.00013369000000000003,-0.374122077691882,0,0,20600.377,19917.481999999996,682.8950000000041,0.5084270864361319,0.49194343323403045,0.7494978883783936,-1683.3709999999955,-737.9358,532197,1,0,0,0
2024-09-02 04:00:00+00:00,57742.0,57987.99,57362.06,57547.99,2616.60584,-3.386e-05,-7.200000000000018e-05,9.047000000000002e-05,-1.2614906505072656,0,0,11236.862,11151.771000000002,85.09099999999671,0.5019003170046156,0.49422920184796376,0.37015610408848004,-1332.7150000000001,-678.6194000000011,343516,0,1,0,0
2024-09-02 08:00:00+00:00,57548.0,58680.76,57520.12,58422.01,5072.33101,-3.386e-05,-7.200000000000018e-05,9.047000000000002e-05,-1.2614906505072656,0,0,25551.15,23941.381,1609.7690000000002,0.5162627467970874,0.4963411804985377,1.1747506244701034,2377.755000000001,2.2978000000002794,650091,1,0,0,0
2024-09-02 12:00:00+00:00,58422.01,58808.0,58104.0,58537.99,4023.88935,2.48e-06,-3.520000000000018e-05,5.7170000000000024e-05,-0.1664036111438659,0,0,19447.401,17684.991999999995,1762.409000000007,0.5237314223190518,0.4961600019821371,1.465946941518778,3457.269000000004,407.8926000000014,504814,1,0,0,0
2024-09-02 16:00:00+00:00,58537.99,58666.64,58293.12,58439.99,2856.4724,-3.63e-06,-3.5010000000000175e-05,2.4270000000000027e-05,-0.40253888684461275,0,0,7966.278,7362.8099999999995,603.4680000000008,0.5196837541802879,0.4995012718995449,1.1688170440280476,3975.646000000008,948.7264000000017,276142,0,1,0,0
2024-09-02 20:00:00+00:00,58440.03,59425.69,58384.61,59132.13,3720.83593,-3.63e-06,-3.5010000000000175e-05,2.4270000000000027e-05,-0.40253888684461275,0,0,20383.439,15974.440999999999,4408.998,0.5606333207546754,0.5084492979698746,2.7409277964038186,6774.875000000007,1693.9470000000008,484735,1,0,0,0
2024-09-03 00:00:00+00:00,59132.12,59809.65,59021.62,59110.99,3188.73817,6.245e-05,6.129999999999982e-05,0.00010421000000000003,1.5080241681473163,0,0,16226.099,17009.121,-783.021999999999,0.4882199967383998,0.5077160062752519,-0.5267808410909979,4229.444000000001,1520.3244000000018,428372,1,0,0,0
2024-09-03 04:00:00+00:00,59111.0,59259.0,58872.0,59112.0,2786.55038,6.245e-05,6.129999999999982e-05,0.00010421000000000003,1.5080241681473163,0,0,10984.707,10962.189,22.51800000000003,0.500513011042655,0.5091511296816397,0.03098318669355406,3648.4940000000006,1202.8742000000016,294873,1,0,0,0
2024-09-03 08:00:00+00:00,59112.01,59195.63,58717.0,59072.0,2434.05695,6.245e-05,6.129999999999982e-05,0.00010421000000000003,1.5080241681473163,0,0,9993.568,10278.454000000002,-284.88600000000224,0.4929734192277415,0.5088648163165452,-0.25392118229422134,-1045.3900000000012,793.4151999999998,291282,1,0,0,0
2024-09-03 12:00:00+00:00,59072.01,59350.0,57568.0,57725.0,8190.06416,5.123e-05,0.00011004999999999983,0.00011966000000000003,1.0983281203103712,0,0,42882.914,45958.530000000006,-3075.616000000009,0.4826904209256211,0.5095035495426268,-0.7055645313156356,-3337.9840000000113,57.59839999999785,1028873,1,0,0,0
2024-09-03 16:00:00+00:00,57725.01,58251.09,57589.01,58046.0,3746.4115,4.598e-05,0.00015965999999999984,0.00012764000000000005,0.9841806296156016,0,0,22558.839,20436.675000000003,2122.163999999997,0.5246789002220091,0.5111287309212145,1.224512233469118,-1238.3380000000143,-399.76840000000266,536303,1,0,0,0
2024-09-03 20:00:00+00:00,58045.99,58247.0,57415.0,57487.73,2482.36331,4.598e-05,0.00015965999999999984,0.00012764000000000005,0.9841806296156016,0,0,9889.862,13015.539000000002,-3125.6770000000033,0.431769869473143,0.5041156861680672,-2.7078549273083516,-4079.1290000000154,-868.2994000000035,323373,1,0,0,0
2024-09-04 00:00:00+00:00,57487.74,57943.53,55606.0,56653.98,10008.5459,2.209e-05,0.00011929999999999982,0.00010860000000000002,0.21208199911408881,0,0,44788.377,51771.55299999999,-6983.175999999992,0.46384019748150196,0.4988734312365087,-1.3682078000903202,-7986.6889999999985,-2269.438200000002,1071715,1,0,0,0
2024-09-04 04:00:00+00:00,56653.99,56881.0,56201.0,56746.0,5570.10401,2.209e-05,0.00011929999999999982,0.00010860000000000002,0.21208199911408881,0,0,18554.453,17606.367,948.086000000003,0.5131092989594817,0.49781121890055163,0.6969813019534221,-9160.766999999993,-2022.843800000001,446735,1,0,0,0
2024-09-04 08:00:00+00:00,56746.0,56909.94,56453.0,56573.0,3012.85274,1.05e-05,7.856999999999983e-05,0.00015342000000000003,-0.18785481164561277,0,0,11674.446,12492.392,-817.9459999999999,0.4830770992878754,0.4941505534113103,-0.5414272606678314,-6853.035999999989,-1571.309799999999,318723,1,0,0,0
2024-09-04 12:00:00+00:00,56573.0,58181.43,56187.61,58134.0,9903.94203,1.05e-05,7.856999999999983e-05,0.00015342000000000003,-0.18785481164561277,0,0,51104.98,47695.82199999999,3409.1580000000104,0.5172526838395503,0.48981248971979785,0.8356678915930345,3539.2980000000134,-1313.9109999999964,1101946,1,0,0,0
2024-09-04 16:00:00+00:00,58134.0,58519.0,57646.0,58058.01,5284.73247,-1.47e-05,1.7889999999999824e-05,0.00014254000000000003,-0.9437327902800714,0,0,27333.247,25868.904,1464.3430000000008,0.5137620657480559,0.49236669662076354,0.6589387407095181,4055.555000000011,-395.9069999999956,689801,0,1,0,0
2024-09-04 20:00:00+00:00,58058.0,58390.0,57792.46,57970.9,1780.64431,-1.47e-05,1.7889999999999824e-05,0.00014254000000000003,-0.9437327902800714,0,0,9077.033,9015.737000000001,61.29599999999846,0.5016939363071546,0.4924847891472134,0.1753491621423018,4934.79700000001,1012.9874000000025,276431,0,1,0,0
2024-09-05 00:00:00+00:00,57970.9,58327.07,56891.07,57135.42,4718.02876,9.016e-05,8.595999999999983e-05,0.00026656,2.146425707055714,0,0,20901.793,22798.359999999997,-1896.5669999999955,0.4783002247154604,0.4910174696959853,-0.7755098394023385,-370.92799999999625,444.05680000000285,515121,1,0,1,0
2024-09-05 04:00:00+00:00,57135.42,57291.1,56541.68,57155.1,3337.56535,9.016e-05,8.595999999999983e-05,0.00026656,2.146425707055714,0,0,17384.423,18906.070000000003,-1521.6470000000045,0.47903518422855257,0.49065194602627854,-0.7667052771227302,-3356.9180000000015,303.3166000000019,422928,0,1,1,0
2024-09-05 08:00:00+00:00,57155.1,57232.0,56623.0,56698.01,2824.97809,2.025e-05,9.570999999999983e-05,0.00028433,0.11081432518393275,0,0,14544.815,14318.181999999999,226.63300000000163,0.5039260129500759,0.48857665729908517,0.280500694657042,-3191.5809999999983,-333.18839999999983,368629,0,1,0,0
2024-09-05 12:00:00+00:00,56698.01,57350.0,55817.51,55976.01,10200.08948,2.025e-05,9.570999999999983e-05,0.00028433,0.11081432518393275,0,0,55086.369,59723.4,-4637.031000000003,0.479805590411039,0.49338022939287474,-0.7295143973717085,-5932.0450000000055,-1553.4632000000006,1284261,1,0,0,0
2024-09-05 16:00:00+00:00,55976.01,56710.0,55800.0,56060.01,4306.58366,2.025e-05,9.570999999999983e-05,0.00028433,0.11081432518393275,0,0,22648.393,23558.802,-910.4089999999997,0.4901486229579614,0.4960110719405207,-0.28941065601235866,-5320.807000000001,-1747.8042,654100,0,1,0,0
2024-09-05 20:00:00+00:00,56060.0,56259.97,55643.65,56180.0,2419.66879,2.49e-05,0.00013530999999999981,0.00031286000000000004,0.262085380434006,0,0,11634.035,13198.95,-1564.9150000000009,0.4684912023262608,0.49154926227719864,-1.1182864902116683,-7112.355000000003,-1681.4738000000011,378935,0,1,0,0
2024-09-06 00:00:00+00:00,56180.0,56858.88,55989.0,56588.0,3089.15324,2.28e-05,6.794999999999981e-05,0.0002732100000000001,0.20524834160511218,0,0,15363.76,15903.297,-539.5370000000003,0.4913721173054439,0.49237876407895553,-0.16677863275908222,-3014.861000000001,-1485.0518000000004,438724,0,1,0,0
2024-09-06 04:00:00+00:00,56588.01,56747.91,55280.0,55804.29,5943.85272,2.28e-05,6.794999999999981e-05,0.0002732100000000001,0.20524834160511218,0,0,22604.559,26042.909999999996,-3438.350999999995,0.4646605355768869,0.48711954925268913,-1.2658518125776979,-5542.802999999996,-2218.0485999999996,592993,1,0,0,0
2024-09-06 08:00:00+00:00,55804.28,56262.11,55639.0,55999.09,4116.26102,2.28e-05,6.794999999999981e-05,0.0002732100000000001,0.20524834160511218,0,0,17494.694,19793.611,-2298.9170000000013,0.46917375300379033,0.48266071797826254,-1.0222041625432807,-6276.804999999997,-1750.4257999999995,445350,0,1,0,0
2024-09-06 12:00:00+00:00,55999.09,57008.0,53808.0,54045.01,21136.96377,-1e-08,4.76899999999998e-05,0.00022197000000000002,-0.4526517380702222,0,0,95294.994,104359.46299999999,-9064.468999999983,0.4772996076917031,0.48022128511671747,-0.6746660051949073,-14801.73699999998,-3381.2377999999962,2273746,1,0,0,0
2024-09-06 16:00:00+00:00,54045.0,54435.0,53267.54,53534.28,11314.50356,1.428e-05,3.7069999999999806e-05,0.00019027000000000003,0.03433799065693888,0,0,47023.925,48804.34599999999,-1780.4209999999875,0.4907103562371485,0.48146229826888626,-0.12440306348950489,-13143.806999999972,-3424.3389999999936,1211111,1,0,0,0
2024-09-06 20:00:00+00:00,53534.27,53969.99,52550.0,53962.97,8847.03395,1.428e-05,3.7069999999999806e-05,0.00019027000000000003,0.03433799065693888,0,0,31245.91,35131.644,-3885.7340000000004,0.47073006034539927,0.4806317858805709,-0.9203785991568081,-14730.62399999997,-4093.5783999999935,874567,0,1,0,0
2024-09-07 00:00:00+00:00,53962.97,54095.65,53745.54,53818.91,2283.19066,-5.57e-06,8.699999999999812e-06,0.00016261000000000002,-0.743463402026797,0,0,7307.048,8802.633000000002,-1495.5850000000019,0.4535811727122343,0.47559730185678684,-1.484846876592674,-7161.73999999999,-3705.025199999995,257502,1,0,0,0
2024-09-07 04:00:00+00:00,53818.92,54405.37,53814.0,54286.0,4210.82665,-5.57e-06,8.699999999999812e-06,0.00016261000000000002,-0.743463402026797,0,0,13476.641,13409.807,66.83399999999892,0.501242893817733,0.4777410321974561,0.3694169645713111,-5314.485000000003,-3231.874999999995,341481,1,0,0,0
2024-09-07 08:00:00+00:00,54286.0,54492.98,54168.23,54326.0,2289.86562,-7.634e-05,-6.763000000000019e-05,7.577e-05,-2.709656455484457,0,0,7605.698,9327.008999999998,-1721.3109999999979,0.44917200775989335,0.4736433706776494,-1.5272932696950066,-3150.062000000001,-1763.243399999998,243631,0,1,0,1
2024-09-07 12:00:00+00:00,54326.01,54829.0,54326.0,54780.0,2510.87487,-7.634e-05,-6.763000000000019e-05,7.577e-05,-2.709656455484457,0,0,11455.943,11696.487000000001,-240.5440000000017,0.49480521051138043,0.4762747714961614,0.24420112338158853,-1895.0210000000006,-1455.2680000000005,338051,0,1,0,1
2024-09-07 16:00:00+00:00,54780.0,54850.0,54000.0,54404.01,3137.77696,-7.236e-05,-0.0001542700000000002,1.8110000000000015e-05,-2.2619365929970088,0,0,12683.057,13876.254,-1193.1970000000001,0.47753712436290235,0.4748912722019071,-0.3838585001850031,-3155.0519999999997,-916.7606000000005,345799,1,0,0,1
2024-09-07 20:00:00+00:00,54404.01,54437.97,53814.01,54160.86,2261.51298,-7.236e-05,-0.0001542700000000002,1.8110000000000015e-05,-2.2619365929970088,0,0,8953.574,9092.443,-138.86899999999878,0.4961523642585508,0.47804045507007353,0.5335421199363638,-1572.6100000000006,-645.4173999999999,263062,1,0,0,1
2024-09-08 00:00:00+00:00,54160.86,54509.0,53964.0,54402.99,1979.50014,3.745e-05,-0.00011125000000000018,-3.46e-05,0.7389753206148513,0,0,8447.297,7938.181999999999,509.1150000000016,0.5155355543771409,0.48267663520740867,1.3689822423085243,-822.9509999999973,-556.9611999999994,217324,1,0,0,0
2024-09-08 04:00:00+00:00,54402.98,54575.0,54261.1,54436.25,1722.23364,3.745e-05,-0.00011125000000000018,-3.46e-05,0.7389753206148513,0,0,6701.675,7280.8730000000005,-579.1980000000003,0.47928853882711503,0.48287552832094977,-0.27467662512488156,-208.9519999999975,-328.53859999999986,204957,0,1,0,0
2024-09-08 08:00:00+00:00,54436.25,54722.85,54356.0,54556.08,1765.73164,-5.999e-05,-9.490000000000019e-05,-0.00011484,-1.8149367694403697,0,0,7493.149,7875.8550000000005,-382.70600000000013,0.48754942089936343,0.4825594347871712,0.11822129524904629,-452.78899999999885,-356.97099999999955,220670,0,1,0,0
2024-09-08 12:00:00+00:00,54556.08,54567.0,53640.0,53687.0,3500.41607,-5.999e-05,-9.490000000000019e-05,-0.00011484,-1.8149367694403697,0,0,18600.722,23166.934,-4566.2119999999995,0.445337942833086,0.48002022303593994,-1.6970976004319362,-5528.116,-1031.5739999999994,487315,1,0,0,0
2024-09-08 16:00:00+00:00,53686.99,54531.1,53629.01,54337.01,2289.20807,-5.245e-05,-7.499000000000019e-05,-0.00019219000000000001,-1.502422750124786,0,0,13497.218,12061.728,1435.4900000000016,0.528081948293173,0.4874703005940339,1.9331903919609807,-3513.427999999998,-716.7021999999994,340693,1,0,0,0
2024-09-08 20:00:00+00:00,54337.02,55318.0,54184.0,54869.95,5017.05823,-5.245e-05,-7.499000000000019e-05,-0.00019219000000000001,-1.502422750124786,0,0,25353.986,23660.916999999998,1693.0690000000031,0.5172709614461545,0.48907310735687604,1.4252092390708677,-1437.6529999999948,-479.91139999999905,589267,1,0,0,0
2024-09-09 00:00:00+00:00,54869.95,55370.23,54688.69,55115.0,4899.59127,-7.585e-05,-0.0001882900000000002,-0.00029084,-1.8868152584131836,0,0,17027.888,17828.509,-800.6209999999992,0.4885154366356339,0.49300745024445003,0.04581019589425054,2327.9380000000056,-524.1959999999988,528816,0,1,0,0
2024-09-09 04:00:00+00:00,55115.0,55150.0,54591.96,54974.01,3091.16196,-7.585e-05,-0.0001882900000000002,-0.00029084,-1.8868152584131836,0,0,12437.241,12707.295,-270.0540000000001,0.494629966526326,0.4929899258459446,0.37563545883449695,622.3940000000039,-501.6655999999988,342412,1,0,0,0
2024-09-09 08:00:00+00:00,54974.01,55555.0,54960.0,55264.87,3429.17626,-7.108e-05,-0.0001993800000000002,-0.00036191,-1.6252075212425825,0,0,18676.676,16944.509,1732.1670000000013,0.5243137194902415,0.49766758535867855,1.6694795105726496,661.492000000002,758.0102000000013,441898,1,0,0,0
2024-09-09 12:00:00+00:00,55264.87,55799.0,54804.0,55386.0,6542.48233,-7.108e-05,-0.0001993800000000002,-0.00036191,-1.6252075212425825,0,0,39952.102,37525.99800000001,2426.103999999992,0.5156567081536588,0.49961801974818937,1.2747524164491282,3888.2169999999933,956.1329999999995,879403,1,0,0,0
2024-09-09 16:00:00+00:00,55385.99,57177.0,55348.54,57089.54,9053.91852,-7.108e-05,-0.0001993800000000002,-0.00036191,-1.6252075212425825,0,0,46470.269,42667.884999999995,3802.3840000000055,0.5213285996476885,0.5001973242752441,1.5023754670969653,7960.654999999999,1377.9959999999999,1015159,1,0,0,0
2024-09-09 20:00:00+00:00,57089.53,58088.0,56810.0,57042.0,5368.18703,-3.875e-05,-0.0001856800000000002,-0.00041494,-0.8396292437784134,0,0,27245.121,23610.868000000002,3634.252999999997,0.5357308261176476,0.5058415530042973,1.9709863869704647,9862.740999999995,2264.970799999999,630143,0,1,0,0
2024-09-10 00:00:00+00:00,57042.01,57065.34,56522.86,56524.74,3589.26607,-6.028e-05,-0.0001701100000000002,-0.00046965,-1.2570816878868742,0,0,12945.71,12919.0,26.709999999999127,0.5005163406046308,0.5071382449748241,0.4336037132746417,7463.347000000002,2324.323599999999,361180,0,1,0,0
2024-09-10 04:00:00+00:00,56524.74,57290.0,56386.4,57218.57,2969.98514,-6.028e-05,-0.0001701100000000002,-0.00046965,-1.2570816878868742,0,0,14910.44,13156.327,1754.1130000000012,0.5312489322336271,0.5157293439148781,1.6028084674664056,5415.075999999997,2328.712799999999,362110,1,0,0,0
2024-09-10 08:00:00+00:00,57218.56,57378.0,56878.65,57228.0,3523.74246,-2.93e-05,-0.00012833000000000018,-0.00042261,-0.5364133070671232,0,0,12698.546,13605.119,-906.5730000000003,0.4827671733197636,0.5111978664175372,-0.35526293830287,874.25,1662.1774000000005,363428,0,1,0,0
2024-09-10 12:00:00+00:00,57228.01,57468.98,56502.31,56596.0,6137.02725,-2.93e-05,-0.00012833000000000018,-0.00042261,-0.5364133070671232,0,0,32832.357,35717.951,-2885.5939999999973,0.4789527276813986,0.5073660430410616,-0.5103702470984657,-2038.0539999999964,324.58179999999993,903491,1,0,0,0
2024-09-10 16:00:00+00:00,56596.01,58044.36,56566.0,57952.01,5036.50689,-1.126e-05,-0.0001008400000000002,-0.00036150999999999995,-0.1044292050662355,0,0,30242.25,28114.086000000003,2128.163999999997,0.5182342153900821,0.5103379209165064,1.0419863545684287,-1664.0030000000006,23.36399999999994,757274,1,0,0,0
2024-09-10 20:00:00+00:00,57952.01,57975.99,57453.0,57635.99,2370.25345,-1.126e-05,-0.0001008400000000002,-0.00036150999999999995,-0.1044292050662355,0,0,10484.514,10691.376,-206.862000000001,0.49511562442003615,0.5103864867058775,0.07764335612957475,-964.2920000000013,-23.350400000000082,318986,1,0,0,0
2024-09-11 00:00:00+00:00,57635.99,57750.0,56681.32,56819.55,4635.08566,-8.953e-05,-0.00013009000000000019,-0.00048849,-1.7010293647361272,0,0,22828.542,22474.875999999997,353.6660000000047,0.503903303719821,0.5083454451288354,0.4186681244621063,2274.9680000000008,-303.43979999999937,612935,0,1,0,0
2024-09-11 04:00:00+00:00,56819.56,56819.56,56100.0,56712.0,4361.14028,-8.953e-05,-0.00013009000000000019,-0.00048849,-1.7010293647361272,0,0,20663.645,21672.435,-1008.7900000000009,0.4880859304876597,0.5055883673622354,-0.26441705823004175,-861.9859999999971,-323.8831999999995,547188,1,0,0,0
2024-09-11 08:00:00+00:00,56712.01,56895.82,56325.7,56797.99,4294.63231,-2.247e-05,-0.0001232600000000002,-0.00045097,-0.2587825334998775,0,0,16679.197,16057.181,622.0159999999996,0.5095003790584285,0.5044055453033095,0.5821811151585686,-33.10799999999654,377.6387999999999,461359,1,0,0,0
2024-09-11 12:00:00+00:00,56798.0,57166.66,55545.19,56701.23,10825.4419,-2.247e-05,-0.0001232600000000002,-0.00045097,-0.2587825334998775,0,0,62410.404,66722.206,-4311.802000000003,0.4833047516037971,0.4991629378519245,-0.5393260485555936,-4698.576000000005,-910.3544000000002,1490537,1,0,0,0
2024-09-11 16:00:00+00:00,56701.22,57981.71,56646.0,57585.5,7312.7816,-5.212e-05,-0.00016412000000000018,-0.00045064,-0.8567267072240335,0,0,36803.581,37311.433,-507.85199999999895,0.49657389257188833,0.49876869304865024,0.01784818497365782,-4197.638000000003,-970.5523999999998,975354,0,1,0,0
2024-09-11 20:00:00+00:00,57585.5,57676.83,57211.1,57338.0,1597.48582,-5.212e-05,-0.00016412000000000018,-0.00045064,-0.8567267072240335,0,0,7150.945,7457.0,-306.0550000000003,0.48952436499452867,0.49459623632474037,-0.3157119922359101,-5125.709000000003,-1102.4966000000009,252217,1,0,0,0
2024-09-12 00:00:00+00:00,57338.0,58470.01,57324.0,58232.72,4925.10026,-1.951e-05,-9.41000000000002e-05,-0.0003943,-0.1682990016589027,0,0,26378.431,23568.592999999997,2809.8380000000034,0.5281281823717866,0.49913233722994266,1.3017193634745408,1995.9310000000041,-338.7709999999999,682079,1,0,0,0
2024-09-12 04:00:00+00:00,58232.73,58430.56,57836.28,58138.16,3805.17892,-1.951e-05,-9.41000000000002e-05,-0.0003943,-0.1682990016589027,0,0,12530.435,11713.412000000002,817.0229999999974,0.5168501104630795,0.5029220755081107,0.7616885269687022,3320.8060000000005,-299.76960000000037,369937,0,1,0,0
2024-09-12 08:00:00+00:00,58138.15,58350.0,57894.0,58057.99,3403.41297,-5.46e-06,-7.70900000000002e-05,-0.00032868000000000003,0.13986703403056344,0,0,11655.486,10746.951000000001,908.5349999999999,0.520277593013653,0.5031264132704678,0.8819199930166094,4535.396000000001,744.2978000000003,315926,0,1,0,0
2024-09-12 12:00:00+00:00,58058.0,58588.0,57345.23,57512.03,9147.61704,-5.46e-06,-7.70900000000002e-05,-0.00032868000000000003,0.13986703403056344,0,0,47482.743,48354.573000000004,-871.8300000000017,0.49545151076643257,0.5031600019051076,-0.3275404326541555,853.7279999999955,671.5021999999997,1125390,1,0,0,0
2024-09-12 16:00:00+00:00,57512.03,58450.99,57494.01,58388.0,5931.38887,-2.95e-05,-5.447000000000019e-05,-0.00031943,-0.35883836416546283,0,0,23071.655,23282.241,-210.58600000000297,0.49772849729826374,0.5025425212629517,-0.255810066638461,-173.88100000000486,690.5959999999992,609023,0,1,0,0
2024-09-12 20:00:00+00:00,58388.0,58388.0,57781.1,58132.32,3861.70825,-2.95e-05,-5.447000000000019e-05,-0.00031943,-0.35883836416546283,0,0,11942.621,10722.547000000002,1220.0739999999969,0.5269151766269722,0.506425445876883,1.126213511944633,137.65799999999217,372.6431999999979,331256,0,1,0,0
2024-09-13 00:00:00+00:00,58132.31,58290.4,57798.49,57845.97,2349.18013,-6.9e-07,-3.565000000000019e-05,-0.00025984,0.32081663735062155,0,0,7491.739,8968.787000000002,-1477.0480000000025,0.45513363303214,0.5009887712742541,-2.107834760681267,-467.5600000000086,-86.1710000000021,252524,1,0,0,0
2024-09-13 04:00:00+00:00,57845.97,58137.68,57742.0,58109.31,2043.6269,-6.9e-07,-3.565000000000019e-05,-0.00025984,0.32081663735062155,0,0,8639.586,7662.725,976.860999999999,0.529960813531284,0.5056543774670028,1.1831314924063165,719.8869999999933,-72.50580000000227,221484,1,0,0,0
2024-09-13 08:00:00+00:00,58109.31,58350.0,57815.0,57871.1,2642.80891,-6.9e-07,-3.565000000000019e-05,-0.00025984,0.32081663735062155,0,0,11945.347,13270.154,-1324.8070000000007,0.47373030581466535,0.5033700187912805,-1.2878401414424274,-1824.9940000000042,-163.10120000000205,317471,1,0,0,0
2024-09-13 12:00:00+00:00,57871.1,59723.97,57632.62,59667.38,10230.19313,-8.69e-06,-3.888000000000019e-05,-0.00023923,0.1931784208834427,0,0,61121.736,54377.738000000005,6743.997999999992,0.5291949294937914,0.5073370752412069,1.1370046593162981,6396.051999999991,1227.815599999997,1146809,1,0,0,0
2024-09-13 16:00:00+00:00,59666.01,59999.0,59312.01,59743.99,6438.89464,-8.69e-06,-3.888000000000019e-05,-0.00023923,0.1931784208834427,0,0,31170.539,30452.138000000003,718.400999999998,0.5058290310886688,0.505107160112895,0.03404950841812304,6137.59199999999,1127.4809999999973,760058,1,0,0,0
2024-09-13 20:00:00+00:00,59743.99,60625.0,59633.4,60498.0,6120.52962,-2.443e-05,-3.381000000000019e-05,-0.0002524,-0.1262943727071009,0,0,22706.099,19622.904,3083.1949999999997,0.536419414367024,0.5070640905032896,1.4758486479894593,10545.59399999999,2039.5295999999976,590902,1,0,0,0
2024-09-14 00:00:00+00:00,60497.99,60610.45,60285.55,60329.37,2276.07277,-8.699e-05,-0.0001201100000000002,-0.00024986,-1.5281665800727562,0,0,7323.811,8163.032999999999,-839.2219999999998,0.4729053253199942,0.5023268637339237,-1.512671846849669,2962.373999999998,1676.3129999999978,247326,1,0,0,0
2024-09-14 04:00:00+00:00,60329.38,60348.24,59900.0,60138.14,2520.20691,-8.699e-05,-0.0001201100000000002,-0.00024986,-1.5281665800727562,0,0,8473.844,8917.691,-443.8470000000016,0.48723956798522955,0.5015056694558033,-0.8245691596147027,1800.1259999999984,1852.5049999999978,252482,1,0,0,0
2024-09-14 08:00:00+00:00,60138.14,60156.0,59605.98,59706.39,2203.8962,8.59e-06,-0.0001028300000000002,-0.00021879999999999998,0.7532726386385354,0,0,8997.375,10444.036,-1446.661,0.4627943414189433,0.4980122538678713,-1.780392017225132,-2729.7300000000014,214.37319999999926,271785,1,0,0,0
2024-09-14 12:00:00+00:00,59706.4,60010.0,59626.01,59876.0,1704.29511,8.59e-06,-0.0001028300000000002,-0.00021879999999999998,0.7532726386385354,0,0,9141.245,8791.656,349.58899999999994,0.5097471401866324,0.49629545022383725,0.3104536208385226,-1540.9190000000017,140.61079999999964,247694,1,0,0,0
2024-09-14 16:00:00+00:00,59875.99,59983.39,59400.0,59810.0,2133.99814,8.59e-06,-0.0001028300000000002,-0.00021879999999999998,0.7532726386385354,0,0,9634.699,10732.416000000001,-1097.7170000000006,0.47305173069430795,0.49808725999005415,-1.231450922365642,-2194.7890000000007,-695.5716000000004,284681,1,0,0,0
2024-09-14 20:00:00+00:00,59810.01,60134.13,59774.0,59993.03,1299.43988,2.326e-05,-5.5140000000000194e-05,-0.00014342,1.0525898447267572,0,0,6245.133,5715.638000000001,529.494999999999,0.5221346516875877,0.4973046438056844,0.9633191130097537,-218.63300000000163,-421.82820000000066,193234,1,0,0,0
2024-09-15 00:00:00+00:00,59993.02,60280.06,59986.01,60155.93,1236.11942,-4.91e-06,2.6939999999999813e-05,-0.00012882,0.5348710319206105,0,0,5872.394,5293.213,579.1810000000005,0.5259359388164029,0.5025252071058581,1.0733630752741932,10.958999999998923,-217.22260000000023,172257,1,0,0,0
2024-09-15 04:00:00+00:00,60155.93,60216.0,60032.9,60196.0,1021.60267,-4.91e-06,2.6939999999999813e-05,-0.00012882,0.5348710319206105,0,0,3415.506,3587.869,-172.36300000000028,0.4876942902529138,0.4983751431817705,-0.5605578949160743,936.3129999999992,37.636999999999716,115661,0,1,0,0
2024-09-15 08:00:00+00:00,60195.99,60204.0,59880.0,60000.51,1163.54597,1e-08,1.835999999999981e-05,-0.00012335,0.6972776697791195,0,0,5663.885,6218.691999999999,-554.8069999999989,0.47665460110210106,0.49545770018311364,-1.0410269765555382,-147.98899999999867,-143.24220000000005,170243,1,0,0,0
2024-09-15 12:00:00+00:00,60000.51,60395.8,59871.0,60335.41,2112.8118,1e-08,1.835999999999981e-05,-0.00012335,0.6972776697791195,0,0,13306.654,11918.177999999998,1388.4760000000024,0.5275220068859131,0.49456795943500254,1.1548448721050035,661.3060000000032,353.99640000000056,327184,1,0,0,0
2024-09-15 16:00:00+00:00,60335.41,60352.65,59707.08,59878.22,3245.74935,4.02e-06,-8.800000000001898e-07,-8.983e-05,0.8441643961344669,0,0,14747.35,15018.342999999999,-270.9929999999986,0.4954478970135182,0.49682221660435494,-0.23795791605755703,562.6760000000049,193.89880000000102,393067,1,0,0,0
2024-09-15 20:00:00+00:00,59878.23,59939.1,58691.05,59132.0,4978.0944,4.02e-06,-8.800000000001898e-07,-8.983e-05,0.8441643961344669,0,0,20892.414,24589.708000000002,-3697.2940000000017,0.45935442502001117,0.49403370230783317,-1.7075028970705877,-2579.810999999998,-661.3961999999995,558025,1,0,0,0
2024-09-16 00:00:00+00:00,59132.0,59210.7,58112.0,58575.09,5370.8386,2.402e-05,2.804999999999981e-05,-6.512e-05,1.398742447405285,0,0,27026.773,27193.936,-167.16300000000047,0.49845849488983995,0.4976001176549228,-0.03936292208209853,-4135.450000000001,-660.3561999999995,692340,1,0,0,0
2024-09-16 04:00:00+00:00,58575.09,58970.0,58312.54,58911.1,3433.45011,2.402e-05,2.804999999999981e-05,-6.512e-05,1.398742447405285,0,0,13540.486,12786.236,754.25,0.5143247989628181,0.4980578835325414,0.5962432953306418,-3110.207000000002,-398.54479999999967,328831,1,0,0,0
2024-09-16 08:00:00+00:00,58911.1,59179.35,58506.0,58663.99,3270.35511,2.402e-05,2.804999999999981e-05,-6.512e-05,1.398742447405285,0,0,14143.917,14512.063,-368.14600000000064,0.49357645419908863,0.5001103558830194,-0.261204482362364,218.9409999999989,-749.8692000000003,356019,1,0,0,0
2024-09-16 12:00:00+00:00,58664.0,58789.93,57553.38,57881.69,6950.28148,3.564e-05,6.367999999999981e-05,-2.0789999999999996e-05,1.6234171447290526,0,0,33804.689,37389.240000000005,-3584.5510000000068,0.4748254447370084,0.49537943518796146,-1.0341735698560155,-3198.4470000000074,-1412.580800000002,839410,1,0,0,0
2024-09-16 16:00:00+00:00,57881.7,58263.84,57493.3,57943.99,4927.89314,6.762e-05,0.00012727999999999982,7.126000000000002e-05,2.246800445894349,0,0,24357.523,23748.756,608.7669999999998,0.506327313322238,0.49341857263854505,0.27508114354323243,-3343.9300000000076,-551.3686000000016,584306,1,0,1,0
2024-09-16 20:00:00+00:00,57943.99,58410.0,57608.0,58213.99,2524.74576,6.762e-05,0.00012727999999999982,7.126000000000002e-05,2.246800445894349,0,0,11491.333,10704.479999999998,786.8530000000028,0.5177252574618466,0.4964216693594383,0.7097787172579797,-2188.931000000004,-360.565400000001,318193,1,0,1,0
2024-09-17 00:00:00+00:00,58213.99,58343.99,57610.01,58060.0,2399.69133,6.762e-05,0.00012727999999999982,7.126000000000002e-05,2.246800445894349,0,0,12176.648,14363.992,-2187.344000000001,0.4587925536083531,0.4946354646100636,-1.6119480784630222,-791.7239999999983,-948.8842000000011,341187,1,0,1,0
2024-09-17 04:00:00+00:00,58060.0,58779.08,58028.0,58695.39,2401.70353,8.529e-05,0.00018854999999999984,0.00024354000000000004,2.3466512484361437,0,0,12590.189,11343.002999999999,1247.1860000000015,0.5260555716930696,0.49448882109077913,1.0998704452890773,-153.30499999999665,-625.8178000000007,303822,1,0,1,0
2024-09-17 08:00:00+00:00,58695.39,59300.0,58636.36,59080.99,3403.05073,1.911e-05,0.00017201999999999986,0.00025406,0.8171369490774485,0,0,18438.036,19120.422,-682.3859999999986,0.4909156813626374,0.4940355995256911,-0.27734984421253905,-1622.543999999998,-45.38479999999909,433361,0,1,0,0
2024-09-17 12:00:00+00:00,59080.99,61320.0,58872.02,61135.5,14518.51056,1.911e-05,0.00017201999999999986,0.00025406,0.8171369490774485,0,0,74773.246,63341.20700000001,11432.03899999999,0.5413861067820324,0.5022387677018931,1.631812061342878,11996.838999999993,2119.2695999999987,1419302,1,0,0,0
2024-09-17 16:00:00+00:00,61135.49,61261.0,59618.26,59967.99,7151.64931,5.327e-05,0.00015766999999999984,0.00028407000000000004,1.477487596644814,0,0,31431.937,34880.54999999999,-3448.6129999999866,0.4739972578618565,0.4997926439990949,-0.9331278556553516,7301.0400000000045,1272.176400000001,843767,1,0,0,0
2024-09-17 20:00:00+00:00,59967.98,60424.25,59715.42,60313.99,3241.65332,5.327e-05,0.00015766999999999984,0.00028407000000000004,1.477487596644814,0,0,13240.934,12741.902,499.03199999999924,0.5096031087599522,0.49932047497880827,0.4545875831343017,8482.458000000002,1809.451600000001,374227,1,0,0,0
2024-09-18 00:00:00+00:00,60313.99,60769.0,59854.6,60509.99,3991.84107,1.344e-05,8.581999999999983e-05,0.0003024200000000001,0.6150390529179744,0,0,14683.856,12975.833999999999,1708.0220000000008,0.5308756533424633,0.5030503948931457,1.2119590105170288,-1241.5589999999866,1901.6188000000009,399020,1,0,0,0
2024-09-18 04:00:00+00:00,60510.0,60689.62,60199.68,60428.01,1833.32107,1.344e-05,8.581999999999983e-05,0.0003024200000000001,0.6150390529179744,0,0,8970.861,9135.716,-164.85499999999956,0.4954476486637977,0.5051126152858247,-0.15573235681869355,2042.1990000000005,2005.1250000000007,244683,1,0,0,0
2024-09-18 08:00:00+00:00,60428.01,60428.01,59348.88,59846.0,4528.13103,1.678e-05,8.348999999999984e-05,0.00031919000000000007,0.6409347837336465,0,0,20338.677,22436.743,-2098.065999999999,0.47547579895182795,0.5020274638487836,-0.9751693896650988,-554.8989999999976,-700.895999999997,480987,1,0,0,0
2024-09-18 12:00:00+00:00,59846.0,60160.0,59308.61,59429.18,5117.9094,1.678e-05,8.348999999999984e-05,0.00031919000000000007,0.6409347837336465,0,0,27424.121,28681.387000000002,-1257.2660000000033,0.488795520753506,0.49913449017794964,-0.38483281022814075,-3520.1870000000017,-262.62660000000034,664780,1,0,0,0
2024-09-18 16:00:00+00:00,59429.19,61318.6,59174.8,60057.99,14645.02961,1.678e-05,8.348999999999984e-05,0.00031919000000000007,0.6409347837336465,0,0,79262.974,78847.10599999999,415.86800000001676,0.5013151217177299,0.5033867469888873,0.14644207063195913,-2939.4639999999854,-279.25939999999684,1766553,1,0,0,0
2024-09-18 20:00:00+00:00,60057.99,61786.24,59473.68,61759.99,5970.79251,4.648e-05,7.669999999999983e-05,0.00036165000000000004,1.2341915388890228,0,0,27876.541,25095.495999999996,2781.0450000000055,0.5262501232489889,0.5034062021444793,1.2333510221917199,1939.647000000019,-64.65479999999589,629854,1,0,0,0
2024-09-19 00:00:00+00:00,61759.98,62589.52,61555.0,62117.99,8344.2925,3.512e-05,9.837999999999983e-05,0.00037275000000000003,0.9182762786927087,0,0,36402.9,34680.308,1722.5920000000042,0.5121167294531783,0.5055263069535333,0.5794241680729116,4919.5050000000265,312.83460000000485,817372,1,0,0,0
2024-09-19 04:00:00+00:00,62117.98,62179.99,61814.0,62093.99,3360.24822,3.512e-05,9.837999999999983e-05,0.00037275000000000003,0.9182762786927087,0,0,11908.207,11355.732999999998,552.474000000002,0.5118740419722541,0.5025751004725555,0.5328530556361591,5056.111000000012,842.9426000000051,295494,0,1,0,0
2024-09-19 08:00:00+00:00,62094.0,62727.52,61888.18,62645.44,3685.66229,2.949e-05,0.00011108999999999983,0.0003666,0.7340101824298384,0,0,21248.521,19000.985,2247.536,0.5279200445342112,0.507967379139791,1.1626660748126472,4522.602000000006,1543.9030000000057,458705,1,0,0,0
2024-09-19 12:00:00+00:00,62645.44,63500.84,62582.14,63154.04,10166.54165,2.949e-05,0.00011108999999999983,0.0003666,0.7340101824298384,0,0,43548.13,41993.957,1554.1729999999952,0.5090842593073512,0.507915494194531,0.32576185463314383,4354.182999999997,1771.5640000000014,975616,1,0,0,0
2024-09-19 16:00:00+00:00,63154.03,63850.0,62940.0,63251.99,6054.8445,2.949e-05,0.00011108999999999983,0.0003666,0.7340101824298384,0,0,28195.597,27984.46,211.13700000000244,0.5018791098770157,0.5050158398479861,-0.03881656707838697,4012.8459999999977,1257.5824000000007,711394,1,0,0,0
2024-09-19 20:00:00+00:00,63251.99,63254.14,62650.0,62947.99,2720.93692,4.072e-05,0.00010532999999999983,0.0003397,0.9418806003626581,0,0,13165.07,12898.544000000002,266.525999999998,0.505112990086486,0.5059823739902549,0.1374185298236233,2031.8359999999957,966.3691999999995,341170,0,1,0,0
2024-09-20 00:00:00+00:00,62948.0,63750.0,62606.0,63742.16,3621.8169,8.065e-05,0.00015085999999999984,0.00033506000000000003,1.767559896515023,0,0,17858.329,14983.192,2875.1370000000024,0.5437728965110965,0.5128120837461818,1.8304292329392438,3352.800000000003,1430.9017999999996,439303,1,0,0,0
2024-09-20 04:00:00+00:00,63742.15,64133.32,63390.32,63524.8,6638.35306,8.065e-05,0.00015085999999999984,0.00033506000000000003,1.767559896515023,0,0,26136.998,25995.866,141.1319999999978,0.5013535799606176,0.5140678896668929,-0.08341405363600275,3282.7949999999983,1009.6209999999992,619877,0,1,0,0
2024-09-20 08:00:00+00:00,63524.81,63700.0,63090.43,63440.0,3743.75146,8.065e-05,0.00015085999999999984,0.00033506000000000003,1.767559896515023,0,0,16130.626,18926.291999999998,-2795.6659999999974,0.4601267572922412,0.509949053224344,-1.8411205413547307,220.6030000000028,139.65320000000065,373911,1,0,0,0
2024-09-20 12:00:00+00:00,63440.01,63544.37,62553.9,63153.99,6589.92794,-5.03e-06,0.00011633999999999982,0.00031092,-0.3010154905725004,0,0,38264.246,41144.488,-2880.2419999999984,0.48186445082980417,0.5055104859824255,-0.841192386257386,-5534.775999999998,-478.6225999999995,909945,1,0,0,0
2024-09-20 16:00:00+00:00,63153.99,63282.0,62350.0,62809.13,3393.59501,5.543e-05,0.00013104999999999982,0.00031308000000000003,1.086264155946064,0,0,19661.465,21360.871000000003,-1699.4060000000027,0.47928682072127726,0.5022274951092356,-0.9171413415324527,-7375.3139999999985,-871.8089999999996,519121,1,0,0,0
2024-09-20 20:00:00+00:00,62809.13,63300.0,62709.3,63201.05,1478.93357,5.543e-05,0.00013104999999999982,0.00031308000000000003,1.086264155946064,0,0,9344.475,7365.986999999999,1978.4880000000012,0.5591990813898503,0.5069599990509951,2.2791489179497733,-2601.16,-1051.1388,229105,1,0,0,0
2024-09-21 00:00:00+00:00,63201.05,63310.37,62816.47,62889.57,1640.98964,5.543e-05,0.00013104999999999982,0.00031308000000000003,1.086264155946064,0,0,8433.17,8865.141000000001,-431.97100000000137,0.48751407001527486,0.5029194015991014,-0.6570995149430825,-152.88900000000285,-1165.7593999999997,235816,1,0,0,0
2024-09-21 04:00:00+00:00,62889.58,63134.0,62758.0,63091.02,1209.98344,4.638e-05,9.677999999999983e-05,0.00034602000000000005,0.8420520877316015,0,0,6628.303,6353.447,274.85599999999977,0.5105862460762224,0.5030696002759886,0.29341638792804453,1821.3729999999996,-551.6550000000003,170247,1,0,0,0
2024-09-21 08:00:00+00:00,63091.02,63136.0,62966.01,63089.77,1035.11805,0.0001,0.00020180999999999983,0.00042924000000000006,2.0107401781659235,0,0,4127.42,4439.005999999999,-311.58599999999933,0.48181353577326186,0.5010630428656132,-0.8619724720057049,-468.70100000000093,-37.92380000000048,125736,1,0,1,0
2024-09-21 12:00:00+00:00,63089.76,63306.0,63036.92,63167.98,1603.27919,0.0001,0.00020180999999999983,0.00042924000000000006,2.0107401781659235,0,0,7385.157,6714.1089999999995,671.0480000000007,0.5237972671768871,0.5029314705746533,0.7864121393983164,634.3180000000011,436.1670000000002,196635,1,0,1,0
2024-09-21 16:00:00+00:00,63167.98,63400.0,63086.0,63203.59,1787.68953,8.234e-05,0.00022871999999999983,0.0004651000000000001,1.4887432998854573,0,0,6176.044,6389.648999999999,-213.60499999999956,0.49150046877637393,0.49770422780118106,-0.5190473477658063,145.8570000000018,-2.251599999999962,174788,0,1,0,0
2024-09-21 20:00:00+00:00,63203.59,63559.9,63058.0,63348.96,1098.28623,8.234e-05,0.00022871999999999983,0.0004651000000000001,1.4887432998854573,0,0,6638.972,6097.9439999999995,541.0280000000002,0.521238579260474,0.49969272773116674,0.6912577381507762,998.4710000000014,192.34820000000036,170661,1,0,0,0
2024-09-22 00:00:00+00:00,63348.97,63450.0,62830.01,63106.0,1863.74001,6.285e-05,0.00024518999999999984,0.00049283,0.9373321861166864,0,0,9639.602,9939.762,-300.15999999999985,0.4923347867683547,0.5029135306787781,-0.5667370408595398,27.26300000000083,77.34500000000044,250194,1,0,0,0
2024-09-22 04:00:00+00:00,63106.0,63200.0,62838.0,62936.0,967.92007,6.285e-05,0.00024518999999999984,0.00049283,0.9373321861166864,0,0,5421.76,5321.556999999999,100.20300000000134,0.5046635038321964,0.5051934359790173,-0.0017524980446335374,341.07100000000173,159.70280000000056,148644,0,1,0,0
2024-09-22 08:00:00+00:00,62936.0,63034.99,62544.94,62784.0,1840.93484,9.254e-05,0.00023772999999999985,0.00055588,1.5472199969940394,0,0,10603.5,11942.986,-1339.4860000000008,0.47029501626107056,0.5042942555329966,-1.4360628657959178,-1539.4429999999993,-242.4039999999997,270190,1,0,0,0
2024-09-22 12:00:00+00:00,62784.0,62930.0,62429.16,62652.12,2271.34613,9.254e-05,0.00023772999999999985,0.00055588,1.5472199969940394,0,0,8841.857,10237.559000000001,-1395.7020000000011,0.46342388047936056,0.4947167354419476,-1.61555663040529,-2634.9850000000006,-478.82340000000005,270230,1,0,0,0
2024-09-22 16:00:00+00:00,62652.12,63229.5,62468.01,63160.0,2262.34879,5.537e-05,0.0002107599999999998,0.0005705300000000001,0.5948224759086077,0,0,11921.593,10534.507999999998,1387.0850000000028,0.5308843685731554,0.4990537652977357,1.1720553404897098,-1348.1029999999992,-309.6119999999995,283408,1,0,0,0
2024-09-22 20:00:00+00:00,63160.0,64000.0,62357.93,63578.76,5035.90908,5.537e-05,0.0002107599999999998,0.0005705300000000001,0.5948224759086077,0,0,28631.328,26093.871999999996,2537.4560000000056,0.5231836155920856,0.500313502249322,0.8166122856326622,2528.839000000007,257.91120000000154,693776,1,0,0,0
2024-09-23 00:00:00+00:00,63578.76,64745.88,62538.75,64354.0,7140.31946,6.546e-05,0.00021336999999999984,0.0005553400000000001,0.7923959296184098,0,0,38317.233,36366.225,1951.0080000000016,0.5130618483145224,0.503438333503448,0.4245269767424534,5875.54900000001,628.0722000000017,923553,1,0,0,0
2024-09-23 04:00:00+00:00,64354.0,64455.13,63400.0,63548.82,3443.68917,6.546e-05,0.00021336999999999984,0.0005553400000000001,0.7923959296184098,0,0,16239.258,18844.087,-2604.8289999999997,0.4628765586633771,0.4973462626520971,-1.6069446500539863,1883.6350000000075,375.0036000000018,419324,1,0,0,0
2024-09-23 08:00:00+00:00,63548.83,63710.0,63300.0,63435.04,2927.2427,1.364e-05,0.00013446999999999984,0.0005740100000000001,-0.5311436609451967,0,0,11056.714,10674.466,382.2479999999996,0.5087949204783173,0.4990757078222914,0.23420262874417258,-271.5729999999985,730.593600000002,305401,0,1,0,0
2024-09-23 12:00:00+00:00,63435.03,63806.0,63059.93,63618.0,5683.13836,1.364e-05,0.00013446999999999984,0.0005740100000000001,-0.5311436609451967,0,0,28311.909,28058.608,253.30099999999948,0.5022467507260933,0.49717652496885334,-0.05891172935105166,-1969.2800000000007,503.8368000000013,723951,1,0,0,0
2024-09-23 16:00:00+00:00,63617.99,63825.96,63098.97,63298.56,3051.89312,5.304e-05,0.00013213999999999983,0.00057162,0.42050410787943215,0,0,13423.817,15396.501,-1972.684000000001,0.4657761583338532,0.49452066212540313,-1.4832371067036203,-1337.135000000002,-398.19120000000004,409262,1,0,0,0
2024-09-23 20:00:00+00:00,63300.01,63489.0,63088.69,63339.99,1831.77006,5.304e-05,0.00013213999999999983,0.00057162,0.42050410787943215,0,0,8942.425,8712.321,230.10399999999936,0.5065167745828798,0.4947059892004715,0.19366895587680535,-1489.2790000000023,-742.3720000000005,252846,1,0,0,0
2024-09-24 00:00:00+00:00,63339.99,63401.21,62700.0,63124.0,4362.37127,2.324e-05,8.991999999999984e-05,0.0005484800000000001,-0.5869189716158058,0,0,17141.909,17740.315000000002,-598.4060000000027,0.49142247925476307,0.4968187354998408,-0.39833767724776176,-2340.9860000000044,-341.0874000000011,463657,1,0,0,0
2024-09-24 04:00:00+00:00,63124.01,63569.99,62900.0,63559.92,2295.13582,2.324e-05,8.991999999999984e-05,0.0005484800000000001,-0.5869189716158058,0,0,10057.076,8806.272000000003,1250.8039999999964,0.5331543477859815,0.5037917822305029,1.2555018758631418,882.5019999999931,-167.3762000000017,245321,1,0,0,0
2024-09-24 08:00:00+00:00,63559.93,63948.0,63380.0,63478.34,2935.03801,2.895e-05,0.00010522999999999983,0.00047743,-0.4262565433485174,0,0,15807.06,16409.964,-602.9040000000005,0.49064308360697745,0.499767653733885,-0.40501029567952734,49.49399999999332,-338.6172000000017,373634,1,0,0,0
2024-09-24 12:00:00+00:00,63478.35,63768.0,62731.1,63159.99,5750.10021,2.895e-05,0.00010522999999999983,0.00047743,-0.4262565433485174,0,0,30047.599,33583.865000000005,-3536.266000000007,0.4722129134102588,0.4946705835157024,-1.084933740933096,-2888.366000000011,-651.3336000000029,725656,1,0,0,0
2024-09-24 16:00:00+00:00,63159.99,64375.0,63088.02,64292.34,4151.18148,2.895e-05,0.00010522999999999983,0.00047743,-0.4262565433485174,0,0,26013.979,23001.997000000003,3011.9819999999963,0.5307244927653791,0.4964368479607881,1.1851645406793943,-1127.188000000011,-94.95800000000345,559078,1,0,0,0
2024-09-24 20:00:00+00:00,64292.35,64688.0,63966.66,64262.7,3691.2208,-1.82e-06,5.036999999999984e-05,0.00039327000000000003,-1.4030542144997273,0,0,19394.26,18983.332,410.9279999999999,0.5053537491356935,0.5006845670080197,0.1961262429965122,-113.35600000001068,106.90879999999706,487363,0,1,0,0
2024-09-25 00:00:00+00:00,64262.7,64817.99,63990.41,64460.0,3313.63849,1.223e-05,3.935999999999984e-05,0.00034265000000000006,-0.9815400303242505,0,0,14999.203,14756.550000000001,242.65299999999843,0.5040774131980461,0.5002128162799926,0.2087612176158549,3665.5629999999946,-94.72140000000255,399466,1,0,0,0
2024-09-25 04:00:00+00:00,64460.01,64460.23,63645.49,63843.33,2493.73409,1.223e-05,3.935999999999984e-05,0.00034265000000000006,-0.9815400303242505,0,0,12029.122,13609.991000000002,-1580.8690000000024,0.4691707548541168,0.4969052166927949,-1.1534894571596261,-927.2880000000041,-290.31440000000293,306070,1,0,0,0
2024-09-25 08:00:00+00:00,63843.34,63915.07,63407.7,63838.01,2671.75745,1.223e-05,3.935999999999984e-05,0.00034265000000000006,-0.9815400303242505,0,0,15049.059,15862.374000000002,-813.3150000000023,0.48684443066744915,0.49901204392615456,-0.49898674077890465,-2151.5310000000063,254.275799999998,316622,1,0,0,0
2024-09-25 12:00:00+00:00,63838.01,63999.0,63283.37,63495.66,3683.29568,1.141e-05,2.1819999999999835e-05,0.00026152000000000006,-1.0390444638517164,0,0,18844.903,20749.164000000004,-1904.2610000000059,0.47595269766048526,0.4959556362339151,-0.9382136480327683,-4298.445000000011,-728.9728000000025,498169,1,0,0,0
2024-09-25 16:00:00+00:00,63495.66,63670.0,63000.0,63181.5,3421.13755,1.336e-05,3.6999999999999835e-05,0.00021951000000000004,-0.9952666666817662,0,0,18916.942,18388.785,528.1569999999992,0.5070787656812049,0.49752126487655934,0.3149254453583389,-2189.419000000009,-705.5270000000025,451414,0,1,0,0
2024-09-25 20:00:00+00:00,63181.51,63551.81,62947.08,63152.01,2229.54842,1.336e-05,3.6999999999999835e-05,0.00021951000000000004,-0.9952666666817662,0,0,9740.214,12004.465,-2264.251,0.44793551562660455,0.4889993816606215,-2.086136936007869,-3640.355000000007,-1206.9078000000022,297821,1,0,0,0
2024-09-26 00:00:00+00:00,63152.01,63544.0,62670.0,63514.34,3182.8406,1.336e-05,3.6999999999999835e-05,0.00021951000000000004,-0.9952666666817662,0,0,17730.948,19147.84,-1416.8919999999998,0.4807898784526216,0.4880140611451861,-0.6422578828143853,-3152.986000000001,-1174.1124000000018,434794,0,1,0,0
2024-09-26 04:00:00+00:00,63514.35,63874.41,63340.0,63852.07,1978.65426,1.65e-05,4.126999999999984e-05,0.00017055000000000003,-0.8711374015356745,0,0,11397.66,11211.457999999999,186.20200000000114,0.5041178519215124,0.4912045549963113,0.3798113490191341,-3494.940999999999,-974.2090000000011,279852,1,0,0,0
2024-09-26 08:00:00+00:00,63852.07,64500.0,63595.67,64393.99,4265.52614,6.246e-05,9.231999999999983e-05,0.00021937,0.6845825493873545,0,0,24619.918,22229.859,2390.059000000001,0.5255076881155699,0.4906828745313304,1.2218396158049931,1159.3690000000024,-115.34499999999971,505675,1,0,0,0
2024-09-26 12:00:00+00:00,64393.98,65550.0,64150.0,65229.03,10972.58828,6.246e-05,9.231999999999983e-05,0.00021937,0.6845825493873545,0,0,67329.306,63314.941000000006,4014.3649999999907,0.5153637266553345,0.4916838722832946,0.8111593435130411,6590.625999999993,581.8965999999986,1294370,1,0,0,0
2024-09-26 16:00:00+00:00,65229.03,65839.0,64693.26,64711.06,5421.22806,0.0001,0.00017895999999999985,0.00026633,1.8414492175595087,0,0,28040.09,28273.793999999998,-233.7039999999979,0.4979249877348187,0.49106862973697185,0.04921627809025338,6170.719999999994,988.0059999999991,704104,1,0,0,0
2024-09-26 20:00:00+00:00,64711.07,65244.0,64633.52,65173.99,2552.46859,0.0001,0.00017895999999999985,0.00026633,1.8414492175595087,0,0,14996.585,12893.957000000002,2102.627999999997,0.5376942836033806,0.4979209826118981,1.6866273687783502,5883.28899999999,1691.9099999999985,382501,1,0,0,0
2024-09-27 00:00:00+00:00,65173.99,65425.0,64819.9,65366.01,2512.15165,0.0001,0.00026245999999999984,0.00034309,1.779075783375741,0,0,13189.091,12462.667999999998,726.4230000000025,0.5141593213939052,0.5006524716845437,0.6678580070398437,2595.3470000000016,1799.9541999999988,352436,1,0,0,0
2024-09-27 04:00:00+00:00,65366.01,65550.0,65099.99,65460.02,3455.03541,0.0001,0.00026245999999999984,0.00034309,1.779075783375741,0,0,12466.834,13566.656,-1099.8220000000001,0.4788767852485395,0.5009448804433492,-0.7535539905216102,1729.2289999999994,1101.9779999999985,340519,0,1,0,0
2024-09-27 08:00:00+00:00,65460.02,65986.0,65342.78,65437.35,3894.1937,6.722e-05,0.0002672199999999998,0.0003813600000000001,0.6865355397525142,0,0,21142.751,20318.594,824.1569999999992,0.5099388599187991,0.5012308898671087,0.47804048564543655,450.75800000000163,463.93640000000016,504943,0,1,0,0
2024-09-27 12:00:00+00:00,65437.36,66498.0,65314.31,66006.01,7244.94249,6.722e-05,0.0002672199999999998,0.0003813600000000001,0.6865355397525142,0,0,39702.466,37029.367,2673.099000000002,0.5174184487421277,0.508179183178661,0.7379139448832994,2397.434000000001,1045.297,890342,1,0,0,0
2024-09-27 16:00:00+00:00,66006.01,66360.0,65524.0,65657.99,3581.38796,2.275e-05,0.00018996999999999984,0.00040593000000000004,-0.6954675084969573,0,0,22129.709,21416.485000000004,713.2239999999947,0.5081892805603171,0.5109191233894305,0.3832982981837183,4210.479999999996,767.4161999999997,540890,0,1,0,0
2024-09-27 20:00:00+00:00,65657.99,65962.0,65625.0,65769.95,1361.09366,2.275e-05,0.00018996999999999984,0.00040593000000000004,-0.6954675084969573,0,0,6664.048,6315.352,348.6959999999999,0.5134326702312896,0.5118506052204082,0.6389139296776408,3735.0189999999966,691.8707999999991,199134,1,0,0,0
2024-09-28 00:00:00+00:00,65769.95,66260.0,65720.0,66063.76,1667.03312,5.455e-05,0.00014451999999999982,0.00044825,0.2731350079669587,0,0,8126.726,7109.553000000001,1017.1729999999989,0.5333799676417057,0.5126378331730217,1.4583450102427002,2079.0929999999935,1115.269799999999,226025,1,0,0,0
2024-09-28 04:00:00+00:00,66063.76,66087.0,65738.0,65824.01,1261.99889,5.455e-05,0.00014451999999999982,0.00044825,0.2731350079669587,0,0,5651.863,6969.96,-1318.0969999999998,0.4477849990449082,0.5058799604119792,-2.1576954947351212,47.771999999999025,686.8189999999992,180879,1,0,0,0
2024-09-28 08:00:00+00:00,65824.01,65824.01,65453.0,65798.01,1658.51739,5.455e-05,0.00014451999999999982,0.00044825,0.2731350079669587,0,0,9354.336,10534.593,-1180.2570000000014,0.4703287944765653,0.5031203410861538,-1.1379597440504803,-1481.1810000000023,-83.85220000000155,257938,1,0,0,0
2024-09-28 12:00:00+00:00,65798.01,65816.0,65422.23,65619.13,1613.79987,8.3e-05,0.00016029999999999983,0.00051984,1.111298733702424,0,0,9380.409,11091.644,-1711.2350000000006,0.45820558397342953,0.49517147112315874,-1.5094755172641043,-4209.589000000002,-568.7440000000006,260462,1,0,0,0
2024-09-28 16:00:00+00:00,65619.14,65823.08,65492.59,65724.0,1744.50199,1.414e-05,0.00015168999999999982,0.00052062,-1.0376280060493677,0,0,4985.927,4169.359,816.5679999999993,0.5445954391812554,0.4982150829018937,1.7266748695262457,-2074.9240000000027,-475.16960000000074,145975,1,0,0,0
2024-09-28 20:00:00+00:00,65724.0,65982.16,65432.0,65858.0,1181.3819,1.414e-05,0.00015168999999999982,0.00052062,-1.0376280060493677,0,0,7858.143,7541.040000000001,317.10299999999916,0.5102960981761175,0.5013570141946515,0.4138605497826531,-577.5640000000021,-615.1836000000006,209358,1,0,0,0
2024-09-29 00:00:00+00:00,65858.0,65984.0,65647.28,65815.92,1175.81973,1.414e-05,0.00015168999999999982,0.00052062,-1.0376280060493677,0,0,5887.731,6551.102000000001,-663.371000000001,0.473334676974922,0.4976965959002637,-0.9552280358916975,470.29999999999745,-484.2384000000009,196112,1,0,0,0
2024-09-29 04:00:00+00:00,65815.93,65815.93,65432.0,65477.01,1284.12437,7.25e-06,0.00010438999999999983,0.00051137,-1.1961313991346496,0,0,5764.524,6521.978,-757.4539999999997,0.46917536008214544,0.4928722870342656,-1.0422964155777572,-1103.7220000000016,-399.67780000000056,185073,1,0,0,0
2024-09-29 08:00:00+00:00,65477.01,65720.0,65433.0,65691.92,1041.46532,3.128e-05,5.266999999999983e-05,0.00048019,-0.4617762462674994,0,0,6420.372,5431.387,988.9850000000006,0.5417231315621589,0.4962256721344498,1.569692265390983,-431.84000000000015,140.36619999999965,170711,1,0,0,0
2024-09-29 12:00:00+00:00,65691.92,65850.0,65576.21,65751.34,1924.67822,3.128e-05,5.266999999999983e-05,0.00048019,-0.4617762462674994,0,0,8591.659,9134.329000000002,-542.6700000000019,0.48469281373766016,0.4933516864850868,-0.5169677787307353,-311.13900000000103,-131.48140000000058,257707,0,1,0,0
2024-09-29 16:00:00+00:00,65751.34,65972.17,65654.01,65958.82,1134.64262,7.253e-05,0.00011105999999999983,0.00045272,0.7636666450377005,0,0,7319.401,5536.177,1783.2240000000002,0.5693560414008612,0.49694929386100234,2.3353705618902767,2229.538999999999,161.74279999999962,180540,1,0,0,0
2024-09-29 20:00:00+00:00,65958.81,66076.12,65528.0,65602.01,1777.01085,7.253e-05,0.00011105999999999983,0.00045272,0.7636666450377005,0,0,10121.438,10851.701,-730.262999999999,0.48259051732790215,0.5004298456893017,-0.5615608563873286,510.29099999999926,148.36440000000002,304530,1,0,0,0
2024-09-30 00:00:00+00:00,65602.01,65618.8,64190.0,64553.68,6048.78935,3.077e-05,0.00013457999999999984,0.00038349,-0.46113136241781305,0,0,32533.907,37347.927,-4814.020000000004,0.46555599843014994,0.49995256608466027,-1.0679848178375608,-3761.059000000003,-662.9488000000008,795998,1,0,0,0
2024-09-30 04:00:00+00:00,64553.68,64750.01,64310.0,64562.01,3209.21927,3.077e-05,0.00013457999999999984,0.00038349,-0.46113136241781305,0,0,12825.477,12156.237,669.2400000000016,0.5133945973442815,0.5054714674217454,0.461757853226597,-4875.0430000000015,-726.8978000000006,337776,1,0,0,0
2024-09-30 08:00:00+00:00,64562.01,64576.01,63249.68,63819.44,7287.18568,3.077e-05,0.00013457999999999984,0.00038349,-0.46113136241781305,0,0,36839.895,39619.08400000001,-2779.189000000013,0.4818256205069125,0.4991944855543111,-0.5817321125850261,-6923.9690000000155,-1174.2016000000028,825870,1,0,0,0
2024-09-30 12:00:00+00:00,63819.45,64161.08,63508.0,63561.41,4845.53912,7.939e-05,0.00018268999999999984,0.00039566000000000004,0.9783211622374883,0,0,23440.768,25435.041999999998,-1994.2739999999976,0.47959855805970275,0.4961247315426697,-0.6616627347361285,-4104.223000000009,-1929.7012000000025,637045,1,0,0,0
2024-09-30 16:00:00+00:00,63561.42,63738.25,63056.0,63488.0,5487.90402,0.0001,0.00021015999999999982,0.00047291000000000005,1.519464542506812,0,0,22243.367,23226.337,-982.9700000000012,0.4891909346935709,0.4977103573145346,-0.3222749825006758,-5756.433000000012,-1980.2426000000028,621838,1,0,0,0
2024-09-30 20:00:00+00:00,63488.0,63860.0,62856.3,63327.59,3132.45008,0.0001,0.00021015999999999982,0.00047291000000000005,1.519464542506812,0,0,14394.445,16785.887,-2391.441999999999,0.4616514346287269,0.49695796476919263,-1.2836862606913229,-5368.685999999998,-1495.727000000002,428108,1,0,0,0
2024-10-01 00:00:00+00:00,63327.6,63744.0,63006.7,63723.48,3879.35185,0.0001,0.0002793899999999998,0.00051836,1.4123414826268776,0,0,14584.393,15560.669000000002,-976.2760000000017,0.48380703280689885,0.49116635489366667,-0.5335155586861552,-4350.688000000002,-1824.8302000000026,453731,0,1,0,0
2024-10-01 04:00:00+00:00,63723.47,64130.63,63652.06,64045.92,3515.39368,0.0001,0.0002793899999999998,0.00051836,1.4123414826268776,0,0,12351.748,11171.917000000001,1179.8309999999983,0.5250775336241185,0.4952048268823125,0.8409411299656646,-2187.8870000000024,-1033.0262000000002,319342,1,0,0,0
2024-10-01 08:00:00+00:00,64045.92,64118.0,63707.89,63734.0,3230.34622,0.0001,0.00030000000000000003,0.00053536,1.4123414826268774,0,0,8340.397,10246.512999999999,-1906.1159999999982,0.448724236572943,0.48314164639952073,-1.591812020521299,-1702.5610000000015,-1015.3946000000003,272041,1,0,0,0
2024-10-01 12:00:00+00:00,63734.01,63809.97,61814.01,62628.85,12629.85952,0.0001,0.00030000000000000003,0.00053536,1.4123414826268774,0,0,69820.787,79810.941,-9990.15400000001,0.466617527801323,0.4815443474468628,-0.9461265117774775,-10716.43900000001,-2816.831400000002,1568342,1,0,0,0
2024-10-01 16:00:00+00:00,62628.85,62778.73,61092.0,61755.99,12278.90165,0.0001,0.00030000000000000003,0.00053536,1.4123414826268774,0,0,59556.145,67229.86499999999,-7673.719999999994,0.4697375128375757,0.48196249888760534,-0.805753515178263,-19569.99,-3873.287000000001,1480263,1,0,0,0
2024-10-01 20:00:00+00:00,61755.99,61760.74,60164.0,60805.78,8137.62816,0.0001,0.00030000000000000003,0.00062122,1.3674227952502938,0,0,37388.203,43756.257000000005,-6368.054000000004,0.4607610057421049,0.4766991397273877,-1.025488939094151,-24031.928000000007,-4951.642600000001,996440,1,0,0,0
2024-10-02 00:00:00+00:00,60804.92,61883.0,60733.81,61750.47,4288.88242,6.632e-05,0.00026631999999999985,0.0006802900000000001,0.39601351312174726,0,0,20418.69,17043.838,3374.851999999999,0.5450430360706037,0.48302088128375686,1.6045859247326346,-10666.921999999999,-4512.638400000002,480603,1,0,0,0
2024-10-02 04:00:00+00:00,61750.46,61940.0,61350.0,61727.4,2824.36251,6.632e-05,0.00026631999999999985,0.0006802900000000001,0.39601351312174726,0,0,13956.662,13190.546999999999,766.1150000000016,0.5141103823969528,0.4864720637174818,0.6037859322401715,-2227.087000000003,-3978.1922000000013,387429,0,1,0,0
2024-10-02 08:00:00+00:00,61727.39,61914.34,60888.88,61164.01,3827.59582,8.409e-05,0.00025040999999999985,0.0007331000000000001,0.9219946603555721,0,0,19787.933,22333.461,-2545.5279999999984,0.4697834311941338,0.4845313133675381,-0.7261002716169506,1595.4390000000021,-2489.266999999999,559503,1,0,0,0
2024-10-02 12:00:00+00:00,61164.01,61926.9,60524.21,61874.01,7565.27679,8.409e-05,0.00025040999999999985,0.0007331000000000001,0.9219946603555721,0,0,48623.024,43163.74600000001,5459.277999999991,0.5297389155321621,0.49134006145788167,1.09813996717728,3679.8649999999943,137.3325999999979,1144214,1,0,0,0
2024-10-02 16:00:00+00:00,61874.01,62390.31,60000.0,60190.01,7929.51771,8.191e-05,0.00023231999999999984,0.00074248,0.8232708036286958,0,0,44467.702,49174.93600000001,-4707.234000000011,0.4748659686413362,0.4904459550413254,-0.5401646832003443,-1793.4840000000186,469.4965999999964,1234491,1,0,0,0
2024-10-02 20:00:00+00:00,60190.01,60999.24,60128.0,60649.28,5099.06593,8.191e-05,0.00023231999999999984,0.00074248,0.8232708036286958,0,0,18058.955,16782.311,1276.6440000000002,0.5183208612453979,0.4897702878034533,0.7747338887604222,2028.68799999998,49.85499999999665,596780,1,0,0,0
2024-10-03 00:00:00+00:00,60649.27,61464.0,60536.0,61463.99,3657.31206,4.381e-05,0.00020980999999999984,0.0007555200000000001,-0.24595772894106524,0,0,16552.843,15372.66,1180.183000000001,0.5184833892828564,0.4967462030744446,0.8075700940929242,-2250.40700000001,132.6685999999965,513486,1,0,0,0
2024-10-03 04:00:00+00:00,61464.0,61477.19,60814.12,60926.0,3351.19716,4.381e-05,0.00020980999999999984,0.0007555200000000001,-0.24595772894106524,0,0,11693.42,13181.881,-1488.4609999999993,0.4700815479579524,0.49709260509010755,-0.7250684994267051,968.3660000000018,344.08199999999636,363697,1,0,0,0
2024-10-03 08:00:00+00:00,60926.0,61070.47,60126.56,60764.74,4407.11899,3.746e-05,0.00016317999999999986,0.0007135900000000001,-0.45899565332583236,0,0,25956.014,27771.31,-1815.296000000002,0.4831063985245198,0.49842949365880196,-0.32926700330005265,-2123.5740000000005,-1110.8328000000024,731361,1,0,0,0
2024-10-03 12:00:00+00:00,60764.73,60900.0,59828.11,60641.5,8572.02693,3.746e-05,0.00016317999999999986,0.0007135900000000001,-0.45899565332583236,0,0,50347.01,50881.604,-534.5939999999973,0.4973594718979359,0.5020893402743851,0.08489372378425507,-3838.3509999999987,-276.30479999999955,1379384,1,0,0,0
2024-10-03 16:00:00+00:00,60641.5,61058.0,59917.02,61036.0,4408.85414,4.99e-05,0.00013116999999999984,0.00066349,-0.09304109250714629,0,0,28298.404,27111.173,1187.2309999999998,0.5107132292311128,0.4986563595904361,0.5813125267564756,-1162.6589999999997,-294.1873999999996,758681,1,0,0,0
2024-10-03 20:00:00+00:00,61036.0,61100.0,60596.4,60752.71,1824.92544,4.99e-05,0.00013116999999999984,0.00066349,-0.09304109250714629,0,0,9595.141,9375.752,219.3889999999992,0.5057822528438698,0.4978235466351276,0.41979491667405555,872.0260000000017,-486.34619999999995,324037,0,1,0,0
2024-10-04 00:00:00+00:00,60752.72,61272.73,60459.9,60951.99,2373.59688,7.097e-05,0.00015832999999999985,0.0006344600000000001,0.47966843907253615,0,0,15092.327,13997.774,1094.5529999999999,0.5188131522815957,0.5027265187438739,0.8097981026533011,2501.172999999999,30.25659999999989,462053,1,0,0,0
2024-10-04 04:00:00+00:00,60951.99,61544.98,60936.66,61443.64,2454.00481,7.097e-05,0.00015832999999999985,0.0006344600000000001,0.47966843907253615,0,0,11663.319,9748.313000000002,1915.0059999999976,0.5447188238617214,0.5042245095768298,1.5554642143473116,3228.9479999999967,776.3169999999998,305308,1,0,0,0
2024-10-04 08:00:00+00:00,61443.64,61646.27,61266.42,61449.84,2343.66551,2.119e-05,0.00014205999999999984,0.00055565,-0.9719787051568085,0,0,12425.223,12301.926000000001,123.29699999999866,0.5024931503425647,0.5069872277469527,0.21548973435335825,3132.855999999996,907.895199999999,336352,1,0,0,0
2024-10-04 12:00:00+00:00,61449.84,62004.48,60753.97,61873.04,8500.985,2.119e-05,0.00014205999999999984,0.00055565,-0.9719787051568085,0,0,47542.968,49556.223999999995,-2013.255999999994,0.489632993032527,0.5041184409256656,-0.23091587965939137,25.0470000000023,267.7978000000003,1219855,0,1,0,0
2024-10-04 16:00:00+00:00,61873.05,62468.0,61644.01,62368.0,4031.14494,2.119e-05,0.00014205999999999984,0.00055565,-0.9719787051568085,0,0,23234.139,22885.785,348.35399999999936,0.5037766107333568,0.5026477630707157,0.3727469103765698,-1541.604999999996,293.5908000000003,616532,1,0,0,0
2024-10-04 20:00:00+00:00,62368.0,62484.85,61965.14,62086.0,1591.2628,2.43e-06,9.458999999999985e-05,0.00045808000000000003,-1.535279792721466,0,0,7966.275,8381.563,-415.28800000000047,0.4872983815963921,0.5043694464345596,-0.2739146591425492,-2080.189999999995,-8.377399999999762,251680,1,0,0,0
2024-10-05 00:00:00+00:00,62086.0,62214.0,61689.26,61861.99,1490.81546,-1.596e-05,7.659999999999849e-06,0.00037580000000000003,-1.9588457547593163,0,0,7578.751,8411.574999999999,-832.8239999999987,0.47395850466088063,0.5034546570481957,-0.812933752350221,-899.7579999999998,-557.943399999999,239924,1,0,0,0
2024-10-05 04:00:00+00:00,61861.99,62268.28,61824.01,62076.19,1052.59709,-1.596e-05,7.659999999999849e-06,0.00037580000000000003,-1.9588457547593163,0,0,6467.896,5528.670999999999,939.2250000000004,0.5391455738962655,0.5076332672480286,1.6492827994844386,-308.8869999999988,-394.75779999999867,184297,1,0,0,0
2024-10-05 08:00:00+00:00,62076.2,62326.48,62076.19,62180.0,1522.84096,1.088e-05,-2.650000000000151e-06,0.00030259000000000004,-1.2020452377487196,0,0,4195.063,4410.502,-215.4390000000003,0.4874825766814846,0.5053102019930658,-0.30986062722683916,-109.03799999999865,-35.19439999999995,146574,0,1,0,0
2024-10-05 12:00:00+00:00,62179.99,62370.56,62100.0,62167.66,1317.65584,1.088e-05,-2.650000000000151e-06,0.00030259000000000004,-1.2020452377487196,0,0,5304.266,5970.906000000001,-666.6400000000012,0.47043770152685915,0.5017757468613648,-0.9353175257435526,57.14599999999882,-238.19320000000008,185511,1,0,0,0
2024-10-05 16:00:00+00:00,62167.65,62180.0,61790.0,61848.48,1408.81584,8.61e-06,3.5299999999998493e-06,0.00022929000000000005,-1.2545533715897523,0,0,7248.152,8597.078,-1348.9259999999995,0.45743431935036605,0.4956378635682418,-1.3398926772303181,-2231.005000000001,-424.9207999999999,224277,1,0,0,0
2024-10-05 20:00:00+00:00,61848.48,62100.0,61700.0,62058.0,1014.73622,8.61e-06,3.5299999999998493e-06,0.00022929000000000005,-1.2545533715897523,0,0,5560.525,5057.396000000001,503.128999999999,0.5236924441234776,0.4935352255944174,1.0007573904276297,-1512.4370000000017,-157.73020000000034,184560,1,0,0,0
2024-10-06 00:00:00+00:00,62058.01,62150.0,61876.0,61878.66,882.65112,5.72e-06,2.520999999999985e-05,0.00019120000000000004,-1.309393295220073,0,0,4330.308,4648.46,-318.15200000000004,0.4822830927361081,0.49151421983377175,-0.5134404483841435,-1163.9490000000005,-409.2056000000004,154106,1,0,0,0
2024-10-06 04:00:00+00:00,61878.66,62010.0,61798.97,61949.01,907.06061,5.72e-06,2.520999999999985e-05,0.00019120000000000004,-1.309393295220073,0,0,3342.392,3128.602,213.78999999999996,0.5165191004658635,0.49420283057710546,0.7570549488817129,398.7669999999989,-323.35980000000035,112086,1,0,0,0
2024-10-06 08:00:00+00:00,61949.01,62176.75,61922.0,62101.92,936.78235,5.72e-06,2.520999999999985e-05,0.00019120000000000004,-1.309393295220073,0,0,4797.71,4157.554999999999,640.1550000000007,0.535741823385461,0.49739935184231576,1.3903794334134811,535.7930000000006,-62.000799999999984,136783,1,0,0,0
2024-10-06 12:00:00+00:00,62101.92,62777.0,62065.31,62720.01,3063.00545,3.288e-05,4.720999999999985e-05,0.00018662000000000003,-0.5293416435694058,0,0,17089.21,14915.069,2174.1409999999996,0.5339664111789552,0.5020661548005722,1.2375486042751718,3028.0860000000002,642.6125999999998,430604,1,0,0,0
2024-10-06 16:00:00+00:00,62720.01,62975.0,62550.0,62631.38,1681.72471,4.18e-05,8.039999999999984e-05,0.00017852000000000002,-0.23754759374457063,0,0,10669.107,10028.776000000002,640.3309999999983,0.5154685143403313,0.5062171557685172,0.49231708703063476,3454.6269999999986,670.0529999999997,327485,0,1,0,0
2024-10-06 20:00:00+00:00,62631.38,62912.33,62302.0,62819.91,1435.63753,4.18e-05,8.039999999999984e-05,0.00017852000000000002,-0.23754759374457063,0,0,9556.876,9749.387999999999,-192.5119999999988,0.49501426065654136,0.5018040244445447,-0.3566613739215155,2621.959999999999,695.1809999999999,299141,0,1,0,0
2024-10-07 00:00:00+00:00,62819.91,63970.19,62657.44,63530.51,4456.00399,4.573e-05,0.00012040999999999983,0.00015328000000000002,-0.07734126615768637,0,0,29156.694,24270.351,4886.343000000001,0.5457291152823444,0.5076286783046308,1.6886587144346938,5334.162,1629.6916,674217,1,0,0,0
2024-10-07 04:00:00+00:00,63530.51,63753.91,63300.48,63531.99,2115.0378,4.573e-05,0.00012040999999999983,0.00015328000000000002,-0.07734126615768637,0,0,9600.35,9440.239,160.1110000000008,0.5042044655236243,0.5110053547043073,0.027091082105247605,4853.942000000003,1533.6828,275804,1,0,0,0
2024-10-07 08:00:00+00:00,63532.0,63706.0,62649.95,63135.44,4457.19558,-9.52e-06,7.800999999999984e-05,0.00012257000000000001,-1.5661186725537863,0,0,22375.682,23631.61,-1255.9279999999999,0.4863507723949499,0.5138970000087657,-0.7355333435554557,3790.5260000000017,847.6690000000002,553350,1,0,0,0
2024-10-07 12:00:00+00:00,63135.45,64478.19,62825.37,63651.6,7602.50861,-9.52e-06,7.800999999999984e-05,0.00012257000000000001,-1.5661186725537863,0,0,47011.766,45244.994999999995,1766.771000000008,0.5095752928069955,0.5124852848771174,0.2604715710875152,670.9540000000088,1072.9570000000022,1041518,1,0,0,0
2024-10-07 16:00:00+00:00,63651.59,63906.57,62735.9,63382.0,4094.49583,-9.52e-06,7.800999999999984e-05,0.00012257000000000001,-1.5661186725537863,0,0,23137.906,23808.895,-670.9890000000014,0.4928537303319133,0.513542348636698,-0.4826545573735511,-160.14599999999336,977.2616000000016,657777,1,0,0,0
2024-10-07 20:00:00+00:00,63381.99,63410.0,62128.0,62224.0,3240.94339,2.177e-05,5.797999999999985e-05,0.00014191000000000003,-0.6788721208770404,0,0,19126.396,22144.491,-3018.095000000001,0.4634355447703365,0.5082339930671452,-1.6076334215460668,-1922.3129999999946,-603.6259999999987,528042,1,0,0,0
2024-10-08 00:00:00+00:00,62224.01,62820.0,62156.02,62629.8,2759.18935,-1.678e-05,-4.530000000000148e-06,0.00014109000000000002,-1.622253597628594,0,0,14665.832,13898.828,767.0040000000008,0.5134257505603077,0.5060023857846299,0.4753255990808257,-2922.0800000000017,-482.2473999999987,397867,1,0,0,0
2024-10-08 04:00:00+00:00,62629.8,62778.04,62005.0,62319.99,2588.87096,-1.678e-05,-4.530000000000148e-06,0.00014109000000000002,-1.622253597628594,0,0,17081.482,18458.005,-1376.523000000001,0.4806338932241762,0.500669133989152,-0.9212315236433523,-3627.6140000000014,-506.366399999999,436157,1,0,0,0
2024-10-08 08:00:00+00:00,62319.99,62670.16,62193.63,62624.01,2240.95507,7.094e-05,7.592999999999985e-05,0.00020115,0.7616093723120614,0,0,10541.043,9723.446000000002,817.5969999999979,0.5201731462362559,0.5011395971787445,0.704488866712368,208.0779999999977,-696.201200000001,305546,1,0,0,0
2024-10-08 12:00:00+00:00,62624.02,63200.0,61864.89,62288.01,6977.22252,7.094e-05,7.592999999999985e-05,0.00020115,0.7616093723120614,0,0,42007.63,42878.574,-870.9440000000031,0.4948699319856498,0.5011251643116553,-0.3673906517038171,-1429.8700000000063,-736.1922000000013,991782,1,0,0,0
2024-10-08 16:00:00+00:00,62288.01,62598.0,61860.31,62245.53,3585.78327,8.1e-05,0.00013515999999999984,0.00027354,0.9692159535820822,0,0,21672.39,20562.068,1110.3220000000001,0.5131447407233213,0.49786672685575306,0.40476011850499044,1056.974999999995,89.49119999999894,608133,0,1,0,0
2024-10-08 20:00:00+00:00,62245.99,62565.95,62026.13,62160.49,1550.20254,8.1e-05,0.00013515999999999984,0.00027354,0.9692159535820822,0,0,7417.736,7369.325,48.41100000000006,0.5016369378607419,0.4976099740894647,-0.07748514521820835,287.78899999999703,-54.22740000000122,268303,0,1,0,0
2024-10-09 00:00:00+00:00,62160.5,62494.0,62002.5,62394.07,2218.57179,0.0001,0.00025193999999999987,0.00036782000000000004,1.378030149215104,0,0,9697.397,9655.552,41.845000000001164,0.5010811013866673,0.4990830069886365,-0.07656385030852557,1200.5780000000013,229.44619999999924,350420,1,0,0,0
2024-10-09 04:00:00+00:00,62394.07,62543.75,62200.0,62276.78,2041.93089,0.0001,0.00025193999999999987,0.00036782000000000004,1.378030149215104,0,0,6622.69,8010.194,-1387.5040000000008,0.45258952370564814,0.4933844300785018,-1.9869977560982495,-1297.2479999999996,-211.57400000000052,222283,1,0,0,0
2024-10-09 08:00:00+00:00,62276.79,62287.07,62046.69,62200.0,1718.42818,5.138e-05,0.00023237999999999986,0.00038632000000000006,0.06436745914602206,0,0,8578.005,7931.764000000001,646.2409999999982,0.5195714731078308,0.49605620435609354,0.7990141502221038,-699.4180000000015,91.86299999999974,244430,0,1,0,0
2024-10-09 12:00:00+00:00,62199.99,62412.09,61634.61,62316.0,5229.60107,5.138e-05,0.00023237999999999986,0.00038632000000000006,0.06436745914602206,0,0,31133.745,33454.12300000001,-2320.378000000008,0.482037044480242,0.49791635432708414,-0.7475418122662427,-3061.6410000000105,-594.2770000000019,826038,0,1,0,0
2024-10-09 16:00:00+00:00,62316.0,62350.0,60835.0,61031.98,5071.40002,7.939e-05,0.00023076999999999985,0.00042391,0.8039491989750795,0,0,27717.415,32402.165999999997,-4684.750999999997,0.4610380601288622,0.49267758528393957,-1.4941710820732221,-6358.888000000006,-1540.9094000000011,730282,1,0,0,0
2024-10-09 20:00:00+00:00,61031.99,61122.53,60301.0,60636.02,3731.22489,7.939e-05,0.00023076999999999985,0.00042391,0.8039491989750795,0,0,18743.834,23355.288000000004,-4611.454000000005,0.44523099555377893,0.4891372955168999,-1.9305910563952535,-11616.58300000001,-2471.5692000000026,551149,1,0,0,0
2024-10-10 00:00:00+00:00,60636.01,60956.0,60355.0,60865.29,2727.57646,2.09e-05,0.00015166999999999983,0.00039908000000000006,-0.7408567434987583,0,0,13014.18,12486.037,528.143,0.5103556569734289,0.4881555465906171,0.44392423526475633,-8768.062000000002,-2088.4398000000024,353769,1,0,0,0
2024-10-10 04:00:00+00:00,60865.29,61149.58,60814.9,60900.0,1627.37524,2.09e-05,0.00015166999999999983,0.00039908000000000006,-0.7408567434987583,0,0,8496.044,7331.253000000001,1164.7909999999993,0.5367969022126772,0.49234824361331986,1.4437632424600761,-2918.520000000006,-1984.7298000000021,227474,1,0,0,0
2024-10-10 08:00:00+00:00,60900.01,61321.68,60630.71,61262.0,2559.67177,1.532e-05,0.00011560999999999985,0.00042392000000000005,-0.8314960324846709,0,0,14202.175,13434.248,767.9269999999997,0.5138933862750618,0.4924231081684939,0.5475784866131465,2460.860999999999,-1367.0688000000005,372029,1,0,0,0
2024-10-10 12:00:00+00:00,61262.01,61320.0,60444.99,60789.36,5227.91174,1.532e-05,0.00011560999999999985,0.00042392000000000005,-0.8314960324846709,0,0,31821.462,35286.914000000004,-3465.452000000005,0.47418018281354324,0.48967743266377406,-0.952567361702132,-1532.7340000000058,-1123.209000000002,843940,1,0,0,0
2024-10-10 16:00:00+00:00,60789.36,61030.31,58946.0,59727.28,8517.95777,0.0001,0.00013621999999999986,0.00050215,1.409610467954629,0,0,45372.461,54606.635,-9234.173999999999,0.4538194764233515,0.4849512701674425,-1.7029522411048645,-11931.699000000004,-2047.753000000001,1120500,1,0,0,0
2024-10-10 20:00:00+00:00,59727.27,60329.27,59586.29,60326.39,3307.43183,0.0001,0.00013621999999999986,0.00050215,1.409610467954629,0,0,13762.403,13133.840999999999,628.5620000000017,0.5116849400979557,0.49086081180667324,0.4834630212288959,-12071.064000000002,-2027.6692000000007,375716,1,0,0,0
2024-10-11 00:00:00+00:00,60326.4,60768.64,60087.64,60614.0,2415.18063,2.231e-05,0.00013762999999999986,0.00054124,-0.595796660617824,0,0,13558.445,13027.613000000001,530.8319999999985,0.5099832777014177,0.48990199226603187,0.38583270830560323,-8074.779999999999,-2154.4610000000007,347356,1,0,0,0
2024-10-11 04:00:00+00:00,60614.01,60925.16,60578.0,60674.69,2034.06082,2.231e-05,0.00013762999999999986,0.00054124,-0.595796660617824,0,0,9321.589,9848.956999999999,-527.3679999999986,0.48624535785261414,0.4903228236032692,-0.47966692902052,632.0260000000017,-2413.5200000000004,248392,0,1,0,0
2024-10-11 08:00:00+00:00,60674.68,61263.4,60650.44,61174.87,2754.98816,-1.874e-05,0.00010356999999999985,0.00045156,-1.6002564243861717,0,0,14723.483,14279.968,443.5149999999994,0.5076459004826701,0.4949836076386499,0.38496783246033245,446.97899999999936,-1631.7265999999995,339004,1,0,0,0
2024-10-11 12:00:00+00:00,61174.88,62450.0,61129.72,62259.05,6907.87356,-1.874e-05,0.00010356999999999985,0.00045156,-1.6002564243861717,0,0,46658.578,41146.755,5511.823000000004,0.5313866072348932,0.5035991688067613,1.3313996288767564,5427.970000000005,1317.472800000001,905558,1,0,0,0
2024-10-11 16:00:00+00:00,62259.04,63417.56,62123.0,63086.01,6450.8743,-1.874e-05,0.00010356999999999985,0.00045156,-1.6002564243861717,0,0,39885.021,35767.808,4117.213000000003,0.5272112296025309,0.5052847260696716,1.133641942908975,10072.551000000007,2015.2030000000013,793896,1,0,0,0
2024-10-11 20:00:00+00:00,63086.0,63160.0,62357.7,62540.0,3078.37462,1.2e-06,4.769999999999853e-06,0.00037176000000000006,-1.0001192210483547,0,0,12530.909,12942.016,-411.10699999999997,0.4919305105322612,0.5007980869016299,-0.24046967082627219,9217.929000000007,1826.8152000000016,353730,1,0,0,0
2024-10-12 00:00:00+00:00,62539.99,63073.78,62487.23,62568.0,2510.94662,4.558e-05,2.8039999999999854e-05,0.00031734,0.2655474494131776,0,0,12003.823,11207.359,796.4639999999999,0.5171569030823161,0.5011244385823554,0.8244794763460868,4502.570000000003,2091.5816000000013,305283,1,0,0,0
2024-10-12 04:00:00+00:00,62568.0,62800.0,62565.51,62767.57,1198.66803,4.558e-05,2.8039999999999854e-05,0.00031734,0.2655474494131776,0,0,5569.21,4559.638,1009.5720000000001,0.5498364670888536,0.5086900670098864,1.9608418323005683,1394.929,2204.7930000000015,163311,1,0,0,0
2024-10-12 08:00:00+00:00,62767.57,63260.53,62672.34,62936.91,1999.15341,4.558e-05,2.8039999999999854e-05,0.00031734,0.2655474494131776,0,0,9066.803,8500.784,566.0190000000002,0.5161097537185955,0.5149190947394108,0.6286449017849303,2372.0550000000003,1215.6322000000007,246720,1,0,0,0
2024-10-12 12:00:00+00:00,62936.91,63480.0,62824.03,63157.49,2690.48359,7.664e-05,0.00012341999999999984,0.00034260000000000003,1.163087261262467,0,0,13509.5,13288.161,221.33899999999994,0.504129819389834,0.5141635826685986,0.17835554972303067,1796.9300000000003,436.45740000000006,375607,1,0,0,0
2024-10-12 16:00:00+00:00,63157.5,63400.0,62911.0,63000.01,1537.73891,-1.489e-05,0.00010732999999999984,0.00024832000000000006,-1.358352300238119,0,0,7729.155,8629.893,-900.7380000000003,0.4724697305124356,0.5104122279497004,-0.9906775488976052,-113.38000000000011,338.5312,254132,1,0,0,0
2024-10-12 20:00:00+00:00,63000.01,63388.0,63000.0,63206.22,974.3106,-1.489e-05,0.00010732999999999984,0.00024832000000000006,-1.358352300238119,0,0,4718.153,4001.9269999999997,716.2260000000006,0.5410676278199283,0.5158944549464318,1.4817568444438036,36.827000000000226,322.48360000000014,157851,1,0,0,0
2024-10-13 00:00:00+00:00,63206.23,63285.72,62654.91,62712.31,1978.86462,6.93e-06,6.867999999999985e-05,0.00023435000000000003,-0.6960414982021033,0,0,10067.735,12475.081999999999,-2407.346999999998,0.4466050094804035,0.5097903658462052,-1.845370806853206,-2591.8589999999976,-360.9001999999995,287206,1,0,0,0
2024-10-13 04:00:00+00:00,62712.31,62990.0,62707.21,62843.48,976.93771,6.93e-06,6.867999999999985e-05,0.00023435000000000003,-0.6960414982021033,0,0,4918.829,4331.249,587.5799999999999,0.5317608132601692,0.5098277864487328,1.0710732229678073,-1103.5409999999974,-356.58799999999957,146148,1,0,0,0
2024-10-13 08:00:00+00:00,62843.48,62962.0,62520.18,62561.33,2072.26507,1.638e-05,8.419999999999848e-06,0.00023541000000000002,-0.4074390019549435,0,0,6357.7,6998.155,-640.4549999999999,0.4760234369121258,0.5047090071796922,-0.806572257512157,-2460.221999999998,-528.9467999999995,205423,1,0,0,0
2024-10-13 12:00:00+00:00,62561.34,62818.0,62050.0,62229.31,2882.28535,1.638e-05,8.419999999999848e-06,0.00023541000000000002,-0.4074390019549435,0,0,16115.77,16453.513,-337.7429999999986,0.4948150071341761,0.5049974568398838,-0.1576640105038244,-390.6179999999986,-416.3477999999992,396894,1,0,0,0
2024-10-13 16:00:00+00:00,62229.32,62887.78,62177.67,62734.32,2186.22682,3.938e-05,6.268999999999985e-05,0.00017479000000000003,0.25342922594652867,0,0,17958.212,15689.783000000003,2268.4289999999964,0.5337082343242145,0.5066525899640736,1.1389792098821896,1290.230999999998,-105.90720000000002,403471,1,0,0,0
2024-10-13 20:00:00+00:00,62734.31,63125.0,62610.67,62870.02,1812.64038,3.938e-05,6.268999999999985e-05,0.00017479000000000003,0.25342922594652867,0,0,9633.468,8696.66,936.8080000000009,0.5255537768203256,0.5042243209372208,0.8257215326946804,2867.493999999999,562.9237999999998,297830,1,0,0,0
2024-10-14 00:00:00+00:00,62870.02,64392.49,62457.81,64299.99,5202.69582,5.429e-05,0.00011004999999999984,0.00020677,0.7028940207977313,0,0,28206.672,21536.379,6670.292999999998,0.5670474856880009,0.5093180941341614,1.9839798046987418,9875.529999999995,1779.4663999999993,637674,1,0,0,0
2024-10-14 04:00:00+00:00,64300.0,64686.0,63778.62,64620.87,6540.2077,5.429e-05,0.00011004999999999984,0.00020677,0.7028940207977313,0,0,33599.203,29562.246,4036.957000000002,0.531957444484847,0.5121008566436627,0.8411561112257778,11644.058,2714.9487999999997,731437,1,0,0,0
2024-10-14 08:00:00+00:00,64620.87,65188.57,64340.98,64920.06,5338.83523,0.0001,0.00019366999999999984,0.00032551,1.8267650320474775,0,0,27060.759,26368.926,691.8329999999987,0.5064742380569902,0.5155013073981181,0.03866635811986919,11399.082999999999,2920.863999999999,664810,1,0,0,0
2024-10-14 12:00:00+00:00,64920.05,66299.93,64660.56,65870.0,11165.96157,0.0001,0.00019366999999999984,0.00032551,1.8267650320474775,0,0,50251.51,46877.594999999994,3373.915000000008,0.5173681977199317,0.5131313643881185,0.3538757049579859,8102.705000000009,3141.9612000000016,1112916,1,0,0,0
2024-10-14 16:00:00+00:00,65870.0,66072.3,65459.0,65939.4,5541.11281,0.0001,0.0002542899999999999,0.00042431000000000006,1.6698615735849311,0,0,20904.732,20262.84,641.8919999999998,0.5077960876585095,0.5192504722059291,-0.007154925026060603,4707.640000000007,3082.9780000000014,528619,1,0,0,0
2024-10-14 20:00:00+00:00,65939.41,66500.0,65730.0,66083.99,3881.13909,0.0001,0.0002542899999999999,0.00042431000000000006,1.6698615735849311,0,0,18318.379,15302.36,3016.0190000000002,0.5448535500662255,0.5205597458865346,1.2019571737718215,7031.826000000008,2352.123200000002,426445,1,0,0,0
2024-10-15 00:00:00+00:00,66084.0,66330.0,65324.4,65400.0,3574.82599,0.0001,0.00030000000000000003,0.00047873,1.5513750344052246,0,0,13989.751,16846.653,-2856.901999999998,0.45367647278197554,0.5183250494735197,-1.870407025722073,801.0090000000018,973.3514000000017,441386,1,0,0,0
2024-10-15 04:00:00+00:00,65399.99,65846.0,65201.0,65638.74,3319.36953,0.0001,0.00030000000000000003,0.00047873,1.5513750344052246,0,0,14270.771,13431.075,839.6959999999999,0.5151559574766245,0.5203591445077645,0.2190644708880906,998.8130000000019,1002.924000000002,388964,1,0,0,0
2024-10-15 08:00:00+00:00,65638.74,65850.0,65280.0,65399.69,3798.65244,0.0001,0.00030000000000000003,0.0005020900000000001,1.4339403745791521,0,0,12290.735,14210.953999999998,-1920.2189999999973,0.4637717618677059,0.5133654972621137,-1.4194738350063294,-3937.4249999999956,-55.90279999999912,396605,1,0,0,0
2024-10-15 12:00:00+00:00,65399.68,67950.0,64800.01,66022.0,20567.31949,0.0001,0.00030000000000000003,0.0005020900000000001,1.4339403745791521,0,0,112384.329,105959.476,6424.853000000003,0.5147126981688351,0.5122813893969645,0.21136982793778192,5344.330000000005,1100.6894000000016,2248934,1,0,0,0
2024-10-15 16:00:00+00:00,66022.01,67390.89,65982.55,66970.18,8440.07018,0.0001,0.00030000000000000003,0.00061698,1.3314407291886692,0,0,40153.366,38693.63,1459.7360000000044,0.5092567635677585,0.5065023171849403,-0.035299927740502925,5964.37000000001,789.4328000000023,1004976,1,0,0,0
2024-10-15 20:00:00+00:00,66970.18,67156.47,66130.64,67074.14,3983.7166,0.0001,0.00030000000000000003,0.00061698,1.3314407291886692,0,0,19436.578,20338.193,-901.614999999998,0.4886659938280977,0.5021731721192655,-0.7351660626768696,6982.974000000009,1180.4902000000025,542907,0,1,0,0
2024-10-16 00:00:00+00:00,67074.14,67561.04,66750.49,67095.98,3508.4024,8.325e-05,0.00028324999999999986,0.0006933,0.8611726567553141,0,0,15393.978,15946.568,-552.5900000000001,0.4911841038123586,0.5006441586948023,-0.6197996551697352,5.5310000000063155,902.0330000000024,504317,0,1,0,0
2024-10-16 04:00:00+00:00,67095.99,67361.41,66775.67,66972.53,3070.41603,8.325e-05,0.00028324999999999986,0.0006933,0.8611726567553141,0,0,11744.75,12303.324,-558.5740000000005,0.48838630486582835,0.49774596940939186,-0.7218644062386728,-2012.7789999999986,1174.3620000000017,394100,1,0,0,0
2024-10-16 08:00:00+00:00,66972.53,68424.0,66917.52,67894.72,8671.10496,8.325e-05,0.00028324999999999986,0.0006933,0.8611726567553141,0,0,37139.356,30349.778000000006,6789.577999999994,0.5503012677566732,0.5019964874192082,1.3574779380582986,5678.413999999993,1247.307,845540,1,0,0,0
2024-10-16 12:00:00+00:00,67894.73,68308.91,67117.18,67749.99,9342.2106,8.5e-05,0.0002682499999999999,0.00076192,0.8524184490092522,0,0,42287.042,43065.288,-778.2459999999992,0.4954409797600136,0.49705523038858707,-0.46814126280705476,5452.757999999994,799.7105999999992,1225384,1,0,0,0
2024-10-16 16:00:00+00:00,67750.0,68100.0,67482.0,67728.0,3575.32974,0.0001,0.0002682499999999999,0.0008225400000000001,1.1434588940315347,0,0,15059.807,15180.932,-121.125,0.49799732076653286,0.5014873151870429,-0.34919344936600655,5890.206999999995,955.8085999999988,518441,1,0,0,0
2024-10-16 20:00:00+00:00,67728.01,67954.03,67500.0,67620.01,1770.79171,0.0001,0.0002682499999999999,0.0008225400000000001,1.1434588940315347,0,0,8172.483,7510.195,662.2880000000005,0.5211152712566055,0.5020832465650409,0.41173423510448526,-237.08299999999872,1198.784199999999,274592,0,1,0,0
2024-10-17 00:00:00+00:00,67620.0,67939.4,67406.99,67601.4,2503.78211,0.0001,0.0002849999999999999,0.0008682500000000001,1.0778145645071573,0,0,12017.11,11805.164,211.9459999999999,0.5044484838013366,0.506150918758404,-0.14719053951762706,753.1090000000004,1352.888199999999,365396,0,1,0,0
2024-10-17 04:00:00+00:00,67601.4,67601.4,67087.35,67303.18,3552.90409,0.0001,0.0002849999999999999,0.0008682500000000001,1.0778145645071573,0,0,13102.232,14014.723000000002,-912.4910000000018,0.4831748992466152,0.502997138866182,-0.8234273998878813,-38.257000000001426,-187.5256000000001,399426,1,0,0,0
2024-10-17 08:00:00+00:00,67303.18,67530.01,66741.09,66872.43,4840.70419,0.0001,0.00030000000000000003,0.00086825,1.0144439759913249,0,0,16497.085,18433.825000000004,-1936.7400000000052,0.4722775616209253,0.4992992186714987,-1.1321127746519155,-2637.285000000007,-419.2244000000013,492389,1,0,0,0
2024-10-17 12:00:00+00:00,66872.44,67680.0,66666.0,67590.66,6644.01683,0.0001,0.00030000000000000003,0.00086825,1.0144439759913249,0,0,38243.691,36789.904,1453.7869999999966,0.5096875739460437,0.5014013766832933,0.15413842909789502,-1395.4440000000104,-104.24200000000201,993760,1,0,0,0
2024-10-17 16:00:00+00:00,67590.67,67590.67,66720.0,66840.0,5364.13174,0.0001,0.00030000000000000003,0.00086825,1.0144439759913249,0,0,19989.248,22157.761,-2168.512999999999,0.47427441411085663,0.499710407713143,-1.0737006726760725,-2651.4660000000076,-670.4022000000019,624528,1,0,0,0
2024-10-17 20:00:00+00:00,66840.0,67480.0,66827.68,67421.78,2422.68965,0.0001,0.00030000000000000003,0.0008682500000000001,0.9491891883050624,0,0,9084.026,8138.068000000001,945.9579999999987,0.5274635012443899,0.5036181273509992,0.7967809518890793,231.23199999999633,-523.5998000000021,275423,1,0,0,0
2024-10-18 00:00:00+00:00,67421.78,68260.92,67192.36,67555.4,4815.67963,0.0001,0.00030000000000000003,0.0008682500000000001,0.9491891883050624,0,0,21996.607,20852.995,1143.612000000001,0.5133444880071465,0.49992244937604663,0.23985901426101436,-78.9429999999993,-112.37920000000159,589350,1,0,0,0
2024-10-18 04:00:00+00:00,67555.41,68378.95,67544.0,67969.7,4436.03787,0.0001,0.00030000000000000003,0.0008682500000000001,0.8992533180778189,0,0,18424.833,17564.0,860.8329999999987,0.5119597237287467,0.5015743237729199,0.2154785761887985,2950.4029999999984,447.1353999999992,482402,1,0,0,0
2024-10-18 08:00:00+00:00,67969.69,68050.0,67674.98,67702.0,3604.45968,0.0001,0.00030000000000000003,0.0008682500000000001,0.8992533180778189,0,0,10159.88,9894.579,265.3009999999995,0.506614514009079,0.5024360430971745,-0.031844018756381216,2269.745999999999,209.43819999999977,323083,0,1,0,0
2024-10-18 12:00:00+00:00,67702.0,68870.68,67642.71,68735.35,8981.93414,0.0001,0.00030000000000000003,0.0008682500000000001,0.863889290155368,0,0,43240.238,39461.53600000001,3778.70199999999,0.5228453503306953,0.5026090510045835,0.5749714588696138,4904.835999999988,1398.8811999999975,1043903,1,0,0,0
2024-10-18 16:00:00+00:00,68735.34,69000.0,68360.0,68608.01,5094.2734,0.0001,0.00030000000000000003,0.0008682500000000001,0.8399479781790724,0,0,21713.357,23241.105,-1527.7479999999996,0.48300782689825095,0.5004649853142749,-0.9404431588100005,2516.25499999999,904.1399999999979,613992,1,0,0,0
2024-10-18 20:00:00+00:00,68608.01,68690.0,68204.1,68428.0,1793.25028,0.0001,0.00030000000000000003,0.0008682500000000001,0.8399479781790724,0,0,9171.398,9581.233000000002,-409.83500000000276,0.4890725999994347,0.5010547553895568,-0.6525919806066496,1841.1189999999879,593.4505999999972,289163,1,0,0,0
2024-10-19 00:00:00+00:00,68427.99,68693.26,68303.03,68450.01,1376.73627,0.0001,0.00030000000000000003,0.000885,0.8399479781790727,0,0,7269.902,6859.022000000001,410.8799999999992,0.5145403853824961,0.505281037765714,0.4859314582023912,-1526.7030000000032,503.4599999999973,233651,1,0,0,0
2024-10-19 04:00:00+00:00,68450.0,68560.0,68302.31,68346.54,1113.67315,0.0001,0.00030000000000000003,0.000885,0.8399479781790727,0,0,4417.594,5029.624000000001,-612.0300000000007,0.46760792436461185,0.5010730728075707,-1.501767280622921,-610.9850000000042,327.9937999999973,156485,1,0,0,0
2024-10-19 08:00:00+00:00,68346.54,68475.7,68090.3,68090.3,1655.36285,0.0001,0.00030000000000000003,0.0009000000000000001,0.7931495857137346,0,0,5698.757,7560.391,-1861.634,0.42979812880887974,0.4966254442773731,-2.6520899990640316,-2062.7840000000015,-800.0734000000008,196704,1,0,0,0
2024-10-19 12:00:00+00:00,68090.3,68350.0,68088.0,68226.93,1346.90882,0.0001,0.00030000000000000003,0.0009000000000000001,0.7931495857137346,0,0,6722.987,5927.218,795.7690000000002,0.5314528104485263,0.49702437519778675,1.2046485611821431,-1677.8950000000004,-335.3700000000008,201121,1,0,0,0
2024-10-19 16:00:00+00:00,68226.94,68242.43,68010.0,68181.98,1019.59496,0.0001,0.00030000000000000003,0.0009000000000000001,0.7695480512392445,0,0,4611.322,5057.0869999999995,-445.7649999999994,0.4769473446975609,0.4933846608668281,-0.8012341006581524,-1511.6299999999992,-342.55600000000015,158737,1,0,0,0
2024-10-19 20:00:00+00:00,68181.98,68413.96,68168.45,68378.0,1681.39132,0.0001,0.00030000000000000003,0.0009000000000000001,0.7695480512392445,0,0,4630.931,4847.273,-216.34200000000055,0.4885873948271212,0.4910474279766657,-0.3139816261405633,133.66200000000026,-468.00040000000007,154361,0,1,0,0
2024-10-20 00:00:00+00:00,68377.99,68446.0,68100.0,68188.0,1054.72024,0.0001,0.00030000000000000003,0.0009000000000000001,0.7162766797847412,0,0,4165.417,4970.829999999999,-805.4129999999986,0.45592210893597784,0.4859781874693555,-1.6116477688627155,-1467.5199999999986,-506.6769999999997,149204,1,0,0,0
2024-10-20 04:00:00+00:00,68188.01,68433.5,68176.26,68378.0,1441.04305,0.0001,0.00030000000000000003,0.0009000000000000001,0.7162766797847412,0,0,5759.902,5006.32,753.5820000000003,0.5349975135195987,0.48719340378824577,1.449462352427589,-268.17299999999886,16.36620000000039,134471,1,0,0,0
2024-10-20 08:00:00+00:00,68378.01,68500.0,68355.0,68420.01,1130.42068,0.0001,0.00030000000000000003,0.0009000000000000001,0.6642435881570081,0,0,3662.773,3652.572,10.201000000000022,0.5006972330081493,0.4889623443992356,0.08604688389664593,-41.62999999999829,-140.74739999999966,111917,1,0,0,0
2024-10-20 12:00:00+00:00,68420.01,68772.7,68198.22,68625.99,3025.00337,0.0001,0.00030000000000000003,0.0009000000000000001,0.6642435881570081,0,0,13466.274,12928.734000000002,537.5399999999972,0.5101826072566449,0.4910733451249567,0.4695705850704223,1301.3229999999976,55.913599999999676,348066,1,0,0,0
2024-10-20 16:00:00+00:00,68625.99,68660.0,68422.0,68508.29,1137.38491,0.0001,0.00030000000000000003,0.0009000000000000001,0.6642435881570085,0,0,4562.086,4739.794999999999,-177.70899999999892,0.4904476847209721,0.4886640750588043,-0.2908635397524667,370.03199999999833,63.64020000000001,139836,1,0,0,0
2024-10-20 20:00:00+00:00,68508.3,69400.0,68461.93,69031.99,4653.90153,0.0001,0.00030000000000000003,0.0009000000000000001,0.6642435881570085,0,0,23526.707,19498.082,4028.625,0.5468174870073157,0.4965850313230746,1.7734673725708754,4388.455999999998,1030.4477999999997,608465,1,0,0,0
2024-10-21 00:00:00+00:00,69032.0,69519.52,68588.51,68939.99,4025.34961,0.0001,0.00030000000000000003,0.0009000000000000001,0.6136668051891442,0,0,18738.378,18705.933,32.44499999999971,0.5004332433837546,0.5036485427805621,0.01652814249422812,3883.361000000001,886.2203999999996,517848,0,1,0,0
2024-10-21 04:00:00+00:00,68940.0,69185.18,68488.33,68514.0,2657.04256,0.0001,0.00030000000000000003,0.0009000000000000001,0.6136668051891442,0,0,12551.262,13512.086999999998,-960.8249999999971,0.48156750692322775,0.4986600124280323,-0.6826970343605205,3100.2450000000026,692.0152000000002,361186,1,0,0,0
2024-10-21 08:00:00+00:00,68513.99,68661.0,68119.01,68238.01,4244.21652,0.0001,0.00030000000000000003,0.0009000000000000001,0.5724237598190631,0,0,12801.496,14890.987000000001,-2089.491000000002,0.46227331799752297,0.4971926097580285,-1.3429936678167582,-3017.870999999999,166.60900000000038,427067,1,0,0,0
2024-10-21 12:00:00+00:00,68238.0,68328.68,66840.67,67341.02,12814.65836,0.0001,0.00030000000000000003,0.0009000000000000001,0.5724237598190631,0,0,46633.982,50846.39899999999,-4212.416999999987,0.4783935138702423,0.49617322166234057,-0.6886202093903879,-7262.732999999986,-640.3325999999972,1161752,1,0,0,0
2024-10-21 16:00:00+00:00,67341.02,67941.17,66894.0,67763.0,5541.16575,0.0001,0.00030000000000000003,0.0009000000000000001,0.5254779110579679,0,0,23143.522,22148.242000000002,995.2799999999988,0.510987428089575,0.5016797535777002,0.5476874641495164,-5306.62799999999,-1247.0015999999973,619500,1,0,0,0
2024-10-21 20:00:00+00:00,67763.99,67933.79,67366.66,67377.5,2091.98904,0.0001,0.00030000000000000003,0.0009000000000000001,0.5254779110579679,0,0,9043.839,10421.205999999998,-1377.3669999999984,0.4646194755778885,0.4946419497835294,-1.1478789620653358,-4594.503999999986,-1528.963999999997,307450,1,0,0,0
2024-10-22 00:00:00+00:00,67377.5,67694.92,66571.42,67390.02,4530.23136,0.0001,0.00030000000000000003,0.0009000000000000001,0.47894112742636835,0,0,19984.954,22471.395999999997,-2486.4419999999955,0.4707176664974733,0.4916439931324617,-0.8636838540999715,-2868.528999999995,-1834.0873999999967,587033,0,1,0,0
2024-10-22 04:00:00+00:00,67390.01,67800.0,67278.02,67402.0,2582.69229,0.0001,0.00030000000000000003,0.0009000000000000001,0.47894112742636835,0,0,8383.89,9053.224000000002,-669.3340000000026,0.48080720238452296,0.4887064526452495,-0.4807442782781101,-4533.142999999996,-1550.0559999999969,267506,0,1,0,0
2024-10-22 08:00:00+00:00,67402.0,67526.67,66740.0,67299.15,5952.92995,0.0001,0.00030000000000000003,0.0009000000000000001,0.45313283522836567,0,0,19816.327,21536.084999999995,-1719.7579999999944,0.47920607388028547,0.4875822915611808,-0.5528897471291458,-4875.533999999992,-1051.5241999999985,596464,1,0,0,0
2024-10-22 12:00:00+00:00,67299.15,67693.34,66644.18,67282.27,6233.58519,0.0001,0.00030000000000000003,0.0009000000000000001,0.45313283522836567,0,0,34769.391,35038.98299999999,-269.59199999998964,0.49806905687274716,0.482707448547724,0.17531731540788173,-2658.6839999999866,-1304.498599999996,900496,1,0,0,0
2024-10-22 16:00:00+00:00,67282.27,67635.72,66920.0,67482.98,3629.34667,0.0001,0.00030000000000000003,0.0009000000000000001,0.4140598307871569,0,0,14942.13,14653.251000000002,288.8789999999972,0.504880474422681,0.4831521716516166,0.3980414868595794,-1700.4709999999868,-971.249399999997,438726,1,0,0,0
2024-10-22 20:00:00+00:00,67482.99,67836.01,67292.0,67426.0,1670.17722,0.0001,0.00030000000000000003,0.0009000000000000001,0.4140598307871569,0,0,8604.828,9264.518000000002,-659.6900000000023,0.48154129423650976,0.48314955038294477,-0.4475666252192132,-640.4029999999948,-605.8989999999983,261048,1,0,0,0
2024-10-23 00:00:00+00:00,67426.01,67472.83,66890.0,67082.1,2192.04981,0.0001,0.00030000000000000003,0.0009000000000000001,0.36912139100053276,0,0,8698.535,9377.343,-678.8080000000009,0.4812233740457863,0.4850445559877712,-0.4215416692085106,-1049.619000000006,-607.793799999998,297114,1,0,0,0
2024-10-23 04:00:00+00:00,67082.1,67302.83,66800.0,66852.34,2205.04466,0.0001,0.00030000000000000003,0.0009000000000000001,0.36912139100053276,0,0,9204.197,9595.817,-391.619999999999,0.48958458222424733,0.48616366282317164,-0.06178775839739161,-1730.1180000000022,-342.1661999999989,301232,1,0,0,0
2024-10-23 08:00:00+00:00,66852.33,67048.0,66200.0,66414.0,4678.16343,0.0001,0.00030000000000000003,0.0009000000000000001,0.330208848929781,0,0,21482.082,26282.632999999998,-4800.5509999999995,0.4497479363165885,0.48003971364587306,-1.5241612804059619,-5870.978999999999,-1248.3580000000009,584635,1,0,0,0
2024-10-23 12:00:00+00:00,66414.0,66910.15,65923.01,66223.44,6555.45611,0.0001,0.00030000000000000003,0.0009000000000000001,0.330208848929781,0,0,30526.987,31111.888999999996,-584.9019999999946,0.49525541315841,0.48310330740392515,0.27604379723537226,-5777.072999999993,-1423.1141999999993,792431,1,0,0,0
2024-10-23 16:00:00+00:00,66223.45,66573.58,65260.0,66472.0,7747.67519,0.0001,0.00030000000000000003,0.0009000000000000001,0.2841193963686298,0,0,39247.214,41114.018000000004,-1866.8040000000037,0.4883849217244454,0.4848700329266224,-0.004265865663422093,-7252.256999999998,-1664.5369999999996,980248,0,1,0,0
2024-10-23 20:00:00+00:00,66472.0,66807.37,66338.99,66668.65,2151.8515,0.0001,0.00030000000000000003,0.0009000000000000001,0.2841193963686298,0,0,10373.617,11200.726,-827.1090000000004,0.4808311891583442,0.48487243160400456,-0.2934698641598497,-3278.8149999999987,-1694.1971999999994,317918,0,1,0,0
2024-10-24 00:00:00+00:00,66668.65,67612.12,66510.0,67213.16,4069.13262,0.0001,0.00030000000000000003,0.0009000000000000001,0.2623360171227778,0,0,19129.668,18760.829,368.83899999999994,0.5048671702564366,0.48743854124161967,0.6821614992820877,-2325.074000000004,-1542.1053999999997,526280,1,0,0,0
2024-10-24 04:00:00+00:00,67213.16,67479.55,67068.75,67123.08,2168.24652,0.0001,0.00030000000000000003,0.0009000000000000001,0.2623360171227778,0,0,7596.804,9549.814999999999,-1953.0109999999986,0.4430496764405858,0.4819366031984035,-1.6965000225972127,-2411.280999999999,-972.5973999999994,258049,1,0,0,0
2024-10-24 08:00:00+00:00,67123.09,67322.26,66700.0,67285.99,3627.57529,0.0001,0.00030000000000000003,0.0009000000000000001,0.2623360171227778,0,0,14076.866,14215.063,-138.19700000000012,0.4975576603489992,0.4812043217910354,0.3478247920339514,-1722.3689999999988,-883.2564000000006,406393,0,1,0,0
2024-10-24 12:00:00+00:00,67286.0,67998.0,67262.0,67701.22,5556.69154,0.0001,0.00030000000000000003,0.0009000000000000001,0.2623360171227778,0,0,29509.562,28739.041999999998,770.5200000000041,0.506614064089845,0.4837115987763688,0.803941697502947,-1320.6879999999946,-355.791599999999,809181,1,0,0,0
2024-10-24 16:00:00+00:00,67701.21,68323.0,67350.01,68309.79,4018.19794,0.0001,0.00030000000000000003,0.0009000000000000001,0.2623360171227745,0,0,18408.834,17275.086,1133.7479999999996,0.5158859788946955,0.4871778592612598,1.1363486636641547,1766.0710000000036,36.37980000000098,488582,1,0,0,0
2024-10-24 20:00:00+00:00,68309.79,68850.0,67978.04,68198.28,3149.99486,0.0001,0.00030000000000000003,0.0009000000000000001,0.2623360171227745,0,0,18146.714,16932.439,1214.2750000000015,0.5173076442296084,0.4899501654617959,1.1299888217284397,3118.543000000005,205.4670000000013,466759,0,1,0,0
2024-10-25 00:00:00+00:00,68198.27,68286.56,67836.0,68008.0,2103.46788,0.0001,0.00030000000000000003,0.0009000000000000001,0.2623360171227778,0,0,10022.616,11293.969,-1271.3529999999992,0.4701792524459242,0.49199329707472944,-0.9196076758369875,1076.670000000002,341.79860000000116,312992,1,0,0,0
2024-10-25 04:00:00+00:00,68007.99,68045.36,67250.0,67531.97,3239.24812,0.0001,0.00030000000000000003,0.0009000000000000001,0.2623360171227778,0,0,13789.966,16889.904,-3099.9379999999983,0.44947928397349796,0.48741568415623815,-1.7227479791063354,-3157.015999999996,-250.54959999999846,394852,1,0,0,0
2024-10-25 08:00:00+00:00,67531.96,68183.78,67286.28,68105.79,3432.59534,0.0001,0.00030000000000000003,0.0009000000000000001,0.2623360171227745,0,0,15260.591,13973.648000000001,1286.9429999999993,0.5220108859341267,0.49077828057720635,1.4120552374865336,-3084.347999999998,-147.26499999999942,364766,1,0,0,0
2024-10-25 12:00:00+00:00,68105.79,68771.49,67429.87,67690.01,6063.80083,0.0001,0.00030000000000000003,0.0009000000000000001,0.2623360171227745,0,0,33739.61,35738.831000000006,-1999.221000000005,0.48561265213190374,0.4912564268745623,-0.11604647382531723,-3812.216000000004,-773.8588000000003,860300,1,0,0,0
2024-10-25 16:00:00+00:00,67690.01,67890.52,66006.6,66850.0,12819.56162,0.0001,0.00030000000000000003,0.0009000000000000001,0.2623360171227778,0,0,62186.839,68157.657,-5970.818000000007,0.4770960102527076,0.4884793108741894,-0.46567997851658893,-6683.096000000012,-2210.877400000002,1353541,1,0,0,0
2024-10-25 20:00:00+00:00,66849.99,67392.52,65596.29,66698.33,6821.03746,0.0001,0.00030000000000000003,0.0009000000000000001,0.2623360171227778,0,0,32089.616,35368.624,-3279.0080000000016,0.47569601578695203,0.49174394480882605,-0.4817886060485616,-11249.047000000013,-2612.4084000000025,819869,1,0,0,0
2024-10-26 00:00:00+00:00,66698.32,67050.2,66439.9,66914.0,3685.00548,4.755e-05,0.00024754999999999986,0.00084755,-5.08690106244559,0,0,13736.196,13756.21,-20.013999999999214,0.49963600857633195,0.4919517796315593,0.7011660791799592,-9269.840000000007,-1996.4236000000026,437833,0,1,0,1
2024-10-26 04:00:00+00:00,66914.0,67240.02,66784.26,67007.99,1628.86516,4.755e-05,0.00024754999999999986,0.00084755,-5.08690106244559,0,0,6723.876,7817.771999999999,-1093.8959999999988,0.46238748180398814,0.4875291214029736,-1.0838042664133911,-4392.918,-2472.591400000002,219190,0,1,0,1
2024-10-26 08:00:00+00:00,67007.99,67264.34,66953.02,67138.0,1491.87488,4.755e-05,0.00024754999999999986,0.00084755,-5.08690106244559,0,0,6153.02,5455.618,697.402,0.5300380630354741,0.4889443298170514,1.9714982685720237,-416.507999999998,-1933.2668000000012,185761,1,0,0,1
2024-10-26 12:00:00+00:00,67138.0,67180.0,66744.0,66886.49,2610.78256,7.569e-05,0.00022323999999999985,0.00082324,-2.0884816639778783,0,0,9366.845,9601.108000000002,-234.26300000000265,0.49382476854513496,0.4865960422486041,0.28727982444980965,-630.7570000000014,-785.9558000000004,315318,1,0,0,1
2024-10-26 16:00:00+00:00,66886.49,67181.82,66788.0,67177.99,1318.30448,0.0001,0.00022323999999999982,0.00082324,0.2456736024258159,0,0,5651.966,4995.436,656.5300000000007,0.5308305256061526,0.49266116956462697,1.8695070911110097,1119.668999999998,1.1518000000000028,183756,1,0,0,0
2024-10-26 20:00:00+00:00,67178.0,67454.55,67084.0,67092.76,1108.07514,0.0001,0.00022323999999999982,0.00082324,0.2456736024258159,0,0,5699.539,5212.406,487.1329999999998,0.5223210894116493,0.4999453501084422,1.3890674050062288,909.3999999999978,102.58119999999981,180775,0,1,0,0
2024-10-27 00:00:00+00:00,67092.76,67325.46,66913.73,67289.57,986.04169,0.0001,0.0002756899999999999,0.00082324,0.2456736024258146,0,0,4656.968,4063.0829999999996,593.8850000000002,0.5340528398285744,0.5011495454978869,1.72760562510268,1737.5480000000007,440.1373999999996,157815,1,0,0,0
2024-10-27 04:00:00+00:00,67289.57,67317.78,67120.0,67204.01,668.95382,0.0001,0.0002756899999999999,0.00082324,0.2456736024258146,0,0,2671.488,3299.382,-627.8940000000002,0.44742022519331354,0.4973303028040279,-1.7172091373917435,453.1239999999998,175.07819999999955,106624,1,0,0,0
2024-10-27 08:00:00+00:00,67204.0,67266.49,67036.85,67128.04,1089.42823,9.724e-05,0.00029723999999999983,0.0008204800000000001,-0.01050907619594263,0,0,4004.47,3725.984,278.4859999999999,0.5180122668086505,0.5014219284596222,0.9900466942287628,244.47699999999986,277.62800000000004,123392,0,1,0,0
2024-10-27 12:00:00+00:00,67128.03,67858.0,67121.45,67791.99,2061.49126,9.724e-05,0.00029723999999999983,0.0008204800000000001,-0.01050907619594263,0,0,14442.699,11592.506000000001,2850.1929999999993,0.5547372874536612,0.5093260556262931,2.141114780361164,2500.784999999999,716.3605999999997,372046,1,0,0,0
2024-10-27 16:00:00+00:00,67792.0,68000.0,67540.88,67850.0,1636.67932,0.0001,0.00029723999999999983,0.0008204800000000001,0.2547810180186834,0,0,8468.225,8363.311,104.91400000000067,0.5031165901911745,0.5096741137877773,0.3135864884974544,3233.593,639.9168,262986,1,0,0,0
2024-10-27 20:00:00+00:00,67850.0,68332.05,67688.09,68021.7,2210.6016,0.0001,0.00029723999999999983,0.0008204800000000001,0.2547810180186834,0,0,11570.476,11610.215999999999,-39.73999999999796,0.4991428211030111,0.5133496477176797,0.15229959327844508,2915.367000000002,513.1918000000003,340627,0,1,0,0
2024-10-28 00:00:00+00:00,68021.69,68116.78,67677.77,67727.59,1748.50819,9.425e-05,0.0002914899999999998,0.0008147300000000001,-0.27941798861641076,0,0,8718.421,8541.034999999998,177.38600000000224,0.505138806228887,0.5108597220370209,0.3380569754433891,242.56000000000495,674.2478000000008,275129,0,1,0,0
2024-10-28 04:00:00+00:00,67727.59,68680.0,67618.0,68415.52,3228.44557,9.425e-05,0.0002914899999999998,0.0008147300000000001,-0.27941798861641076,0,0,16691.722,14506.447999999997,2185.274000000005,0.535022470869285,0.514979492269436,1.3090804702243242,2322.920000000009,1055.6054000000017,412370,1,0,0,0
2024-10-28 08:00:00+00:00,68415.52,68833.57,68238.81,68753.78,2668.85534,9.425e-05,0.0002914899999999998,0.0008147300000000001,-0.27941798861641076,0,0,16144.395,15411.725999999999,732.6690000000017,0.5116089838798629,0.513057338096807,0.4484490986983152,3095.329000000009,632.1006000000023,400544,1,0,0,0
2024-10-28 12:00:00+00:00,68753.78,69280.0,68426.67,68494.2,7619.52629,0.0001,0.0002942499999999998,0.0008147300000000001,0.27313965252002054,0,0,37611.371,35922.644,1688.726999999999,0.5114826247417606,0.5119734916298181,0.42306275919386654,4606.6700000000055,948.8632000000019,940913,0,1,0,0
2024-10-28 16:00:00+00:00,68494.2,69900.0,68452.54,69629.98,7959.90622,8.946e-05,0.00028370999999999984,0.00080419,-0.7006842108970774,0,0,39214.632,31824.043000000005,7390.588999999993,0.5520180662153397,0.5137700142684947,1.7186757658653213,9811.984999999993,2434.929,837920,1,0,0,0
2024-10-28 20:00:00+00:00,69629.99,70270.0,69427.79,69962.21,5821.51298,8.946e-05,0.00028370999999999984,0.00080419,-0.7006842108970774,0,0,17474.349,14067.836000000003,3406.5129999999954,0.5539993186901921,0.5244279236181825,1.635038867726737,12485.828999999987,3080.754399999999,468078,1,0,0,0
2024-10-29 00:00:00+00:00,69962.21,71587.88,69760.0,70938.14,9260.69533,0.0001,0.00028945999999999985,0.0008566400000000001,0.304607986959702,0,0,38240.518,32729.388000000006,5511.12999999999,0.5388272319255994,0.5265094201298773,1.0753596326320687,16308.231999999978,3745.925599999996,888519,1,0,0,0
2024-10-29 04:00:00+00:00,70938.15,71370.0,70837.83,71017.97,5390.71759,0.0001,0.00028945999999999985,0.0008566400000000001,0.304607986959702,0,0,13390.638,13683.959,-293.3209999999999,0.4945830957336133,0.5204940009578726,-0.4378176085706462,8624.321999999986,3540.7275999999956,380786,0,1,0,0
2024-10-29 08:00:00+00:00,71017.96,71578.95,70974.0,71452.01,4333.82377,0.0001,0.00028945999999999985,0.0008809500000000001,0.304607986959702,0,0,14789.437,12249.068000000001,2540.368999999999,0.5469768761253627,0.5248800295512914,1.2876055565743985,7758.177999999989,3711.0559999999955,361303,1,0,0,0
2024-10-29 12:00:00+00:00,71452.02,72429.99,70929.0,72402.01,11510.0098,0.0001,0.00028945999999999985,0.0008809500000000001,0.304607986959702,0,0,52063.973,49780.31,2283.6630000000005,0.5112115424289452,0.5260869016838848,0.07504484316998171,4530.710999999999,2689.670799999997,1175398,1,0,0,0
2024-10-29 16:00:00+00:00,72402.0,73620.12,72350.7,72536.16,14375.99601,0.0001,0.00028945999999999985,0.0008809500000000001,0.304607986959702,0,0,57964.488,53103.022,4861.466,0.5218851849654322,0.5277615395575393,0.42763450367698264,9685.498,2980.661399999998,1348507,1,0,0,0
2024-10-29 20:00:00+00:00,72536.38,72978.9,71864.65,72736.42,5257.36344,0.0001,0.00030000000000000003,0.00088095,0.304607986959702,0,0,22576.245,21931.014,645.2309999999998,0.507248604098491,0.52498415288046,-0.054114585611858064,7790.360000000001,2007.4815999999998,641781,1,0,0,0
2024-10-30 00:00:00+00:00,72736.41,72785.72,72000.01,72234.0,3553.7595,0.0001,0.00030000000000000003,0.0008809500000000001,0.304607986959702,0,0,13526.35,14614.908999999998,-1088.5589999999975,0.4806590209769933,0.5218891565901729,-0.9761843455587866,4418.138000000003,1848.4340000000004,433301,1,0,0,0
2024-10-30 04:00:00+00:00,72234.0,72610.0,72100.0,72227.99,3065.87039,0.0001,0.00030000000000000003,0.0008809500000000001,0.304607986959702,0,0,8983.781,9219.65,-235.86899999999878,0.49352130375861564,0.5200930244918585,-0.6311784257595866,-679.1969999999965,1293.186400000001,284256,1,0,0,0
2024-10-30 08:00:00+00:00,72227.99,72604.97,71926.82,71983.99,3249.22754,0.0001,0.00030000000000000003,0.00088371,0.304607986959702,0,0,13230.341,14994.197,-1763.8559999999998,0.46875314664140827,0.5117665325344654,-1.4271845127284721,-3088.283999999996,483.68260000000083,394637,1,0,0,0
2024-10-30 12:00:00+00:00,71984.0,72470.0,71436.0,72061.34,7786.81964,0.0001,0.00030000000000000003,0.00088371,0.304607986959702,0,0,34870.077,35002.745,-132.66800000000512,0.49905064661621934,0.506271665327068,-0.3695889266323071,-2132.3930000000037,-515.1442000000003,978314,0,1,0,0
2024-10-30 16:00:00+00:00,72061.34,72197.5,71641.77,71822.01,3301.81939,0.0001,0.00030000000000000003,0.00088371,0.304607986959702,0,0,13143.695,12571.974000000002,571.7209999999977,0.5111161992324601,0.5035005620577542,0.023510399602293463,-1324.8030000000072,-529.8462000000006,427927,0,1,0,0
2024-10-30 20:00:00+00:00,71822.01,72961.0,71644.19,72344.74,5928.4941,0.0001,0.00030000000000000003,0.00088371,0.304607986959702,0,0,29456.842,27494.247,1962.5950000000012,0.5172305309210155,0.5057653055764944,0.20344958858576276,2401.6479999999938,80.38459999999904,731036,1,0,0,0
2024-10-31 00:00:00+00:00,72344.75,72599.99,72030.08,72353.74,2955.82677,0.0001,0.00030000000000000003,0.0008894600000000001,0.304607986959702,0,0,9804.205,10161.799,-357.59400000000096,0.4910449281689015,0.5001721107808482,-0.7726421105024344,2176.721999999998,56.03959999999861,337751,0,1,0,0
2024-10-31 04:00:00+00:00,72353.75,72478.0,72150.0,72417.19,2300.55532,0.0001,0.00030000000000000003,0.0008894600000000001,0.304607986959702,0,0,5898.374,6523.442000000001,-625.0680000000011,0.47483991068616693,0.4965349476065704,-1.4363384870019835,979.9329999999991,283.7971999999983,215692,0,1,0,0
2024-10-31 08:00:00+00:00,72417.19,72700.0,72149.79,72226.0,3129.22143,0.0001,0.00030000000000000003,0.00088946,0.304607986959702,0,0,12431.643,13161.367999999999,-729.7249999999985,0.48574366650332784,0.4929207957603599,-0.9504200736602817,-1712.3870000000006,164.38579999999965,337118,1,0,0,0
2024-10-31 12:00:00+00:00,72226.0,72276.0,70431.77,70620.0,10391.35314,0.0001,0.00030000000000000003,0.00088946,0.304607986959702,0,0,51560.123,57337.426,-5777.303,0.4734736775388765,0.4895433031043985,-1.358450830543455,-7132.096,-1105.4189999999999,1335799,1,0,0,0
2024-10-31 16:00:00+00:00,70620.01,70949.51,70036.0,70092.07,5987.52232,0.0001,0.00030000000000000003,0.0009000000000000001,0.304607986959702,0,0,25710.662,28438.376999999997,-2727.7149999999965,0.47481289557142464,0.4889586905638416,-1.2188411421541334,-9234.742999999995,-2043.4809999999993,806503,1,0,0,0
2024-10-31 20:00:00+00:00,70092.07,70654.76,69685.76,70292.01,4587.62399,0.0001,0.00030000000000000003,0.0009000000000000001,0.304607986959702,0,0,17327.493,18130.416,-802.9230000000025,0.48867780105138175,0.4884743402931182,-0.6659333605390129,-9307.940999999999,-2132.5467999999996,545595,0,1,0,0
2024-11-01 00:00:00+00:00,70292.01,70470.0,68830.0,69369.99,6736.08255,0.0001,0.00030000000000000003,0.0009000000000000001,0.304607986959702,0,0,27596.009,34147.16,-6551.151000000005,0.4469483741594151,0.48629386304491895,-1.9737239877806207,-10081.789000000004,-3317.7634000000007,829968,1,0,0,0
2024-11-01 04:00:00+00:00,69369.99,69699.14,69080.0,69273.7,3840.13342,0.0001,0.00030000000000000003,0.0009000000000000001,0.304607986959702,0,0,10844.889,11134.607,-289.71800000000076,0.49340935752120973,0.485729734135418,-0.44812792807351065,-7643.792000000009,-3229.762000000001,368433,1,0,0,0
2024-11-01 08:00:00+00:00,69273.7,70228.0,69237.26,70002.01,4258.62726,0.0001,0.00030000000000000003,0.0009000000000000001,0.304607986959702,0,0,17136.025,16163.163999999997,972.8610000000044,0.5146078782879667,0.4860789020409686,0.34392977231419136,-5868.008000000002,-1879.7292000000002,471235,1,0,0,0
2024-11-01 12:00:00+00:00,70002.01,71632.95,69044.0,69387.77,12583.25292,0.0001,0.00030000000000000003,0.0009000000000000001,0.304607986959702,0,0,64059.415,68555.51699999999,-4496.101999999992,0.48304828147104883,0.48266067709597194,-0.78167616875467,-3812.958999999988,-2233.4065999999993,1513133,1,0,0,0
2024-11-01 16:00:00+00:00,69387.78,70515.16,68820.14,69268.0,8722.26319,0.0001,0.00030000000000000003,0.0009000000000000001,0.304607986959702,0,0,40619.951,41459.122,-839.1710000000021,0.4948880331531035,0.4830449875943922,-0.3059206515820169,-4362.411999999989,-2240.656199999999,1086396,1,0,0,0
2024-11-01 20:00:00+00:00,69268.0,69627.0,68854.5,69496.01,2161.50821,0.0001,0.00030000000000000003,0.0009000000000000001,0.304607986959702,0,0,10148.9,10726.329,-577.4290000000001,0.48616951699068783,0.48417794822484417,-0.6262386381072352,-5912.701999999994,-1045.911799999998,349025,0,1,0,0
2024-11-02 00:00:00+00:00,69496.0,69914.37,69479.91,69599.99,1888.97948,0.0001,0.00030000000000000003,0.0009000000000000001,0.304607986959702,0,0,6987.654,6408.892,578.7620000000006,0.5216011649569972,0.48776369807021114,0.7241346635968112,-837.8380000000016,-872.2157999999978,232441,1,0,0,0
2024-11-02 04:00:00+00:00,69599.99,69823.94,69446.0,69813.91,1298.14761,0.0001,0.00030000000000000003,0.0009000000000000001,0.304607986959702,0,0,4837.183,4642.883000000001,194.29999999999927,0.5102478189497837,0.4914411122113019,0.3268362212037986,195.6329999999998,-1027.9279999999987,178992,1,0,0,0
2024-11-02 08:00:00+00:00,69813.91,69838.62,69417.88,69608.0,1279.6003,0.0001,0.00030000000000000003,0.0009000000000000001,0.304607986959702,0,0,4679.165,5240.711,-561.5460000000003,0.4716959163602448,0.491129414290184,-1.12308982289419,211.51599999999962,-241.0168000000005,189281,1,0,0,0
2024-11-02 12:00:00+00:00,69608.0,69711.59,69000.14,69393.17,3365.13104,0.0001,0.00030000000000000003,0.0009000000000000001,0.304607986959702,0,0,12390.202,13310.993,-920.7910000000011,0.4820866111478474,0.49047029529983044,-0.6786874042080138,-1288.037000000002,-257.3408000000003,426516,1,0,0,0
2024-11-02 16:00:00+00:00,69393.18,69616.0,69215.0,69510.0,1553.51785,0.0001,0.00030000000000000003,0.0009000000000000001,0.304607986959702,0,0,6004.052,5940.477000000001,63.57499999999891,0.5026612602305206,0.496041583906941,0.192975208958411,-1418.7620000000024,-129.1400000000005,218279,1,0,0,0
2024-11-02 20:00:00+00:00,69510.0,69571.99,69149.0,69374.74,1136.29615,0.0001,0.00030000000000000003,0.0009000000000000001,0.304607986959702,0,0,3669.175,5202.718,-1533.5429999999997,0.413572954497986,0.4880579436046187,-3.03654183698359,-2390.759000000002,-551.6010000000006,156155,1,0,0,0
2024-11-03 00:00:00+00:00,69374.74,69391.0,67864.16,68379.89,5846.4092,0.0001,0.00030000000000000003,0.0009000000000000001,0.304607986959702,0,0,23806.031,29459.066000000003,-5653.0350000000035,0.4469349037325511,0.4812906461490771,-1.6582401084121103,-7123.003000000004,-1721.0680000000011,710297,1,0,0,0
2024-11-03 04:00:00+00:00,68379.9,68771.58,68303.99,68397.42,1961.6419,0.0001,0.00030000000000000003,0.0009000000000000001,0.304607986959702,0,0,9937.479,10760.702000000001,-823.2230000000018,0.4801136389714632,0.4809971818991185,-0.370049004737805,-8009.801000000005,-1773.4034000000015,320821,0,1,0,0
2024-11-03 08:00:00+00:00,68397.42,68603.58,68200.01,68358.86,2460.80349,0.0001,0.00030000000000000003,0.0009000000000000001,0.30460798695970065,0,0,8976.188,8883.193000000001,92.99499999999898,0.5026035336835022,0.48176873195215836,0.594297451633889,-6383.263000000006,-1570.6462000000015,287965,0,1,0,0
2024-11-03 12:00:00+00:00,68358.86,68560.0,67478.73,68090.9,6042.77974,0.0001,0.00030000000000000003,0.0009000000000000001,0.30460798695970065,0,0,28138.628,29416.363,-1277.7350000000006,0.48889987664145407,0.482041767917235,0.055651203022799245,-2007.9630000000034,-1838.9082000000012,779944,1,0,0,0
2024-11-03 16:00:00+00:00,68090.91,68693.81,67667.21,68679.0,4811.23179,0.0001,0.00030000000000000003,0.0009000000000000001,0.304607986959702,0,0,21943.269,21274.822,668.4470000000001,0.5077334165453999,0.48065499307607534,0.8943929295963088,-516.2930000000015,-1398.5102000000013,610504,1,0,0,0
2024-11-03 20:00:00+00:00,68679.0,69358.0,68492.82,68775.99,3872.83631,0.0001,0.00030000000000000003,0.0009000000000000001,0.304607986959702,0,0,17672.978,16208.657000000003,1464.3209999999963,0.521609361531697,0.4817911473342666,1.4396234763768165,855.0329999999958,24.960999999998602,531547,1,0,0,0
2024-11-04 00:00:00+00:00,68775.99,69500.0,68240.61,69047.86,3531.81884,0.0001,0.00030000000000000003,0.0009000000000000001,0.304607986959702,0,0,16414.891,15376.231,1038.6599999999999,0.5163356927132047,0.4862551249695626,1.1404912480191443,3171.4279999999962,397.33759999999893,537160,1,0,0,0
2024-11-04 04:00:00+00:00,69047.86,69401.55,68618.0,68618.0,2753.25815,0.0001,0.00030000000000000003,0.0009000000000000001,0.304607986959702,0,0,9835.923,11484.234999999999,-1648.311999999998,0.4613438136809305,0.48418084522287097,-1.0694804070745718,854.668999999998,49.07619999999952,339797,1,0,0,0
2024-11-04 08:00:00+00:00,68618.0,69036.0,68470.0,68792.71,3061.68173,0.0001,0.00030000000000000003,0.0009000000000000001,0.304607986959702,0,0,12026.737,13334.911000000002,-1308.1740000000027,0.4742096018365998,0.4813356793834789,-0.5577843117458476,-1917.826000000001,42.98839999999909,458782,0,1,0,0
2024-11-04 12:00:00+00:00,68792.72,69264.52,68202.99,68646.01,6502.898,0.0001,0.00030000000000000003,0.0009000000000000001,0.304607986959702,0,0,23039.286,24039.766000000003,-1000.4800000000032,0.48937446743829927,0.48891583067751015,0.07392520685583928,-3956.966000000004,-290.79700000000156,741031,1,0,0,0
2024-11-04 16:00:00+00:00,68646.01,68814.32,67251.5,67856.0,7022.60435,0.0001,0.00030000000000000003,0.0009000000000000001,0.304607986959702,0,0,33194.184,33624.028,-429.8439999999973,0.49678348172501235,0.49390068847675633,0.4022131678310866,-2738.4980000000032,-669.6300000000003,878681,1,0,0,0
2024-11-04 20:00:00+00:00,67856.01,68106.07,66835.0,67850.01,6928.1308,0.0001,0.00030000000000000003,0.0009000000000000001,0.304607986959702,0,0,26093.998,26447.976000000002,-353.9780000000028,0.4966314741048747,0.4955524719900974,0.435277264420725,-1784.3020000000033,-948.1576000000008,729392,1,0,0,0
2024-11-05 00:00:00+00:00,67850.01,68255.0,67476.63,68243.0,3631.30352,0.0001,0.00030000000000000003,0.0009000000000000001,0.2984548494034608,0,0,13339.558,12857.151999999998,482.4060000000027,0.5092073775676412,0.49621285637851137,0.9306485317618418,-301.41599999999744,-522.0140000000007,431058,1,0,0,0
2024-11-05 04:00:00+00:00,68243.01,68976.0,68218.51,68893.99,3527.68448,0.0001,0.00030000000000000003,0.0009000000000000001,0.2984548494034608,0,0,13360.281,11259.169,2101.112000000001,0.5426717899871849,0.5015900477130845,2.0702157122947624,2229.540000000001,159.84320000000008,395098,1,0,0,0
2024-11-05 08:00:00+00:00,68894.0,69100.0,68615.11,68810.03,3105.13722,0.0001,0.00030000000000000003,0.0009000000000000001,0.2984548494034608,0,0,11547.186,12565.114,-1017.9279999999999,0.47889193482164705,0.4987058995407091,-0.39251473974139967,1565.5900000000038,156.35360000000074,373003,1,0,0,0
2024-11-05 12:00:00+00:00,68810.03,70325.06,68666.0,69639.99,9273.82987,0.0001,0.00030000000000000003,0.0009000000000000001,0.2893301374816886,0,0,42827.585,42379.301,448.28399999999965,0.5026305620416641,0.4968080195917059,0.48902789085469095,1531.4680000000008,331.9792000000001,1112935,1,0,0,0
2024-11-05 16:00:00+00:00,69640.0,70577.91,68732.77,68995.99,8251.89006,0.0001,0.00030000000000000003,0.0009000000000000001,0.2893301374816886,0,0,34843.305,37352.331,-2509.025999999998,0.482623423388084,0.4934367926591938,-0.29790058749829834,-3078.6699999999983,-99.03039999999892,973826,1,0,0,0
2024-11-05 20:00:00+00:00,68995.99,69898.02,68786.91,69372.01,5565.22373,0.0001,0.00030000000000000003,0.0009000000000000001,0.2893301374816886,0,0,21084.105,19655.783,1428.3220000000001,0.5175297732777272,0.49905538861887344,1.0053270492554438,-632.4199999999983,90.15280000000057,633946,1,0,0,0
2024-11-06 00:00:00+00:00,69372.01,75000.0,69298.0,74348.53,29431.196937,0.0001,0.00030000000000000003,0.0009000000000000001,0.28933013748168246,0,0,118998.988,101263.63300000002,17735.35499999998,0.5402595658752285,0.5056603850227364,1.748773266259771,16654.650999999983,3217.0013999999965,2853414,1,0,0,0
2024-11-06 04:00:00+00:00,74348.53,75407.1,72727.0,73370.89,26064.898021,0.0001,0.00030000000000000003,0.0009000000000000001,0.28933013748168246,0,0,73068.391,77766.975,-4698.584000000003,0.48442479332068583,0.505165417610975,-0.36560392286073023,14465.092999999979,2480.870199999996,2001333,1,0,0,0
2024-11-06 08:00:00+00:00,73370.89,74475.47,72656.31,74272.01,13990.39249,0.0001,0.00030000000000000003,0.0009000000000000001,0.25137146418725537,0,0,40620.267,39712.787000000004,907.4799999999959,0.5056482354075571,0.5060518929792295,0.4555077668806989,13944.250999999975,2572.709399999995,1200075,1,0,0,0
2024-11-06 12:00:00+00:00,74272.0,74757.58,73488.0,74298.0,13980.04537,0.0001,0.00030000000000000003,0.0009000000000000001,0.25137146418725537,0,0,47625.359,50633.03,-3007.671000000002,0.4846950930571434,0.5048582548744563,-0.3488913532052102,-6798.775000000009,2472.9803999999945,1420466,0,1,0,0
2024-11-06 16:00:00+00:00,74297.99,75850.0,74150.0,75823.55,11500.391072,0.0001,0.00030000000000000003,0.0009000000000000001,0.2513714641872491,0,0,38407.381,33873.666999999994,4533.714000000007,0.5313617063216903,0.5070736877498613,1.3465039159634318,2433.523000000001,3094.058799999996,1007116,1,0,0,0
2024-11-06 20:00:00+00:00,75823.55,76400.0,75507.1,75571.99,9160.070897,0.0001,0.00030000000000000003,0.0009000000000000001,0.2513714641872491,0,0,27015.181,28454.626999999997,-1439.4459999999963,0.4870249595960383,0.5015090047107466,-0.2973127135843873,86.59700000000885,-740.9013999999995,851775,1,0,0,0
2024-11-07 00:00:00+00:00,75571.99,76022.79,75003.83,75048.01,7170.25219,0.0001,0.00030000000000000003,0.0009000000000000001,0.1825646986620256,0,0,20844.765,21544.502999999997,-699.7379999999976,0.49174628351685623,0.5027944395802675,-0.08695059026148573,2394.5300000000134,58.867800000001445,739769,1,0,0,0
2024-11-07 04:00:00+00:00,75048.01,75048.01,74416.0,74757.58,5435.11503,0.0001,0.00030000000000000003,0.0009000000000000001,0.1825646986620256,0,0,16038.274,17102.188000000002,-1063.9140000000025,0.48394841327196947,0.5009262247032981,-0.34955598067451205,-3203.0979999999963,-335.41099999999824,532612,1,0,0,0
2024-11-07 08:00:00+00:00,74757.58,75150.11,74649.54,74746.0,3766.42463,0.0001,0.00030000000000000003,0.0009000000000000001,0.18256469866203262,0,0,10593.477,12047.661999999998,-1454.1849999999977,0.4678862225085055,0.49945250461534013,-0.9490999830946651,-3217.8369999999977,-24.713799999997356,419170,1,0,0,0
2024-11-07 12:00:00+00:00,74745.99,76059.69,74512.19,76059.69,7599.95,0.0001,0.00030000000000000003,0.0009000000000000001,0.18256469866203262,0,0,28224.93,25429.972999999998,2794.957000000002,0.5260456812306603,0.5003040954106335,1.1638498463655793,276.858000000002,-372.4651999999984,850881,1,0,0,0
2024-11-07 16:00:00+00:00,76059.68,76718.99,75555.17,76530.39,13850.283425,0.0001,0.00030000000000000003,0.0009000000000000001,0.0,0,0,42892.129,42867.67599999999,24.453000000008615,0.5001425667887188,0.49629239550198256,0.21104200008542795,1365.225000000013,-79.68539999999739,1229367,1,0,0,0
2024-11-07 20:00:00+00:00,76530.4,76849.99,75494.0,75857.89,7047.39707,0.0001,0.00030000000000000003,0.0009000000000000001,0.0,0,0,21334.839,21754.617,-419.7779999999984,0.4951289939701258,0.49736281556692646,-0.09031529890435266,2399.6320000000123,-23.693399999997563,659275,1,0,0,0
2024-11-08 00:00:00+00:00,75857.89,76358.0,75555.0,75890.79,4416.57747,0.0001,0.00030000000000000003,0.0009000000000000001,0.0,0,0,12825.852,13674.087999999998,-848.2359999999971,0.48399551093323234,0.4951975431194941,-0.7044050105028166,-1243.560999999987,19.442200000003503,518141,0,1,0,0
2024-11-08 04:00:00+00:00,75890.79,76220.0,75686.0,76148.49,5001.36124,0.0001,0.00030000000000000003,0.0009000000000000001,0.0,0,0,10343.586,9818.885000000002,524.7009999999973,0.5130118228068374,0.4980292160944635,0.6668047357820858,-743.3129999999983,415.2194000000025,355869,1,0,0,0
2024-11-08 08:00:00+00:00,76148.49,76320.0,75760.0,75934.46,3321.2486,0.0001,0.00030000000000000003,0.0009000000000000001,0.0,0,0,11010.235,12044.277999999998,-1034.0429999999978,0.4775739569948843,0.4926504411617828,-1.0193500693316027,-1357.5779999999977,-350.5805999999975,386627,1,0,0,0
2024-11-08 12:00:00+00:00,75934.47,76584.6,75630.76,76427.72,9261.36209,0.0001,0.00030000000000000003,0.0009000000000000001,0.0,0,0,28661.482,29718.863,-1057.3810000000012,0.49094403261919745,0.4930423484640988,-0.3764090191150736,-1566.7230000000018,-566.9473999999994,829360,0,1,0,0
2024-11-08 16:00:00+00:00,76427.72,77199.99,75822.07,76912.58,9446.863703,0.0001,0.00030000000000000003,0.0009000000000000001,0.0,0,0,37239.316,35266.174000000006,1973.1419999999925,0.5136068454954238,0.4952284046619556,0.7080341352349496,-118.28200000000652,-88.36340000000128,975878,1,0,0,0
2024-11-08 20:00:00+00:00,76912.58,77097.0,76300.23,76509.78,5073.68648,0.0001,0.00030000000000000003,0.0009000000000000001,0.0,0,0,14202.153,15565.411999999998,-1363.2589999999982,0.47710160370860033,0.49454372370561855,-0.9832867006202697,-447.49800000000687,-191.36800000000147,468860,1,0,0,0
2024-11-09 00:00:00+00:00,76509.78,76639.84,76136.0,76341.47,2498.29713,0.0001,0.00030000000000000003,0.0009000000000000001,0.0,0,0,7474.822,8317.729,-842.9069999999992,0.47331314617885356,0.49508641607265347,-1.0900804137203821,-233.0240000000049,-464.88960000000077,283560,1,0,0,0
2024-11-09 04:00:00+00:00,76341.47,76795.69,76294.0,76529.08,2824.88315,0.0001,0.00030000000000000003,0.0009000000000000001,0.0,0,0,9338.053,8932.719000000001,405.3339999999989,0.511092415799398,0.49359108952952724,0.6751085344528319,-1800.8319999999985,-177.01420000000144,286941,1,0,0,0
2024-11-09 08:00:00+00:00,76529.07,76735.59,76358.91,76487.11,1956.64753,0.0001,0.00030000000000000003,0.0009000000000000001,0.0,0,0,6356.686,6115.749,240.9369999999999,0.509658779540643,0.49454271080471957,0.55465420797376,-196.63600000000042,82.64939999999879,196649,0,1,0,0
2024-11-09 12:00:00+00:00,76487.11,76541.53,76272.72,76319.9,2576.33768,0.0001,0.00030000000000000003,0.0009000000000000001,0.0,0,0,7836.578,7516.602,319.97600000000057,0.510420512232645,0.4960718626309715,0.5569802254687678,966.2469999999994,-247.9837999999996,235145,0,1,0,0
2024-11-09 16:00:00+00:00,76319.91,76700.0,75714.66,76204.92,3958.68374,0.0001,0.00030000000000000003,0.0009000000000000001,0.0,0,0,17116.584,18166.254000000004,-1049.6700000000055,0.48512492107352584,0.49618480364500084,-0.711000865015235,-488.75700000000506,-185.26600000000107,472742,1,0,0,0
2024-11-09 20:00:00+00:00,76204.91,76900.0,76179.0,76677.46,3127.22992,0.0001,0.00030000000000000003,0.0009000000000000001,0.0,0,0,11461.219,9121.039000000002,2340.1799999999967,0.556849447713657,0.5005685661356829,2.4927285624841065,1610.4859999999917,451.3513999999981,341606,1,0,0,0
2024-11-10 00:00:00+00:00,76677.46,77498.0,76492.0,77205.96,6237.464965,0.0001,0.00030000000000000003,0.0009000000000000001,0.0,0,0,23498.86,21548.708,1950.1520000000019,0.5216454748456121,0.5049757179207557,0.8879589206599496,3240.661999999993,760.3149999999987,686229,1,0,0,0
2024-11-10 04:00:00+00:00,77205.97,79788.96,77138.0,78832.37,15561.725502,0.0001,0.00030000000000000003,0.0009000000000000001,0.0,0,0,60954.957,51125.73099999999,9829.22600000001,0.5438488832259846,0.5102662029814343,1.8619882183358247,14119.558000000008,2677.9728000000005,1408459,1,0,0,0
2024-11-10 08:00:00+00:00,78832.36,80040.0,78832.36,79844.01,7359.556072,0.00025603,0.0004560299999999999,0.0010560300000000001,5.294632803112522,0,0,25500.613,23279.774,2220.839,0.5227636467910761,0.5111818831109995,0.8720108555961203,14000.217000000011,3058.1454000000003,686279,1,0,1,0
2024-11-10 12:00:00+00:00,79844.0,80080.0,79200.0,79694.03,9016.63483,0.00025603,0.0004560299999999999,0.0010560300000000001,5.294632803112522,0,0,25855.322,28634.470999999998,-2779.1489999999976,0.47449844413980435,0.51092156715412,-1.192005575421612,9270.916000000012,2712.249600000002,793987,1,0,1,0
2024-11-10 16:00:00+00:00,79694.03,81069.99,79324.59,79748.99,11314.767361,0.00014113,0.00049716,0.00109716,1.1831364511318632,0,0,38366.274,36743.098000000005,1623.1759999999922,0.5108054158674099,0.5146707941229756,0.33730796006297314,1064.8659999999945,2568.848800000001,1011122,1,0,0,0
2024-11-10 20:00:00+00:00,79748.99,81500.0,78473.13,80370.01,12339.951705,0.00014113,0.00049716,0.00109716,1.1831364511318632,0,0,41206.097,40712.994,493.1030000000028,0.5030096952613891,0.5138625220691747,0.018611876957885836,-662.8700000000026,2277.439000000001,1177706,1,0,0,0
2024-11-11 00:00:00+00:00,80370.01,81846.71,80216.01,81612.23,7866.798202,0.00014113,0.00049716,0.00109716,1.1831364511318632,0,0,24035.701,23296.012000000002,739.6889999999985,0.5078138836851309,0.5136780324836235,0.2912635565917173,2855.9679999999935,459.5315999999992,838279,1,0,0,0
2024-11-11 04:00:00+00:00,81612.23,81727.47,80432.0,81109.1,6018.85178,0.00036878,0.0007659399999999999,0.00136594,4.519828705655354,0,0,17825.618,20334.295000000002,-2508.6770000000033,0.46712941929401147,0.5093489231897601,-1.5121050144197075,-1275.885000000002,-486.3716000000015,703872,1,0,1,0
2024-11-11 08:00:00+00:00,81109.11,82380.94,81023.29,82134.0,8046.625461,0.0001,0.0006099099999999999,0.0013659400000000002,-0.27719382360855543,0,0,26732.736,25841.221,891.5149999999994,0.5084786750976343,0.511684298592171,0.33319766493478986,-877.4730000000054,247.76119999999793,793566,1,0,0,0
2024-11-11 12:00:00+00:00,82133.99,84263.51,81460.19,84059.54,17558.062176,0.0001,0.0006099099999999999,0.0013659400000000002,-0.27719382360855543,0,0,74515.756,68516.24000000002,5999.515999999974,0.520972636080671,0.5080966174288724,0.8349499840324661,4382.35399999997,1123.0291999999943,1786387,1,0,0,0
2024-11-11 16:00:00+00:00,84059.53,86650.0,83831.84,86102.21,19271.655334,0.0001,0.0005687799999999998,0.0013659400000000002,-0.27719382360855543,0,0,83940.594,74967.90699999999,8972.687000000005,0.5282322435349133,0.5087552942978024,1.1699663283016772,15863.717999999979,2818.945999999995,1869133,1,0,0,0
2024-11-11 20:00:00+00:00,86102.21,89530.54,86052.0,88647.99,23561.672823,0.0001,0.0005687799999999998,0.0013659400000000002,-0.27719382360855543,0,0,89173.288,84962.294,4210.994000000006,0.5120911359747258,0.5055795195726767,0.4112527547908744,19183.196999999986,3513.2069999999962,2100216,1,0,0,0
2024-11-12 00:00:00+00:00,88648.0,89470.0,86561.35,88047.46,19452.23586,0.0001,0.0005687799999999998,0.0013659400000000002,-0.27719382360855543,0,0,55038.129,57120.159,-2082.029999999999,0.4907183408505665,0.5023749889786255,-0.5496231202091032,11101.651000000013,3598.5363999999972,1680633,1,0,0,0
2024-11-12 04:00:00+00:00,88047.45,89940.0,87700.0,88983.35,13408.122211,0.00049133,0.0006913299999999999,0.00175727,4.100841418514172,0,0,42396.641,40440.30099999999,1956.340000000011,0.5118083789235002,0.5061059824569953,0.361823167436023,4085.3040000000183,3811.5013999999996,1173150,1,0,1,0
2024-11-12 08:00:00+00:00,88983.35,89372.0,85229.0,87155.55,21526.29235,0.00043737,0.0010286999999999998,0.00209464,2.842966452463498,0,0,71746.75,80843.701,-9096.951000000001,0.47019161113823565,0.5020446019840779,-1.5443304725814972,-9222.640999999989,792.2080000000045,2014133,1,0,1,0
2024-11-12 12:00:00+00:00,87155.55,87860.0,85072.0,86632.0,19109.59223,0.00043737,0.0010286999999999998,0.00209464,2.842966452463498,0,0,64629.525,66476.90400000001,-1847.379000000008,0.49295465899692836,0.5010390983576317,-0.4587778260730365,-8987.989999999998,-1371.8051999999982,1854516,1,0,1,0
2024-11-12 16:00:00+00:00,86632.0,89764.38,85730.35,88704.28,14486.43433,0.00038754,0.00131624,0.0023821800000000002,2.095005108029855,0,0,50346.514,47916.056000000004,2430.4579999999987,0.5123671607612136,0.50149442606524,0.42281900532252686,-8513.87200000001,-1727.9123999999997,1359817,1,0,1,0
2024-11-12 20:00:00+00:00,88704.28,89876.94,87379.59,87952.01,9317.21093,0.00038754,0.00131624,0.0023821800000000002,2.095005108029855,0,0,30199.047,32327.857000000004,-2128.810000000005,0.4829768478541653,0.5030791689212555,-0.9083487488927844,-1545.7310000000143,-1737.2684000000008,945106,1,0,1,0
2024-11-13 00:00:00+00:00,87952.0,88562.94,87004.0,87136.0,10008.6189,0.0001,0.0009249099999999999,0.0023821800000000002,-0.43465369232164647,0,0,24417.45,26211.207,-1793.7569999999978,0.4822851611489517,0.500459817526387,-0.9351156408118522,-1492.109000000004,-2487.287800000003,953994,1,0,0,0
2024-11-13 04:00:00+00:00,87136.0,87692.69,86127.99,87356.0,9544.53162,0.0001,0.0009249099999999999,0.0023821800000000002,-0.43465369232164647,0,0,25690.105,26860.502000000004,-1170.3970000000045,0.48886409627961097,0.4972489635462812,-0.5966685715329382,-5092.964000000007,-901.9770000000033,1007123,0,1,0,0
2024-11-13 08:00:00+00:00,87356.01,88083.0,87082.42,87669.39,6000.39557,0.0001,0.0009249099999999999,0.0023821800000000002,-0.43465369232164647,0,0,16531.618,15870.463,661.1549999999988,0.5102023539784374,0.49544597459063355,0.33192412362487156,-2302.9990000000034,-400.2702000000019,663633,1,0,0,0
2024-11-13 12:00:00+00:00,87669.4,92690.0,87502.49,92540.01,25126.849483,0.00013101,0.0006185499999999999,0.0022571600000000002,-0.17142322090087503,0,0,93272.028,85906.373,7365.654999999999,0.5205539701183068,0.49629225800499166,0.7633740453425445,6856.412999999993,586.7691999999981,2458963,1,0,0,0
2024-11-13 16:00:00+00:00,92540.0,93265.64,89969.87,90193.51,22766.283954,0.00021856,0.00044956999999999994,0.0023345900000000005,0.5649089042249766,0,0,70756.887,73856.30099999999,-3099.4139999999898,0.4892837781848776,0.49614880173842285,-0.6426278189655962,4927.396000000008,392.6484000000011,2049229,1,0,0,0
2024-11-13 20:00:00+00:00,90193.5,91184.02,87970.98,90375.2,13317.1746,0.00021856,0.00044956999999999994,0.0023345900000000005,0.5649089042249766,0,0,46465.426,49449.937,-2984.5109999999986,0.4844419553518241,0.49341215938125516,-0.8877548107952777,1281.7300000000105,154.49760000000097,1438443,0,1,0,0
2024-11-14 00:00:00+00:00,90375.21,90566.0,89458.13,89937.02,7354.10555,0.00021856,0.00044956999999999994,0.0023345900000000005,0.5649089042249766,0,0,18196.488,19668.717999999997,-1472.229999999996,0.4805595934167109,0.4944489576091026,-1.0960522004643714,-7556.154999999984,94.13100000000267,771937,1,0,0,0
2024-11-14 04:00:00+00:00,89937.03,90850.0,89104.54,90769.42,6197.35157,0.0001,0.00044956999999999994,0.00206581,-0.4788395649303163,0,0,17732.123,17721.521999999997,10.601000000002387,0.500149505079097,0.49516844221731954,-0.15203614967091506,-4446.139999999992,-35.979799999996615,653698,1,0,0,0
2024-11-14 08:00:00+00:00,90769.42,91657.77,90329.8,91491.86,8132.00542,0.0001,0.0004185599999999999,0.00206581,-0.4788395649303166,0,0,28618.132,29498.389999999996,-880.2579999999944,0.4924267835573506,0.4931744044969332,-0.48957843602118434,-2341.886999999988,-1685.1623999999952,993534,0,1,0,0
2024-11-14 12:00:00+00:00,91491.85,91790.0,87829.57,87947.99,15118.0437,0.0001,0.0004185599999999999,0.00206581,-0.4788395649303166,0,0,50282.831,56154.473999999995,-5871.642999999996,0.47241736344226304,0.492118456055743,-1.3343786498389478,-6741.299999999988,-2239.6081999999965,1784746,1,0,0,0
2024-11-14 16:00:00+00:00,87947.99,89775.24,87526.74,89463.99,8531.95926,0.0001,0.00030000000000000003,0.0020658100000000004,-0.4788395649303166,0,0,29077.053,29924.439,-847.3859999999986,0.4928189443073745,0.4931718343715853,-0.41350098302721794,-7599.286999999989,-1812.1831999999965,1061304,0,1,0,0
2024-11-14 20:00:00+00:00,89463.99,89464.0,86668.21,87325.59,11396.04536,0.0001,0.00030000000000000003,0.0020658100000000004,-0.4788395649303166,0,0,31145.499,36602.011,-5456.511999999999,0.45972905867684294,0.4902583306113085,-1.9064854774183568,-12175.540999999994,-2609.0395999999973,1200337,1,0,0,0
2024-11-15 00:00:00+00:00,87325.59,88473.7,87252.0,88218.21,6032.5219,0.0001,0.00030000000000000003,0.0016744800000000001,-0.4788395649303163,0,0,17296.208,16351.051,945.1569999999992,0.5140450816513761,0.4906426033786023,0.7841636578282539,-5358.740999999998,-2422.128399999998,686946,1,0,0,0
2024-11-15 04:00:00+00:00,88218.22,88391.99,87073.38,87612.0,6883.97605,0.0001,0.00030000000000000003,0.0016744800000000001,-0.4788395649303163,0,0,14087.229,15956.469000000001,-1869.2400000000016,0.46889131291361,0.48547633765813264,-1.4255522263351603,-6380.595000000001,-2619.9247999999993,609571,1,0,0,0
2024-11-15 08:00:00+00:00,87612.01,89771.99,87368.0,89741.25,6640.4585,0.0001,0.00030000000000000003,0.00133711,-0.4788395649303166,0,0,22589.539,22691.853999999996,-102.31499999999505,0.498870231311126,0.48643498297075743,0.2136715170084799,-1026.3979999999974,-1466.059199999999,738846,0,1,0,0
2024-11-15 12:00:00+00:00,89741.24,90709.74,87754.45,88445.41,11903.82559,0.0001,0.00030000000000000003,0.00133711,-0.4788395649303166,0,0,49901.982,50444.148,-542.1659999999974,0.49729852063054153,0.48772063949862926,0.08738684414594124,-2513.720999999994,-1405.0151999999987,1575260,1,0,0,0
2024-11-15 16:00:00+00:00,88445.4,90844.9,88386.99,90377.89,8672.84127,0.00010977,0.0003097699999999999,0.0010593400000000002,-0.39621011085609825,0,0,31062.102,29296.400999999998,1765.701000000001,0.5146267792625672,0.4911273580832149,1.0483606167728674,1121.2200000000084,39.427400000001214,1026002,1,0,0,0
2024-11-15 20:00:00+00:00,90377.89,91850.0,90324.85,91032.07,7794.32737,0.00010977,0.0003097699999999999,0.0010593400000000002,-0.39621011085609825,0,0,22675.577,22079.348,596.2289999999994,0.5066610434494081,0.49177851192024596,0.5941690273496881,1819.7640000000029,-30.35819999999876,785636,1,0,0,0
2024-11-16 00:00:00+00:00,91032.08,91709.06,90850.0,91252.03,4249.95392,0.00010977,0.0003097699999999999,0.0010593400000000002,-0.39621011085609825,0,0,11254.092,11155.047999999999,99.04400000000169,0.5022099018525477,0.4927568237497657,0.3585735846281865,2460.974000000002,363.2986000000019,472446,1,0,0,0
2024-11-16 04:00:00+00:00,91252.04,91779.66,91064.24,91117.53,3028.27512,0.0001,0.0003097699999999999,0.0010593400000000002,-0.4823325233773614,0,0,7922.357,7294.478999999999,627.8780000000006,0.5206310299986147,0.4975781904054008,1.3121391930180488,1323.1510000000017,509.337200000001,327566,0,1,0,0
2024-11-16 08:00:00+00:00,91117.52,91598.13,90993.15,91169.69,3972.70297,0.0001,0.0003097699999999999,0.0010593400000000002,-0.4823325233773614,0,0,7971.737,8889.09,-917.3530000000001,0.4727963225054144,0.4955759282252049,-1.3115600519942718,-190.43099999999777,434.2998000000005,338606,0,1,0,0
2024-11-16 12:00:00+00:00,91169.69,91320.0,90056.17,90521.2,5422.19653,0.0001,0.0003097699999999999,0.0010283300000000003,-0.4823325233773614,0,0,17857.676,19649.406000000003,-1791.7300000000032,0.4761147774705587,0.49721450010457635,-1.0588173245455734,-2081.2050000000027,-277.18640000000033,667291,1,0,0,0
2024-11-16 16:00:00+00:00,90521.2,91396.03,90186.64,91100.24,3466.38119,0.00013231,0.0003323099999999999,0.0009420800000000002,-0.20771840489392224,0,0,11523.538,10870.48,653.0580000000009,0.5145810814298711,0.49726810008242595,1.1823144843204298,-2056.0250000000024,-265.8206,441320,1,0,0,0
2024-11-16 20:00:00+00:00,91100.23,91181.82,90300.0,90586.92,2578.36716,0.00013231,0.0003323099999999999,0.0009420800000000002,-0.20771840489392224,0,0,6908.562,7726.982,-818.4200000000001,0.472039987034305,0.49758296749449543,-1.2279995636948828,-1957.0920000000024,-449.31340000000034,325706,1,0,0,0
2024-11-17 00:00:00+00:00,90587.98,90888.0,89364.0,90247.86,4950.72397,0.00015765,0.0003899599999999999,0.00099973,-0.000586320938981349,0,0,14997.736,16003.268,-1005.5319999999992,0.48378226718076617,0.4960741710814595,-0.527941308946526,-1170.8939999999984,-775.9954000000004,628854,1,0,0,0
2024-11-17 04:00:00+00:00,90247.86,90888.0,90158.56,90550.8,2974.11564,0.00015765,0.0003899599999999999,0.00099973,-0.000586320938981349,0,0,9197.932,9813.492999999999,-615.5609999999979,0.48381076116072314,0.4947253951344776,-0.480654641365598,-2439.512999999997,-715.637,402685,0,1,0,0
2024-11-17 08:00:00+00:00,90550.8,91449.99,90478.99,90684.19,3929.09518,0.0001,0.0003899599999999999,0.00099973,-0.5127287774885276,0,0,12843.509,12970.603000000001,-127.09400000000096,0.49753828448563325,0.4930165456567842,0.28401520230632804,-1748.186999999998,-382.70979999999946,516592,0,1,0,0
2024-11-17 12:00:00+00:00,90684.19,91189.88,89925.91,90260.01,4166.81415,0.0001,0.0003899599999999999,0.00099973,-0.5127287774885276,0,0,14768.123,17332.953,-2564.8300000000017,0.46005071605699444,0.48835551291754287,-1.8110214366763953,-3307.4850000000006,-1026.2874,593954,1,0,0,0
2024-11-17 16:00:00+00:00,90260.01,90640.18,89664.34,90044.0,3112.39163,0.0001,0.0003899599999999999,0.00099973,-0.5127287774885276,0,0,11433.675,13651.219000000001,-2217.5440000000017,0.45579921525679956,0.483714444257968,-1.8676848281094993,-4909.468000000004,-1306.1122000000003,481613,1,0,0,0
2024-11-17 20:00:00+00:00,90044.0,90212.13,88722.0,89855.99,4734.41552,0.00010577,0.00036341999999999993,0.0010055,-0.46357873502619373,0,0,17038.104,17454.177000000003,-416.07300000000396,0.49396860706312806,0.48104820196441944,0.2042392664515387,-5198.447000000007,-1188.2204000000013,645591,1,0,0,0
2024-11-18 00:00:00+00:00,89855.98,90935.44,89617.96,90668.58,3252.23252,0.0001,0.0003057699999999999,0.0010055,-0.5148816657125307,0,0,11635.563,11280.208,355.35499999999956,0.5077535030350931,0.4845439200173872,0.9040586913635071,-2278.262000000006,-994.0372000000018,511627,1,0,0,0
2024-11-18 04:00:00+00:00,90668.58,92300.0,90438.85,91719.9,6378.66485,0.0001,0.0003057699999999999,0.0010055,-0.5148816657125307,0,0,21039.592,17730.23,3309.362000000001,0.5426796130247903,0.4912004035728105,2.407495800623578,3248.6439999999966,-306.74600000000135,677285,1,0,0,0
2024-11-18 08:00:00+00:00,91719.9,92211.99,90051.1,90275.13,6488.59666,0.0003645,0.0005702699999999999,0.0012700000000000003,1.6759988749685504,0,0,20890.749,23191.978,-2301.2289999999994,0.4738987449664809,0.48713216992647135,-0.8592566015728138,1363.4880000000012,-254.02580000000088,783909,1,0,0,0
2024-11-18 12:00:00+00:00,90275.13,92594.0,89376.9,92309.51,12873.97296,0.0003645,0.0005702699999999999,0.0012700000000000003,1.6759988749685504,0,0,48322.692,47336.102999999996,986.5890000000072,0.5051568128158002,0.49044385250462097,0.6946769435526087,1994.7220000000088,386.8008000000009,1545936,1,0,0,0
2024-11-18 16:00:00+00:00,92309.51,92584.95,89667.66,90608.26,9954.79626,0.00021318,0.00067768,0.00137341,0.3629264900621489,0,0,36985.714,41025.905999999995,-4040.1919999999955,0.47410519099590553,0.4894761448861349,-0.8125611766333021,-5354.831999999988,-338.0229999999974,1265700,1,0,0,0
2024-11-18 20:00:00+00:00,90608.26,91980.0,90224.02,90464.08,7596.77123,0.00021318,0.00067768,0.00137341,0.3629264900621489,0,0,26321.908,27796.467,-1474.559000000001,0.48637654031555827,0.48973272280161834,-0.21365603988523213,-4528.161999999989,-704.0057999999975,901252,1,0,0,0
2024-11-19 00:00:00+00:00,90464.07,91529.0,90357.0,91428.0,3575.26612,0.00021606,0.0007937399999999999,0.0014894700000000003,0.35600655940908854,0,0,13269.84,11276.783,1993.0570000000007,0.540597376673769,0.4940386320204319,2.15699303421157,-3521.693999999996,-967.2667999999976,468426,1,0,0,0
2024-11-19 04:00:00+00:00,91428.0,92000.0,91238.09,91620.01,3893.80469,0.00021606,0.0007937399999999999,0.0014894700000000003,0.35600655940908854,0,0,11180.698,11819.7,-639.0020000000004,0.486108892550468,0.4966444496697792,-0.2773163739294072,-120.50400000000081,-634.8213999999978,457810,0,1,0,0
2024-11-19 08:00:00+00:00,91620.0,91950.0,91200.0,91652.02,3730.94665,0.00030216,0.0007313999999999999,0.0016916300000000002,1.021593393469131,0,0,12715.61,12223.673999999999,491.9360000000015,0.5098626728818678,0.5020507954322861,0.7595447625675744,1845.9910000000018,-733.7519999999989,477374,1,0,0,0
2024-11-19 12:00:00+00:00,91652.01,92788.0,90975.8,92391.99,13823.62822,0.00030216,0.0007313999999999999,0.0016916300000000002,1.021593393469131,0,0,49104.597,47230.078,1874.5190000000002,0.5097292018683823,0.5036268549128116,0.7024046563712766,1727.4530000000013,449.1902000000002,1539397,1,0,0,0
2024-11-19 16:00:00+00:00,92391.99,93905.51,92147.12,93227.87,11450.7773,0.00017959,0.0006978099999999999,0.0017389100000000002,-0.03547094794890792,0,0,41032.736,38200.874,2831.8619999999937,0.5178703330568933,0.5046385379149916,1.0115057920744817,5198.3169999999955,1310.4743999999992,1240810,1,0,0,0
2024-11-19 20:00:00+00:00,93227.87,93571.08,91320.0,92310.79,7185.62384,0.00017959,0.0006978099999999999,0.0017389100000000002,-0.03547094794890792,0,0,26892.552,28584.889,-1692.3369999999995,0.4847475210689693,0.4988453287194095,-0.5049989238982975,3014.0439999999944,573.3955999999991,882823,1,0,0,0
2024-11-20 00:00:00+00:00,92310.8,92418.68,91500.0,92039.99,4096.22399,0.00017959,0.0006978099999999999,0.0017389100000000002,-0.03547094794890792,0,0,12523.455,13897.974,-1374.5190000000002,0.47398855678850677,0.49885430990161206,-0.9345015595446444,-234.99400000000605,426.2921999999991,518087,1,0,0,0
2024-11-20 04:00:00+00:00,92039.99,92851.09,91850.0,92850.38,3477.17855,0.0001,0.0005817499999999998,0.00168126,-0.7128060600538978,0,0,10628.619,10502.479999999998,126.13900000000285,0.5029846767553359,0.4986370962955656,0.3476951661711625,-2940.716999999997,353.1327999999994,386302,1,0,0,0
2024-11-20 08:00:00+00:00,92850.38,93669.98,92720.0,93454.65,6216.74888,0.0001,0.00037958999999999985,0.00168126,-0.6677268041249368,0,0,20507.758,19599.123,908.635000000002,0.5113276696834143,0.5023593441643165,0.7124508123769532,-339.74499999999534,159.95599999999976,668337,1,0,0,0
2024-11-20 12:00:00+00:00,93454.65,94807.62,93314.49,94739.97,12702.544432,0.0001,0.00037958999999999985,0.00168126,-0.6677268041249368,0,0,49154.109,47113.273,2040.8359999999957,0.5105998312076254,0.5047816732535232,0.6531356139293235,3075.6100000000006,1.750800000000163,1441841,1,0,0,0
2024-11-20 16:00:00+00:00,94739.98,94831.97,93138.0,94000.0,10761.1069,0.0001,0.00030000000000000003,0.0016754900000000002,-0.652254520084344,0,0,38341.804,39961.251,-1619.4470000000001,0.48965910717021194,0.4996878463031675,-0.27574863405435956,1330.0239999999976,16.328800000000047,1436413,1,0,0,0
2024-11-20 20:00:00+00:00,94000.0,94599.98,93770.07,94286.56,4949.39596,0.0001,0.00030000000000000003,0.0016754900000000002,-0.652254520084344,0,0,14742.994,13071.387,1671.607,0.5300493295177052,0.5040818899998912,1.5106707455345665,2092.9959999999955,625.5540000000001,542040,1,0,0,0
2024-11-21 00:00:00+00:00,94286.56,95904.0,94040.0,95798.12,9339.057505,0.0001,0.00030000000000000003,0.0016754900000000002,-0.652254520084344,0,0,33311.031,27829.416999999994,5481.614000000009,0.5448280490192026,0.5075784276136248,1.9619065195070553,5533.7740000000085,1696.6490000000013,991043,1,0,0,0
2024-11-21 04:00:00+00:00,95798.12,97852.0,95798.11,96912.01,13220.183819,0.0001,0.00030000000000000003,0.0016754900000000002,-0.6016288034017117,0,0,44019.401,39880.346000000005,4139.054999999993,0.5246666715216673,0.5090721745789533,1.1089089048124159,11292.276000000002,2342.7329999999993,1383517,1,0,0,0
2024-11-21 08:00:00+00:00,96912.01,98384.86,96723.96,97974.99,10048.90103,0.0001,0.00030000000000000003,0.0014109900000000002,-0.6016288034017119,0,0,28282.499,26627.132999999998,1655.3660000000018,0.5150735484805289,0.5087924961213168,0.6606268935660764,11276.035000000003,2265.6390000000006,927583,1,0,0,0
2024-11-21 12:00:00+00:00,97975.0,98250.0,95600.0,96672.0,16850.11898,0.0001,0.00030000000000000003,0.0014109900000000002,-0.6016288034017119,0,0,49909.925,54048.443,-4138.517999999996,0.4800953108459725,0.5083272750990171,-0.8164281087945312,1655.9029999999984,1761.8248000000015,1660910,1,0,0,0
2024-11-21 16:00:00+00:00,96672.0,98988.0,96276.69,97829.83,13009.781133,0.0001,0.00030000000000000003,0.0014109900000000002,-0.6016288034017119,0,0,39590.924,36604.183000000005,2986.7409999999945,0.5195992965795034,0.5128883490781168,0.8377225520706824,503.58899999999994,2024.8516000000004,1280031,1,0,0,0
2024-11-21 20:00:00+00:00,97829.84,98723.65,97533.18,98317.12,6760.31801,0.0001,0.00030000000000000003,0.00129781,-0.6016288034017119,0,0,18820.533,19459.301000000003,-638.7680000000037,0.4916565991378123,0.5117555413163644,-0.36966582891224375,-1790.5450000000055,800.7751999999979,662431,0,1,0,0
2024-11-22 00:00:00+00:00,98317.12,99299.99,97840.0,98836.5,7532.474903,0.0001,0.00030000000000000003,0.00118175,-0.5739158046635293,0,0,19490.78,19125.823000000004,364.9569999999949,0.5047253897501031,0.5110953133230333,0.16208700142684587,2712.9299999999857,45.95559999999823,677764,1,0,0,0
2024-11-22 04:00:00+00:00,98836.49,99419.99,98517.21,99173.7,6632.8656,0.0001,0.00030000000000000003,0.00118175,-0.5739158046635293,0,0,16208.98,16616.681999999997,-407.7019999999975,0.49378988914222055,0.5094143191164928,-0.32777209028663246,-681.5130000000063,-366.6580000000016,574692,0,1,0,0
2024-11-22 08:00:00+00:00,99173.7,99267.19,98219.84,98870.38,6290.74803,0.0001,0.00030000000000000003,0.0009795900000000002,-0.5460921768001311,0,0,16557.401,16886.056,-328.65499999999884,0.49508640808275295,0.509957049207747,-0.26748336739839673,-371.40000000000146,395.3145999999979,543265,1,0,0,0
2024-11-22 12:00:00+00:00,98870.39,98949.0,97122.11,98664.0,11263.93551,0.0001,0.00030000000000000003,0.0009795900000000002,-0.5460921768001311,0,0,37511.225,39853.521,-2342.296000000002,0.4848619938595804,0.5054383156419344,-0.7870225916303487,-3078.6529999999984,-670.4928000000015,1334960,1,0,0,0
2024-11-22 16:00:00+00:00,98663.99,99588.01,98220.0,99079.74,9541.05621,0.0001,0.00030000000000000003,0.0009795900000000002,-0.5460921768001311,0,0,26364.557,28164.000999999997,-1799.4439999999959,0.4834999854571618,0.4993055092857303,-0.9568001608910659,-4470.394999999997,-902.6279999999999,905563,0,1,0,0
2024-11-22 20:00:00+00:00,99079.74,99449.0,98535.0,98892.0,4928.22899,0.0001,0.00030000000000000003,0.0009000000000000001,-0.5179651866453341,0,0,14294.329,14700.712000000001,-406.38300000000163,0.4929921982176193,0.4961380619553255,-0.48855403958948546,-4548.123,-1056.8959999999993,519259,1,0,0,0
2024-11-23 00:00:00+00:00,98892.0,98908.85,98300.0,98666.67,3918.314,0.0001,0.00030000000000000003,0.0009000000000000001,-0.5179651866453336,0,0,8733.404,8520.426000000001,212.97799999999916,0.5061719050205085,0.4952478976093235,0.16102731040795742,-1992.8489999999983,-932.7599999999999,359116,0,1,0,0
2024-11-23 04:00:00+00:00,98666.66,98800.0,98284.61,98560.85,3360.38068,0.0001,0.00030000000000000003,0.0009000000000000001,-0.5179651866453336,0,0,6934.968,7120.104,-185.13600000000042,0.49341390780495464,0.49657975730522164,-0.4128351962444798,-378.5410000000029,-904.0562000000002,270075,1,0,0,0
2024-11-23 08:00:00+00:00,98560.84,98623.76,98300.0,98429.99,3176.75105,0.0001,0.00030000000000000003,0.0009000000000000001,-0.500155522534577,0,0,6274.502,5510.688,763.8140000000003,0.5324056718644332,0.49786039483371464,1.5305410533085697,791.655999999999,-282.83419999999967,242495,0,1,0,0
2024-11-23 12:00:00+00:00,98430.0,98847.68,98400.0,98400.0,4138.68982,0.0001,0.00030000000000000003,0.0009000000000000001,-0.500155522534577,0,0,9027.619,10188.050000000001,-1160.4310000000005,0.46980508459008113,0.4956752433789416,-1.6088986532282727,-581.7530000000006,-155.03160000000062,333142,1,0,0,0
2024-11-23 16:00:00+00:00,98400.01,98459.56,97336.06,97504.0,7486.78427,0.0001,0.00030000000000000003,0.0009000000000000001,-0.4526341904651458,0,0,18568.336,21740.939000000002,-3172.603000000003,0.46064673701027864,0.49126737810495913,-1.9669889106634038,-3569.220000000003,-708.2756000000008,712051,1,0,0,0
2024-11-23 20:00:00+00:00,97504.0,98015.82,97136.0,97672.4,2676.92385,0.0001,0.00030000000000000003,0.0009000000000000001,-0.4526341904651458,0,0,8294.967,9444.418999999998,-1149.4519999999975,0.4676016971500593,0.488648558905743,-1.547468407871354,-5482.486000000001,-980.7616000000002,341912,0,1,0,0
2024-11-24 00:00:00+00:00,97672.4,98564.0,97620.74,98200.1,3989.58138,0.0001,0.00030000000000000003,0.0009000000000000001,-0.4526341904651458,0,0,8942.466,8245.162,697.3040000000001,0.5202850562043815,0.4911684237179058,0.973603808766532,-3624.751,-804.2736000000001,333498,1,0,0,0
2024-11-24 04:00:00+00:00,98200.1,98431.06,97872.2,98431.05,3583.35015,0.0001,0.00030000000000000003,0.0009000000000000001,-0.4526341904651454,0,0,6010.629,6545.62,-534.991,0.47869622528192934,0.49055184686014075,-1.0265570320620847,-987.1389999999974,-1064.0346000000002,261842,0,1,0,0
2024-11-24 08:00:00+00:00,98431.05,98472.98,97239.29,97280.03,3606.92172,0.00016148,0.00036147999999999985,0.0009614800000000002,0.4633112920128696,0,0,9605.366,10948.702,-1343.3359999999993,0.4673218946244607,0.4889340377768706,-1.4537339843785932,-1181.0229999999992,-1100.6155999999999,417817,1,0,0,0
2024-11-24 12:00:00+00:00,97280.04,97606.52,95900.01,95901.51,9382.31921,0.00016148,0.00036147999999999985,0.0009614800000000002,0.4633112920128696,0,0,28026.842,32323.423,-4296.580999999998,0.46440296492484334,0.48607511444759305,-1.4667172717034485,-6174.907999999998,-1325.411199999999,1074815,1,0,0,0
2024-11-24 16:00:00+00:00,95901.52,96747.98,95734.77,96320.02,5662.8696,0.00023228,0.0004937599999999998,0.00109376,1.4366855460868484,0,0,17297.82,15304.175,1993.6450000000004,0.5305755061921824,0.4885154745647604,1.4490846902180001,-3646.271999999997,-696.7917999999994,618958,1,0,0,0
2024-11-24 20:00:00+00:00,96320.01,98369.46,96195.47,97900.04,4975.93632,0.00023228,0.0004937599999999998,0.00109376,1.4366855460868484,0,0,14636.054,15232.580999999998,-596.5269999999982,0.49001415699110457,0.4881754994833754,-0.3378699507013772,-2899.462999999996,-955.5579999999991,566638,0,1,0,0
2024-11-25 00:00:00+00:00,97900.05,98050.0,96888.0,97898.8,3838.26336,0.00021035,0.0006041099999999998,0.00120411,1.0399905681269022,0,0,11090.152,11842.689,-752.5370000000003,0.4835925910793172,0.48329419140486385,-0.6423575823895505,644.581000000002,-999.0671999999992,539425,1,0,0,0
2024-11-25 04:00:00+00:00,97898.81,98376.99,97491.66,98047.34,5230.71565,0.00021035,0.0006041099999999998,0.00120411,1.0399905681269022,0,0,9903.125,10452.285,-549.1599999999999,0.4865107114030128,0.48496475408615697,-0.48628575098838406,-1898.2239999999983,-840.2319999999993,423456,0,1,0,0
2024-11-25 08:00:00+00:00,98047.34,98871.8,97850.0,98188.09,5195.73129,0.0001,0.0005426299999999998,0.00120411,-0.579887466964897,0,0,16809.741,15928.313999999998,881.4270000000033,0.5134618107276074,0.49024626145788985,0.7054351810729154,-420.2699999999968,195.36960000000107,525793,1,0,0,0
2024-11-25 12:00:00+00:00,98188.09,98313.08,94525.0,96000.56,14345.48831,0.0001,0.0005426299999999998,0.00120411,-0.579887466964897,0,0,52696.086,60045.551,-7349.4649999999965,0.4674057198584051,0.4902266637287244,-1.2428230776717724,-7017.197999999993,-1673.2523999999983,1561644,1,0,0,0
2024-11-25 16:00:00+00:00,96000.57,96500.0,94400.0,94669.48,10283.14008,0.00025233,0.0005626799999999999,0.0013564400000000002,1.5244817070236878,0,0,30430.674,34441.538,-4010.8640000000014,0.46908642486246654,0.4851068005945329,-1.1162329761732985,-10478.901999999995,-2356.119799999999,1073476,1,0,0,0
2024-11-25 20:00:00+00:00,94669.49,95300.0,92600.19,93010.01,11954.11227,0.00025233,0.0005626799999999999,0.0013564400000000002,1.5244817070236878,0,0,35726.407,40008.458999999995,-4282.051999999996,0.4717299823307273,0.48441017629941274,-0.9439891950758452,-15642.380999999994,-3062.022799999998,1206611,1,0,0,0
2024-11-26 00:00:00+00:00,93010.01,94923.69,92727.9,94464.0,6245.66011,0.00021902,0.0005713499999999999,0.00147546,0.9880044390152246,0,0,19813.916,19731.666,82.25,0.5010399391770236,0.48778198075466905,0.4310954814125558,-8210.665999999997,-2935.740799999998,657899,1,0,0,0
2024-11-26 04:00:00+00:00,94464.0,94973.37,93500.08,93785.71,4722.02616,0.00021902,0.0005713499999999999,0.00147546,0.9880044390152246,0,0,11820.384,12827.931999999999,-1007.5479999999989,0.4795615246088212,0.4892978367230668,-0.543550523195416,-5207.349999999995,-3313.5357999999987,473105,1,0,0,0
2024-11-26 08:00:00+00:00,93785.72,93785.72,91466.52,92356.85,13592.93588,0.00017936,0.0006507099999999999,0.0015548200000000002,0.39972419308093393,0,0,42855.855,47375.40099999999,-4519.5459999999875,0.474955762557489,0.4837358623595975,-0.7187356775210816,-5444.843999999986,-2747.551999999997,1437544,1,0,0,0
2024-11-26 12:00:00+00:00,92356.84,93559.0,91739.7,92813.0,13179.13015,0.00017936,0.0006507099999999999,0.0015548200000000002,0.39972419308093393,0,0,36871.449,36954.727999999996,-83.278999999995,0.4994359791920419,0.4846780445796912,0.48657019706187793,-5610.372999999981,-1962.0349999999955,1311010,0,1,0,0
2024-11-26 16:00:00+00:00,92812.99,94685.6,91554.11,91683.89,10628.56926,0.00029599,0.0006943699999999998,0.00175081,1.839579694882947,0,0,33685.627,33599.422,86.20500000000175,0.5006405955058456,0.4863828450223441,0.6004762745742233,-4516.619999999981,-1088.383599999996,1223600,0,1,0,0
2024-11-26 20:00:00+00:00,91683.9,92364.0,90791.1,91965.16,9490.40982,0.00029599,0.0006943699999999998,0.00175081,1.839579694882947,0,0,24139.36,25253.493000000002,-1114.1330000000016,0.48872171850449697,0.48660394573249255,-0.018845112454647834,-1111.2069999999949,-1327.6601999999962,918463,0,1,0,0
2024-11-27 00:00:00+00:00,91965.16,93037.38,91792.14,92588.0,5555.58018,0.00031205,0.0007873999999999998,0.00196286,1.8573015720196868,0,0,14480.605,15723.130000000001,-1242.5250000000015,0.47943093792870317,0.4832008584526021,-0.4653814345279702,-2270.4530000000013,-1374.6555999999969,603749,0,1,0,0
2024-11-27 04:00:00+00:00,92588.0,93648.0,92361.66,93597.16,4840.27212,0.00031205,0.0007873999999999998,0.00196286,1.8573015720196868,0,0,11415.364,11729.269999999999,-313.90599999999904,0.4932186009076661,0.4857821465575281,0.26425336077010414,-2670.564000000002,-533.5275999999991,454405,0,1,0,0
2024-11-27 08:00:00+00:00,93597.16,93885.6,93109.12,93367.99,3994.01189,0.00016795,0.0007759899999999998,0.00196933,0.05251989355061677,0,0,10727.041,10790.453,-63.41200000000026,0.49852650127380077,0.4887261541986616,0.5372311875011836,-1619.8430000000008,-529.5542000000002,431967,1,0,0,0
2024-11-27 12:00:00+00:00,93367.99,95850.0,92847.84,95556.01,9868.59893,0.00016795,0.0007759899999999998,0.00196933,0.05251989355061677,0,0,35249.183,32601.563000000002,2647.6199999999953,0.5195106182030776,0.4935042177858966,1.516945812358968,2270.301999999996,-17.271200000001407,1068134,1,0,0,0
2024-11-27 16:00:00+00:00,95556.0,96631.68,95184.79,96627.99,9525.88556,0.00016795,0.0007759899999999998,0.00196933,0.05251989355061677,0,0,27560.938,27043.361,517.5769999999975,0.504739342959059,0.49387415816410013,0.7290028317940442,3101.7849999999926,309.0707999999984,896244,1,0,0,0
2024-11-27 20:00:00+00:00,96627.99,97208.21,95731.72,95863.11,7369.07866,0.0001,0.0005799999999999999,0.00183705,-0.7904076745712477,0,0,20175.167,19509.911999999997,665.2550000000047,0.5083816766498059,0.4967561733681986,0.8740257917443108,3830.4519999999975,690.6267999999997,616669,0,1,0,0
2024-11-28 00:00:00+00:00,95863.11,96564.0,94822.54,95471.43,6275.70277,0.0001,0.0003679499999999998,0.0017267,-0.7904076745712477,0,0,14848.081,15877.464999999998,-1029.3839999999982,0.48324872729682333,0.497585469842132,-0.3340591002323497,153.44800000000396,547.5311999999998,567256,1,0,0,0
2024-11-28 04:00:00+00:00,95471.44,95922.39,95063.15,95299.66,5014.99892,0.0001,0.0003679499999999998,0.0017267,-0.7904076745712477,0,0,10621.812,10417.675000000001,204.1369999999988,0.504851282733272,0.49812700019625505,0.7182068555736497,-159.99199999999473,601.0409999999996,382819,0,1,0,0
2024-11-28 08:00:00+00:00,95299.66,95780.0,94640.0,95452.01,4752.0259,0.00014326,0.00034325999999999985,0.0017699600000000001,-0.18203914800245546,0,0,14042.439,13976.637,65.80199999999968,0.5011742357242616,0.49818036421809664,0.6346864667097954,-759.4449999999997,84.67740000000049,504350,1,0,0,0
2024-11-28 12:00:00+00:00,95452.0,96221.8,94900.0,95007.14,5548.28802,0.00014326,0.00034325999999999985,0.0017699600000000001,-0.18203914800245546,0,0,17972.804,17822.054,150.75,0.5021057493788633,0.4995187673055333,0.6347805320736363,420.6889999999985,11.312000000000989,671623,0,1,0,0
2024-11-28 16:00:00+00:00,95007.15,95435.68,94817.0,95119.48,3678.82621,0.00011859,0.0003618499999999999,0.0016362200000000003,-0.48906950109718905,0,0,9610.197,9137.169000000002,473.0279999999984,0.5126158522749276,0.5028372587401557,1.1369709537382469,689.5799999999981,-27.133400000000258,354328,1,0,0,0
2024-11-28 20:00:00+00:00,95119.48,96023.48,94698.0,95643.98,3544.70175,0.00011859,0.0003618499999999999,0.0016362200000000003,-0.48906950109718905,0,0,10723.33,8957.363,1765.9670000000006,0.5448654678979038,0.5080019454391795,2.5280297945125696,2389.744999999999,531.9367999999995,336805,1,0,0,0
2024-11-29 00:00:00+00:00,95643.99,96859.0,95364.99,96590.36,3208.77651,0.00020619,0.00046803999999999986,0.0016233900000000002,0.763158024162456,0,0,12882.443,12077.165,805.2779999999984,0.5161316235415235,0.5097624576659517,1.097303828352523,3044.2729999999974,652.1649999999994,474077,1,0,0,0
2024-11-29 04:00:00+00:00,96590.35,96630.09,95600.03,95625.05,2916.98299,0.00020619,0.00046803999999999986,0.0016233900000000002,0.763158024162456,0,0,8294.2,10929.555,-2635.3549999999996,0.4314557691772497,0.5009569727633689,-2.714140090490723,-64.11000000000058,111.93359999999957,330209,1,0,0,0
2024-11-29 08:00:00+00:00,95625.05,97358.21,95616.0,97237.91,4164.43477,0.00011747,0.0004422499999999998,0.0015615000000000002,-0.4511996359825947,0,0,16490.362,13710.326999999997,2780.0350000000035,0.5460260194726022,0.5050856404147233,2.0932051795685847,949.9580000000024,637.7906000000003,451815,1,0,0,0
2024-11-29 12:00:00+00:00,97237.91,98619.99,96768.0,98019.47,8857.57633,0.00011747,0.0004422499999999998,0.0015615000000000002,-0.4511996359825947,0,0,31047.374,29348.272999999997,1699.1010000000024,0.5140664193894636,0.5056541146886891,0.7136251844426846,1843.7810000000063,883.0052000000011,899414,1,0,0,0
2024-11-29 16:00:00+00:00,98019.46,98440.0,96853.82,97329.73,5993.35722,0.00021921,0.0005428699999999998,0.0014847200000000001,1.0893683607561366,0,0,20520.28,21049.051,-528.7710000000006,0.4936398904278734,0.5066932310017941,-0.10403408064917809,3950.3650000000052,424.05760000000083,669810,1,0,0,0
2024-11-29 20:00:00+00:00,97329.73,97624.62,96981.01,97460.0,2560.65449,0.00021921,0.0005428699999999998,0.0014847200000000001,1.0893683607561366,0,0,7749.3,6422.619,1326.6810000000005,0.5468066815792555,0.5108887708863924,1.9953285599495174,2497.0110000000022,528.3382000000013,259484,1,0,0,0
2024-11-30 00:00:00+00:00,97460.0,97463.95,96309.85,96640.02,3052.5744,0.0001,0.00043667999999999984,0.0012726700000000003,-0.7304946177853094,0,0,10797.032,13168.560000000001,-2371.528000000002,0.4505222320400013,0.5058235705179663,-1.7878279051568764,-1573.6180000000022,581.1036000000007,408852,1,0,0,0
2024-11-30 04:00:00+00:00,96640.02,97234.02,96532.7,96783.38,3397.39114,0.0001,0.00043667999999999984,0.0012726700000000003,-0.7304946177853094,0,0,10150.273,9335.549,814.7239999999983,0.5209055589238165,0.5077035514724617,0.8774286689883822,-230.12300000000323,188.0413999999997,320695,1,0,0,0
2024-11-30 08:00:00+00:00,96783.38,96968.78,96092.01,96267.99,2445.61538,0.00015909,0.00047829999999999986,0.0012638100000000002,0.14282023928442983,0,0,8220.879,8676.560999999998,-455.68199999999706,0.4865162415135075,0.5050935903963196,-0.4036283940464009,-2012.4860000000008,-242.9152000000002,295733,1,0,0,0
2024-11-30 12:00:00+00:00,96267.99,96732.15,96242.14,96645.41,2060.42388,0.00015909,0.00047829999999999986,0.0012638100000000002,0.14282023928442983,0,0,6167.453,5812.177999999999,355.27500000000146,0.5148282947947229,0.5020898730860016,0.6315248973848169,714.3170000000027,-66.10599999999977,231351,1,0,0,0
2024-11-30 16:00:00+00:00,96645.42,97062.5,96531.35,97019.68,1822.59102,0.00012063,0.00037971999999999984,0.0012844400000000002,-0.46348984368426294,0,0,5394.987,5100.288,294.6990000000005,0.5140396035358769,0.501880671085437,0.5526448640540109,194.29200000000492,-272.50239999999974,209656,1,0,0,0
2024-11-30 20:00:00+00:00,97019.69,97040.0,96320.99,96407.99,1725.23724,0.00012063,0.00037971999999999984,0.0012844400000000002,-0.46348984368426294,0,0,4325.111,5925.347000000001,-1600.2360000000008,0.421943195123574,0.5009294136800693,-2.681658691299887,-950.2619999999988,-118.2439999999995,199386,1,0,0,0
2024-12-01 00:00:00+00:00,96407.99,96672.49,95693.88,96336.75,3622.03491,0.00015901,0.00043872999999999986,0.00134345,0.10247879898330947,0,0,13053.808,13078.372,-24.563999999998487,0.4995300047680676,0.4962798122096159,0.03914296892271152,-1330.1009999999987,-286.1015999999989,434616,1,0,0,0
2024-12-01 04:00:00+00:00,96336.76,96515.52,96195.99,96472.97,1284.90142,0.00015901,0.00043872999999999986,0.00134345,0.10247879898330947,0,0,3952.183,5201.331999999999,-1249.1489999999994,0.4317667038290755,0.48804984065357704,-2.1080357642446033,-2873.9489999999987,-444.79499999999933,164638,0,1,0,0
2024-12-01 08:00:00+00:00,96472.97,97179.04,96424.99,97108.89,2803.36709,0.00019581,0.0004754499999999999,0.001396,0.6326827349126243,0,0,11047.043,10486.331,560.7119999999995,0.5130196038948657,0.48998781200027636,0.4861558968117602,-713.0009999999984,-403.70759999999973,351600,1,0,0,0
2024-12-01 12:00:00+00:00,97108.89,97388.78,96660.88,97028.02,3260.08114,0.00019581,0.0004754499999999999,0.001396,0.6326827349126243,0,0,10259.474,10681.535999999998,-422.0619999999981,0.48992259685659867,0.4842994035280107,-0.2552844600891399,-1110.498999999998,-547.0597999999994,336028,1,0,0,0
2024-12-01 16:00:00+00:00,97028.02,97523.41,96958.48,97178.73,2968.12339,0.0001,0.0004548199999999999,0.0013774100000000001,-0.8774274474938566,0,0,8124.772,7491.244,633.5280000000002,0.520284559134673,0.49127563623747783,0.7046937726835715,772.1780000000017,-100.30699999999925,248181,1,0,0,0
2024-12-01 20:00:00+00:00,97178.73,97836.0,96800.01,97185.18,3000.09657,0.0001,0.0004548199999999999,0.0013774100000000001,-0.8774274474938566,0,0,9939.304,9907.591,31.712999999999738,0.5007989410938084,0.4892649744544769,0.06361349556705129,243.1790000000019,-89.0515999999996,337280,1,0,0,0
2024-12-02 00:00:00+00:00,97185.17,98130.0,96350.0,96483.75,5392.949,0.0001,0.0004548199999999999,0.0013774100000000001,-0.8774274474938566,0,0,13757.078,16077.984999999999,-2320.9069999999992,0.46110437239566077,0.4867237875426923,-1.1768278763271263,-1655.6659999999993,-303.4031999999996,537412,1,0,0,0
2024-12-02 04:00:00+00:00,96483.75,96924.0,95749.97,95999.99,5378.4519,0.00025726,0.0005530699999999999,0.0014284800000000002,1.4786299784010386,0,0,18581.955,20790.589999999997,-2208.6349999999948,0.47195209250506925,0.482436167313727,-0.8014066053341018,-4497.828999999994,-857.2725999999984,595019,1,0,0,0
2024-12-02 08:00:00+00:00,95999.99,96112.0,94820.41,95128.68,6299.85507,0.00025726,0.0005530699999999999,0.0014284800000000002,1.4786299784010386,0,0,21751.539,21720.332,31.207000000002154,0.5003589332513432,0.4810681002852736,0.08743030911341952,-4498.334999999992,-766.6187999999984,725321,0,1,0,0
2024-12-02 12:00:00+00:00,95128.67,97214.77,94766.0,97048.0,8297.68046,0.00024556,0.0006028199999999998,0.00155657,1.2111674049372225,0,0,30675.851,29819.772,856.0789999999979,0.5070755449530622,0.48958133526822245,0.31312627201865895,-1321.3489999999947,-722.1085999999989,978063,1,0,0,0
2024-12-02 16:00:00+00:00,97048.01,97356.69,94395.0,95816.0,8796.99302,0.00013387,0.0006366899999999999,0.0014712300000000002,-0.5080081762815447,0,0,29773.78,33307.189,-3533.4089999999997,0.4719930665618025,0.48682764144759594,-0.7528903700289248,-2646.1229999999996,-1435.1329999999987,1004122,1,0,0,0
2024-12-02 20:00:00+00:00,95816.01,96327.87,95112.01,95840.62,3792.74036,0.00013387,0.0006366899999999999,0.0014712300000000002,-0.5080081762815447,0,0,10624.644,10733.196,-108.55199999999968,0.4974587317818656,0.4933968442428749,0.05514361046692098,-2785.8820000000014,-992.6619999999988,394107,0,1,0,0
2024-12-03 00:00:00+00:00,95840.61,96305.52,95400.0,96079.36,3671.38924,0.00012779,0.0005072199999999998,0.0014990200000000002,-0.6233977626228692,0,0,9628.858,9000.274000000001,628.5839999999989,0.5168709953850775,0.49378198339189605,0.626040474243871,-3013.3770000000004,-425.2182000000001,365175,1,0,0,0
2024-12-03 04:00:00+00:00,96079.36,96238.1,95277.35,95550.0,3510.45774,0.00012779,0.0005072199999999998,0.0014990200000000002,-0.6233977626228692,0,0,8410.482,9077.228,-666.7459999999992,0.48093672642101226,0.4928833963483375,-0.4697496504536966,-146.71399999999994,-564.8088000000004,327199,1,0,0,0
2024-12-03 08:00:00+00:00,95550.0,95662.94,94595.38,94988.01,4056.48891,0.00024926,0.0005109199999999998,0.00158919,1.1845032861720646,0,0,12418.748,13226.848000000002,-808.1000000000022,0.4842448582594844,0.4892794262608186,-0.34858040693302944,-846.2620000000024,-897.6446000000003,411626,1,0,0,0
2024-12-03 12:00:00+00:00,94988.0,96250.0,93578.17,95682.54,13543.07849,0.00024926,0.0005109199999999998,0.00158919,1.1845032861720646,0,0,41693.251,43954.206,-2260.9550000000017,0.4868008048388407,0.4878796126353218,-0.2531810666190259,-3735.801000000003,-643.1538000000007,1347587,0,1,0,0
2024-12-03 16:00:00+00:00,95682.54,96169.99,94860.0,95428.6,5936.97324,0.00011952,0.0004965699999999998,0.0015880800000000002,-0.843997652337966,0,0,19708.124,18580.608000000004,1127.515999999996,0.5147238618400839,0.4932415615797641,0.611420520781849,-1941.539000000008,-395.94020000000165,635884,0,1,0,0
2024-12-03 20:00:00+00:00,95428.61,96140.01,95272.5,95849.69,5108.93521,0.00011952,0.0004965699999999998,0.0015880800000000002,-0.843997652337966,0,0,10042.589,10860.764,-818.1749999999993,0.48042957510213796,0.4940893098394711,-0.4025218198821079,-1951.614000000005,-685.2920000000013,356998,0,1,0,0
2024-12-04 00:00:00+00:00,95849.69,96614.16,95224.17,95770.32,4788.30848,0.00026634,0.0006351199999999999,0.00169541,1.3540107029692188,0,0,13805.509,14016.85,-211.34100000000035,0.4962019575694498,0.49367361227128165,0.13051276542242932,97.99999999999636,-594.2110000000015,492432,1,0,0,0
2024-12-04 04:00:00+00:00,95770.32,96714.41,95717.54,96588.81,3607.43743,0.00026634,0.0006351199999999999,0.00169541,1.3540107029692188,0,0,8947.025,9458.806999999999,-511.78199999999924,0.4860972869903409,0.49157578647500955,-0.2791477707757377,-1541.2979999999989,-534.9474000000009,301550,0,1,0,0
2024-12-04 08:00:00+00:00,96588.81,96950.0,96172.0,96190.41,3780.1103,0.00026254,0.0006483999999999998,0.0017621400000000001,1.2115085822938414,0,0,9512.476,11413.430999999999,-1900.954999999998,0.4545789102474746,0.4898343708435767,-1.3220405185316477,-2624.0779999999977,-462.9474000000002,325805,1,0,0,0
2024-12-04 12:00:00+00:00,96190.41,96560.0,95352.41,95742.81,7959.19099,0.00026254,0.0006483999999999998,0.0017621400000000001,1.2115085822938414,0,0,27372.827,27106.255,266.5720000000001,0.5024465537066135,0.4903331530360516,0.43451890493190914,-2146.1649999999972,-635.1361999999993,866812,0,1,0,0
2024-12-04 16:00:00+00:00,95742.8,97232.01,94587.83,97209.64,9467.01122,0.00023234,0.0007612199999999997,0.00189448,0.7551560508961311,0,0,34772.794,33168.659999999996,1604.1340000000055,0.5118052669287885,0.4898265801904227,0.7479853393094789,-30.24899999999252,-150.67439999999843,1066884,1,0,0,0
2024-12-04 20:00:00+00:00,97209.64,99000.0,97128.52,98587.32,14248.47886,0.00023234,0.0007612199999999997,0.00189448,0.7551560508961311,0,0,44298.412,42076.159,2222.252999999997,0.5128640465259156,0.4930193122009129,0.8825607433158045,4092.9590000000026,336.044400000001,1125666,1,0,0,0
2024-12-05 00:00:00+00:00,98587.32,104088.0,97888.89,102964.0,29911.489432,0.00023234,0.0007612199999999997,0.00189448,0.7551560508961311,0,0,84560.348,71238.06400000001,13322.283999999985,0.5427548773732045,0.49887031411228494,1.8762479081472925,17148.670999999988,3102.857599999998,2466132,1,0,0,0
2024-12-05 04:00:00+00:00,102964.0,103544.71,101324.16,102236.1,14930.57327,0.00027625,0.0007711299999999999,0.00191347,1.3443021478971917,0,0,33430.937,35747.71600000001,-2316.7790000000095,0.483255101830329,0.49851574381143376,-0.33238649972430395,13227.757999999973,3019.6927999999957,1214109,1,0,0,0
2024-12-05 08:00:00+00:00,102236.1,103159.76,102236.1,102566.91,9004.86605,0.00072446,0.0012330499999999999,0.00239237,4.385638118633376,1,0,15861.476,15392.221,469.255000000001,0.5075071918691731,0.49779407681434273,0.5716411004125307,11474.759999999977,3060.2293999999956,643124,1,0,1,0
2024-12-05 12:00:00+00:00,102566.91,103550.0,100925.97,101292.01,15250.81785,0.00072446,0.0012330499999999999,0.00239237,4.385638118633376,1,0,39210.527,43329.99399999999,-4119.46699999999,0.47504578993389207,0.49725569829751814,-0.6250165176663414,-5966.990999999998,1915.5091999999968,1355232,1,0,1,0
2024-12-05 16:00:00+00:00,101292.0,101999.0,98599.36,99028.0,14788.63995,0.00047059,0.0014712999999999998,0.00272909,2.0201133766933164,0,0,36877.648,41567.723,-4690.074999999997,0.47010610734443464,0.49464611327501656,-0.7616274797726312,-8340.286999999986,533.0435999999979,1332401,1,0,1,0
2024-12-05 20:00:00+00:00,99028.01,99479.72,90500.0,96945.63,26035.34311,0.00047059,0.0014712999999999998,0.00272909,2.0201133766933164,0,0,77864.386,85196.351,-7331.9649999999965,0.47751768716708304,0.49378815329269077,-0.624965034188155,-16141.506999999983,-3597.806199999998,2631122,1,0,1,0
2024-12-06 00:00:00+00:00,96945.63,98828.7,95981.72,97735.29,10502.77687,0.0001,0.0012950499999999998,0.0027013000000000002,-0.8403861137929944,0,0,27099.818,27771.699999999997,-671.8819999999978,0.4938776798556949,0.4977180302535129,0.10713748641000374,-12693.921999999991,-3268.826799999996,1006647,0,1,0,0
2024-12-06 04:00:00+00:00,97735.29,98288.0,97370.19,98138.54,4600.17485,0.0001,0.0012950499999999998,0.0027013000000000002,-0.8403861137929944,0,0,10994.804,12495.926,-1501.1219999999994,0.4680486302469102,0.49427823790754255,-1.2253249146659935,-9504.968999999994,-3662.902199999996,451030,0,1,0,0
2024-12-06 08:00:00+00:00,98138.53,98705.23,97622.86,98069.62,5508.51297,0.00014634,0.0007169299999999997,0.0025983800000000004,-0.4720890665081652,0,0,16009.139,18088.479000000003,-2079.340000000004,0.4695090137967995,0.4900486125943436,-1.0777439014220114,-4252.344000000001,-3254.876799999999,589841,1,0,0,0
2024-12-06 12:00:00+00:00,98069.61,99483.81,97512.26,99309.99,9368.1804,0.00014634,0.0007169299999999997,0.0025983800000000004,-0.4720890665081652,0,0,32966.611,34084.666000000005,-1118.0550000000076,0.4916626867524089,0.487928476616993,0.019144733097070044,-4698.517000000011,-2540.472800000001,1133799,0,1,0,0
2024-12-06 16:00:00+00:00,99310.0,101799.0,98762.6,101439.99,9652.35617,0.0001,0.00034633999999999967,0.00257886,-0.7769907094921424,0,0,35383.534,32405.744999999995,2977.7890000000043,0.5219635689000321,0.4858493457696758,1.5142534764105033,-219.60600000000704,-478.52200000000084,1068665,1,0,0,0
2024-12-06 20:00:00+00:00,101439.99,101898.99,99053.03,99740.84,5417.53184,0.0001,0.00034633999999999967,0.00257886,-0.7769907094921424,0,0,16148.52,18920.666,-2772.1460000000006,0.4604760429854289,0.48357143988518575,-1.4117087976505456,-912.4120000000039,-898.5748000000015,627084,1,0,0,0
2024-12-07 00:00:00+00:00,99740.84,100428.0,99285.71,99299.63,2803.39835,0.00031972,0.0005660599999999997,0.00263224,0.9089457430722561,0,0,9358.057,10257.475999999999,-899.418999999998,0.47707380676324224,0.4805281013745926,-0.6611123367480636,-693.7759999999944,-778.2342000000011,415237,1,0,0,0
2024-12-07 04:00:00+00:00,99299.64,99666.31,98844.0,99405.2,3254.00298,0.00031972,0.0005660599999999997,0.00263224,0.9089457430722561,0,0,9712.374,11288.686000000002,-1576.3120000000017,0.46247065624306577,0.47927058800551,-1.3392237359820878,-5247.877,-677.6286000000007,383338,0,1,0,0
2024-12-07 08:00:00+00:00,99405.2,99821.83,99260.0,99620.0,2290.29479,0.00012374,0.0005434599999999997,0.00249344,-0.5811806375769254,0,0,6049.087,6035.454999999999,13.632000000001426,0.5005640263404274,0.4823163799051093,0.4997843040975641,-2462.0989999999983,-451.2911999999989,252694,1,0,0,0
2024-12-07 12:00:00+00:00,99620.0,99800.0,99036.01,99756.01,2409.08289,0.00012374,0.0005434599999999997,0.00249344,-0.5811806375769254,0,0,8296.505,7372.218000000001,924.2869999999984,0.5294946499469038,0.4875140761830914,1.7740091120989527,-638.3930000000018,-861.9916000000001,311522,1,0,0,0
2024-12-07 16:00:00+00:00,99756.0,100263.64,99460.37,100077.45,2257.58478,0.0001409,0.0005843599999999997,0.002402,-0.463585499659242,0,0,7561.036,7916.368,-355.33200000000033,0.48852094317625877,0.48697840251514773,-0.13947820184972273,582.5869999999995,-378.62880000000007,299581,0,1,0,0
2024-12-07 20:00:00+00:00,100077.45,100439.18,99595.11,99831.99,1917.58211,0.0001409,0.0005843599999999997,0.002402,-0.463585499659242,0,0,5713.728,6297.668000000001,-583.9400000000005,0.4756922509257042,0.4877427645830271,-0.698993286115283,-14.985000000002401,-315.5330000000005,267293,1,0,0,0
2024-12-08 00:00:00+00:00,99831.99,100328.88,99632.28,99934.82,1688.21452,0.00016985,0.0004344899999999997,0.0022956,-0.2614114219424187,0,0,5169.246,5193.059,-23.813000000000102,0.4988509795841755,0.4906769611617648,0.41103313703500666,-963.085000000001,-5.033200000000216,249525,0,1,0,0
2024-12-08 04:00:00+00:00,99934.83,100030.0,99336.0,99675.11,1590.3559,0.00016985,0.0004344899999999997,0.0022956,-0.2614114219424187,0,0,5445.747,6274.978,-829.2309999999998,0.46462543912599263,0.48797323639912304,-1.161439751340759,-1436.9840000000004,-173.60580000000044,241103,1,0,0,0
2024-12-08 08:00:00+00:00,99675.11,99844.28,98657.7,99701.16,2557.39593,0.00016572,0.00047646999999999967,0.00173686,-0.299982104879124,0,0,11103.594,12977.663000000002,-1874.0690000000031,0.46108863835471703,0.4818857433445916,-1.2544929069819033,-2727.113000000003,-733.2770000000007,406560,0,1,0,0
2024-12-08 12:00:00+00:00,99701.17,100500.0,99357.16,99912.01,3388.44325,0.00016572,0.00047646999999999967,0.00173686,-0.299982104879124,0,0,15435.766,14424.348000000002,1011.4179999999978,0.5169359366812866,0.4875317327141774,1.1909855408236159,-1691.882000000005,-459.92700000000116,527605,1,0,0,0
2024-12-08 16:00:00+00:00,99912.01,100198.0,99480.0,100100.98,2219.63339,0.0001758,0.0005113699999999997,0.00144207,-0.23803595274030043,0,0,7730.141,7174.4490000000005,555.6919999999991,0.5186416399243454,0.49168851603028774,1.2515755502231574,-306.9590000000062,-232.0006000000012,307872,1,0,0,0
2024-12-08 20:00:00+00:00,100100.99,101351.0,99736.06,101109.59,3168.95389,0.0001758,0.0005113699999999997,0.00144207,-0.23803595274030043,0,0,9961.835,8864.850000000002,1096.984999999997,0.5291337800574025,0.4983548284117214,1.57032306492473,2664.094999999994,-7.841000000001804,370429,1,0,0,0
2024-12-09 00:00:00+00:00,101109.6,101215.93,98432.18,99090.84,6131.57247,0.00030413,0.0006456499999999997,0.0016462,0.7348553307061259,0,0,18242.499,22906.679,-4664.18,0.443325963886812,0.49263102216635984,-1.8296287375720883,-3011.5030000000042,-774.8308000000019,736256,1,0,0,0
2024-12-09 04:00:00+00:00,99090.84,99729.88,98328.0,99576.51,4641.05371,0.00030413,0.0006456499999999997,0.0016462,0.7348553307061259,0,0,14458.325,14814.559999999998,-356.23499999999694,0.4939152734689458,0.489073084518564,0.14900700416906448,-3923.4300000000003,-471.2640000000007,565298,0,1,0,0
2024-12-09 08:00:00+00:00,99576.51,99679.71,98035.57,98088.47,5754.936,0.00021032,0.0006902499999999997,0.0017101800000000002,-0.01734808431241245,0,0,18016.579,19942.586,-1926.0069999999978,0.47463054047685194,0.4876840442486233,-0.6537516348621618,-6946.421999999995,-1058.7489999999998,742320,1,0,0,0
2024-12-09 12:00:00+00:00,98088.47,100421.8,97508.58,97812.0,10565.60263,0.00021032,0.0006902499999999997,0.0017101800000000002,-0.01734808431241245,0,0,37800.484,40766.791,-2966.3070000000007,0.48112250297595277,0.48822706945364824,-0.36300599302234443,-5248.548999999995,-1763.1487999999997,1283907,1,0,0,0
2024-12-09 16:00:00+00:00,97812.0,98398.0,97000.0,97070.32,7646.39206,0.00021032,0.0006902499999999997,0.0017101800000000002,-0.01734808431241245,0,0,20350.768,22259.052,-1908.2839999999997,0.4776074623173719,0.4861027177269679,-0.4639165903971046,-6800.597999999998,-2364.202599999999,850055,1,0,0,0
2024-12-09 20:00:00+00:00,97070.33,97572.52,94150.05,97276.47,19209.55908,0.00011115,0.0006255999999999997,0.00172133,-0.7579936361630314,0,0,45734.559,51680.708000000006,-5946.149000000005,0.46948040495541626,0.48658821430991017,-0.7428617491212276,-10820.740000000005,-2620.5964,1595809,0,1,0,0
2024-12-10 00:00:00+00:00,97276.48,98138.0,95565.41,96931.99,7967.90111,0.00011115,0.0006255999999999997,0.00172133,-0.7579936361630314,0,0,22777.658,24269.045000000002,-1491.3870000000024,0.48414993076135426,0.48889434355057393,-0.06363570016450239,-9345.820000000007,-2847.626800000001,929555,1,0,0,0
2024-12-10 04:00:00+00:00,96931.99,97519.2,95900.0,97196.44,4851.30267,0.0001,0.0004214699999999997,0.0015016100000000002,-0.8444261350965658,0,0,14341.832,13982.055999999999,359.77600000000166,0.5063511054697011,0.4878358604294154,0.902044760768604,-7077.760000000006,-2390.470200000001,538670,1,0,0,0
2024-12-10 08:00:00+00:00,97196.44,97937.5,96938.19,97722.52,3732.90811,0.0001,0.0003111499999999997,0.0014778700000000003,-0.8213108918756983,0,0,10234.786,10009.562999999998,225.22300000000178,0.5055626140410838,0.48652795784108926,0.8718704941057316,-906.387999999999,-1752.1642000000006,454178,1,0,0,0
2024-12-10 12:00:00+00:00,97722.53,98270.0,95555.0,95658.79,11589.32855,0.0001,0.0003111499999999997,0.0014778700000000003,-0.8213108918756983,0,0,33490.15,35556.439999999995,-2066.2899999999936,0.4850369873443425,0.48211827856978323,-0.07002259222695939,-1481.2909999999902,-1783.7653999999995,1315104,1,0,0,0
2024-12-10 16:00:00+00:00,95658.79,96500.0,94256.54,95856.5,17282.11364,0.0001,0.00030000000000000003,0.00143697,-0.8127544289026774,0,0,49558.33,48951.622,606.7079999999987,0.5030794249092722,0.4880936246720292,0.6991396968439777,-1234.358999999993,-473.19399999999877,1807712,1,0,0,0
2024-12-10 20:00:00+00:00,95856.5,97200.7,95616.0,96593.0,6285.13525,0.0001,0.00030000000000000003,0.00143697,-0.8127544289026774,0,0,14662.571,13656.690999999999,1005.880000000001,0.5177596435952321,0.4904780616846578,1.2714018380109298,-453.70199999999386,26.259400000001914,606581,1,0,0,0
2024-12-11 00:00:00+00:00,96593.0,97625.76,95658.24,97398.43,6101.81371,0.0001,0.00030000000000000003,0.00136712,-0.7906126563175808,0,0,18943.097,19054.129999999997,-111.03299999999581,0.4985389328542318,0.4928689009223959,0.4132556426932591,1501.555000000004,-67.90239999999758,763630,0,1,0,0
2024-12-11 04:00:00+00:00,97398.42,97790.36,97181.7,97334.6,2882.63101,0.0001,0.00030000000000000003,0.00136712,-0.7906126563175808,0,0,6935.465,7471.923999999999,-536.4589999999989,0.48138250449127185,0.49289490107392775,-0.3685759512822505,358.3880000000063,-220.23879999999772,346379,1,0,0,0
2024-12-11 08:00:00+00:00,97334.59,98472.57,97316.78,98292.61,3915.0582,0.0001,0.00030000000000000003,0.0013014,-0.7585559022180592,0,0,12954.675,11654.468,1300.2069999999985,0.5264171531694541,0.497775870159136,1.5177511068193408,652.7150000000038,453.0606000000007,489323,1,0,0,0
2024-12-11 12:00:00+00:00,98292.61,100800.0,98072.33,100361.64,10646.28169,0.0001,0.00030000000000000003,0.0013014,-0.7585559022180592,0,0,35297.424,30774.339000000007,4523.084999999992,0.5342285780992403,0.5042506874735184,1.7006145721220125,5286.832999999991,1236.3359999999993,1145381,1,0,0,0
2024-12-11 16:00:00+00:00,100361.64,101141.01,99608.23,101122.71,9214.79257,0.0001,0.00030000000000000003,0.0013014,-0.7585559022180592,0,0,25452.868,24672.838,780.0299999999988,0.5077807382902497,0.5066137682264079,0.6427405821643807,6603.321999999989,1191.1659999999988,914189,1,0,0,0
2024-12-11 20:00:00+00:00,101122.71,101888.0,100866.42,101125.0,4993.20573,0.0001,0.00030000000000000003,0.0012256,-0.7585559022180591,0,0,14668.263,13928.213999999998,740.0490000000027,0.5129395134932181,0.5072726090287596,0.8029882467810542,6043.163999999993,1361.3823999999986,570441,1,0,0,0
2024-12-12 00:00:00+00:00,101125.0,101829.0,100331.61,101025.87,4584.27765,0.0001,0.00030000000000000003,0.0012256,-0.7585559022180591,0,0,13293.602,13941.363,-647.7609999999986,0.4881079156885276,0.505527139193504,-0.27990056388935325,872.3180000000029,1339.1219999999987,544972,1,0,0,0
2024-12-12 04:00:00+00:00,101025.88,101191.85,100402.82,100499.99,3018.02596,0.0001,0.00030000000000000003,0.00102147,-0.7149099955473027,0,0,8975.617,8676.973,298.64400000000023,0.5084589286897844,0.5078693333280482,0.5501433049311732,390.93200000000434,1138.809399999999,362464,0,1,0,0
2024-12-12 08:00:00+00:00,100499.99,101126.54,100178.32,100358.42,2593.08394,0.0001,0.00030000000000000003,0.0009111500000000001,-0.6748479682115872,0,0,10555.145,10253.954999999998,301.1900000000023,0.5072369780528712,0.5082850886424082,0.4840797108975405,-47.92699999999604,294.4304000000011,415068,0,1,0,0
2024-12-12 12:00:00+00:00,100358.42,101861.6,100348.35,101797.14,7527.72986,0.0001,0.00030000000000000003,0.0009111500000000001,-0.6748479682115872,0,0,29840.793,27050.643,2790.1500000000015,0.5245217048133571,0.5089612947642206,1.2723479565247742,3389.984000000004,696.4544000000017,1069532,1,0,0,0
2024-12-12 16:00:00+00:00,101797.14,102540.0,99311.64,99481.32,7934.57131,0.0001,0.00030000000000000003,0.0009111500000000001,-0.6748479682115872,0,0,31663.729,32855.661,-1191.9320000000007,0.4907629938844741,0.5081837008672448,-0.24630127528008114,1899.408000000003,310.05820000000097,1155167,1,0,0,0
2024-12-12 20:00:00+00:00,99481.33,100476.19,99465.33,100004.29,3574.39873,0.0001,0.00030000000000000003,0.0009000000000000001,-0.6633535282284834,0,0,13983.739,14127.855000000001,-144.1160000000018,0.49743671596850747,0.5097891220149684,0.021276508941806084,1454.101999999999,410.7872000000003,581974,0,1,0,0
2024-12-13 00:00:00+00:00,100004.29,100356.85,99205.0,99729.09,3169.68724,0.0001,0.00030000000000000003,0.0009000000000000001,-0.6539451211380596,0,0,11089.025,10232.083,856.9419999999991,0.5200960944431218,0.5091570161423352,1.0043263467465555,-479.1060000000034,522.4468,433012,0,1,0,0
2024-12-13 04:00:00+00:00,99729.09,100225.52,99500.0,100130.0,2722.44317,0.0001,0.00030000000000000003,0.0009000000000000001,-0.6539451211380596,0,0,8315.306,7499.561,815.7450000000008,0.5257904476844478,0.5083132031008559,1.1857466725037262,1528.570999999998,625.3577999999998,308465,1,0,0,0
2024-12-13 08:00:00+00:00,100130.01,100789.0,99896.0,100353.37,2260.04806,0.0001,0.00030000000000000003,0.0009000000000000001,-0.615349643837327,0,0,9097.004,8563.892,533.112000000001,0.515093005473788,0.5090444298192097,0.6495151597907124,2205.799000000001,173.95019999999968,359872,1,0,0,0
2024-12-13 12:00:00+00:00,100353.37,101375.26,99700.0,99873.16,4395.11384,0.0001,0.00030000000000000003,0.0009000000000000001,-0.615349643837327,0,0,18565.731,19606.004999999997,-1040.2739999999976,0.48637376618134426,0.5063878550880224,-0.6768634531704154,308.5830000000042,204.2818000000003,729213,1,0,0,0
2024-12-13 16:00:00+00:00,99873.16,101895.26,99800.0,101462.34,6176.84479,0.0001,0.00030000000000000003,0.0009000000000000001,-0.615349643837327,0,0,21919.569,23382.698999999997,-1463.1299999999974,0.4838514707475573,0.5059622105939253,-0.7448889347916176,-1970.291999999994,-59.52099999999882,880607,0,1,0,0
2024-12-13 20:00:00+00:00,101462.34,101879.98,101090.9,101424.25,3179.90213,0.0001,0.00030000000000000003,0.0009000000000000001,-0.608958710455428,0,0,7041.019,7125.423999999999,-84.40499999999884,0.4970209529661045,0.5048184130215574,-0.0623323161717222,-2587.808999999994,-247.7903999999984,331558,1,0,0,0
2024-12-14 00:00:00+00:00,101424.24,102650.0,101148.35,102088.0,4102.31163,6.75e-05,0.0002674999999999997,0.0008675000000000001,-0.7942028127523246,0,0,15813.095,14481.788999999999,1331.3060000000005,0.5219724558113509,0.5062919607974053,1.1995927153030053,-216.22899999999572,-144.67819999999847,619586,1,0,0,0
2024-12-14 04:00:00+00:00,102088.0,102138.0,101590.9,101824.0,2355.50886,6.75e-05,0.0002674999999999997,0.0008675000000000001,-0.7942028127523246,0,0,6269.125,6297.179,-28.054000000000087,0.4988837608894389,0.5037281664050135,-0.1239075199279589,1218.8470000000016,-256.9113999999987,271817,1,0,0,0
2024-12-14 08:00:00+00:00,101824.0,101863.64,101321.0,101583.99,1246.03828,0.0001,0.00026749999999999967,0.0008675,-0.5195781323819556,0,0,5073.021,4740.3730000000005,332.64799999999923,0.5169486723961149,0.5063467342561776,0.8506196917008563,1635.8999999999996,17.673000000000684,230816,0,1,0,0
2024-12-14 12:00:00+00:00,101584.0,101742.43,100826.38,101625.12,2737.98405,0.0001,0.00026749999999999967,0.0008675,-0.5195781323819556,0,0,12076.8,14309.849000000002,-2233.0490000000027,0.4576860062829501,0.5023716632876218,-2.3768606240240153,-1928.4550000000036,-136.31080000000037,470954,0,1,0,0
2024-12-14 16:00:00+00:00,101625.12,101737.7,100831.63,101313.54,2313.84837,0.0001,0.0002674999999999997,0.0008675,-0.4870845873435562,0,0,8681.608,9000.386999999999,-318.77899999999863,0.4909857739468878,0.4994606312379985,-0.6168836765857663,-2219.180000000002,-183.18560000000033,387220,1,0,0,0
2024-12-14 20:00:00+00:00,101313.54,101499.08,100609.41,101420.0,1436.01207,0.0001,0.0002674999999999997,0.0008675,-0.4870845873435562,0,0,5199.982,5737.341,-537.3590000000004,0.47543461960481553,0.4944250484300352,-1.5172907340687762,-3089.1870000000017,-556.9186000000005,249465,0,1,0,0
2024-12-15 00:00:00+00:00,101420.0,102196.97,101237.14,101733.82,2717.2499,0.0001,0.00030000000000000003,0.0008675000000000001,-0.44780268475298,0,0,7900.766,7691.41,209.35599999999977,0.5067134952812231,0.4935870974107788,0.20867842519382337,-646.7819999999992,-509.43660000000057,334968,1,0,0,0
2024-12-15 04:00:00+00:00,101733.83,102850.0,101534.01,101732.09,3091.00658,0.0001,0.00030000000000000003,0.0008675000000000001,-0.44780268475298,0,0,14331.931,13209.48,1122.451000000001,0.5203775144272746,0.4969874722353717,0.9517922150729936,794.4480000000003,-351.4760000000002,492640,0,1,0,0
2024-12-15 08:00:00+00:00,101732.09,102691.01,101581.07,102671.44,1800.59415,8.194e-05,0.00028193999999999973,0.00084944,-0.67225853935292,0,0,8954.435,6452.5560000000005,2501.878999999999,0.5811929792131377,0.5067216230819298,3.314266970412105,3833.6859999999997,595.5096000000001,334433,1,0,0,0
2024-12-15 12:00:00+00:00,102671.44,103359.97,102473.01,102704.01,4918.19696,8.194e-05,0.00028193999999999973,0.00084944,-0.67225853935292,0,0,16620.19,15351.726000000002,1268.4639999999963,0.5198371595871827,0.5090032437440376,0.5617445947735706,4892.793999999996,912.9581999999991,649275,1,0,0,0
2024-12-15 16:00:00+00:00,102704.0,103490.0,102583.65,103252.95,2441.92022,0.0001,0.0002819399999999997,0.0008494400000000001,-0.4622248761405149,0,0,9952.632,8836.769999999999,1115.862000000001,0.5296939200087368,0.5097753901637763,0.9465098412857137,4886.204999999996,1243.6023999999993,407230,1,0,0,0
2024-12-15 20:00:00+00:00,103252.96,105250.0,102621.5,104463.99,7259.953965,0.0001,0.0002819399999999997,0.0008494400000000001,-0.4622248761405149,0,0,26707.876,21724.143999999997,4983.732000000004,0.5514507963946167,0.515032093714294,1.7528550994381198,7368.058000000001,2198.4776,882814,1,0,0,0
2024-12-16 00:00:00+00:00,104463.99,106648.0,104259.48,104582.28,8803.848246,0.0001,0.00028193999999999973,0.00084944,-0.4622248761405154,0,0,32231.525,30406.252999999997,1825.2720000000045,0.5145700570668391,0.5147942321813664,0.19969064799601097,7924.866000000009,2339.041800000001,1145396,1,0,0,0
2024-12-16 04:00:00+00:00,104582.28,105420.76,104469.89,104992.79,3083.27266,0.0001,0.00028193999999999973,0.00084944,-0.4622248761405154,0,0,9266.337,9004.288,262.04899999999907,0.5071713200834673,0.5197427635614182,-0.1479005907154269,7071.053000000007,1891.075800000001,379484,1,0,0,0
2024-12-16 08:00:00+00:00,104992.79,105016.85,103625.78,103757.99,3972.26006,0.0001,0.00028193999999999973,0.00084944,-0.4622248761405154,0,0,11311.816,12851.977,-1540.161,0.4681308104236781,0.5174572672090971,-1.6585222595824134,547.1600000000035,1329.3508000000015,517148,1,0,0,0
2024-12-16 12:00:00+00:00,103758.0,106499.99,103333.0,106332.01,9289.30941,0.0001,0.00030000000000000003,0.00084944,-0.43535156314477685,0,0,37264.66,35587.87699999999,1676.7830000000104,0.5115080618263165,0.5210646114312473,0.1489992593943652,398.67100000000937,1441.5350000000035,1347801,1,0,0,0
2024-12-16 16:00:00+00:00,106332.0,107793.07,105797.41,106583.12,11995.104264,9.181e-05,0.0002918099999999997,0.0008412500000000001,-0.5681392155853434,0,0,35769.531,35552.869999999995,216.66100000000733,0.5015188846488777,0.5205451503680127,-0.25846290323243565,353.28300000001764,488.12080000000424,1389047,1,0,0,0
2024-12-16 20:00:00+00:00,106583.13,106648.48,105480.02,106058.66,4158.6081,9.181e-05,0.0002918099999999997,0.0008412500000000001,-0.5681392155853434,0,0,13100.477,12048.144999999999,1052.3320000000022,0.5209222596768921,0.5205996248929745,0.5361490726957957,2945.77600000002,333.53280000000376,499164,0,1,0,0
2024-12-17 00:00:00+00:00,106058.65,107000.0,105657.34,106866.49,3882.88127,7.866e-05,0.00027046999999999965,0.0008524100000000001,-0.8244162104697197,0,0,11295.683,10013.892,1281.791000000001,0.5300754707684222,0.5154878740485029,0.8568161260188222,2550.7840000000106,537.4812000000042,516693,1,0,0,0
2024-12-17 04:00:00+00:00,106866.5,107143.29,106368.45,106805.75,2937.82223,7.866e-05,0.00027046999999999965,0.0008524100000000001,-0.8244162104697197,0,0,8439.63,8510.963000000002,-71.33300000000236,0.4978958553249434,0.5132937436222791,-0.45982089726632397,2262.790000000001,831.2468000000038,373779,1,0,0,0
2024-12-17 08:00:00+00:00,106805.75,107550.02,106708.86,106808.31,3622.94784,0.0001,0.0002704699999999997,0.0008524100000000001,-0.35258131996072206,0,0,10523.459,10696.523,-173.0639999999985,0.4959221454570508,0.5099165661671105,-0.5231842413220266,1037.3940000000002,461.27740000000193,459373,0,1,0,0
2024-12-17 12:00:00+00:00,106808.31,108353.0,105725.99,106478.47,8939.180456,0.0001,0.0002704699999999997,0.0008524100000000001,-0.35258131996072206,0,0,36440.255,34646.46,1793.7949999999983,0.5126169495945903,0.5060331814871077,0.1800155510842919,1549.3979999999974,776.7042000000001,1372018,0,1,0,0
2024-12-17 16:00:00+00:00,106478.48,107633.0,106148.0,106475.89,5875.35581,0.0001,0.0002786599999999997,0.0008524100000000001,-0.32455101590297786,0,0,20224.221,20078.944999999996,145.2760000000053,0.5018022901724396,0.5047564047976678,-0.2847565134276186,1766.007000000005,595.2930000000008,883837,0,1,0,0
2024-12-17 20:00:00+00:00,106475.89,106903.99,105321.49,106133.74,3806.74886,0.0001,0.0002786599999999997,0.0008524100000000001,-0.32455101590297786,0,0,13074.032,13829.849000000002,-755.8170000000027,0.48595338345423095,0.5026346111347442,-0.9190229452127162,1183.2540000000008,187.7714,573352,1,0,0,0
2024-12-18 00:00:00+00:00,106133.74,106524.98,104581.58,104763.98,5784.93924,0.0001,0.00030000000000000003,0.00085241,-0.2814288351599431,0,0,16586.32,20066.089,-3479.7690000000002,0.4525301461085409,0.5010745447032304,-2.042046244043288,-4090.3099999999977,-493.9157999999996,743388,1,0,0,0
2024-12-18 04:00:00+00:00,104763.99,104763.99,103137.82,104250.75,7256.63713,0.0001,0.00030000000000000003,0.00085241,-0.2814288351599431,0,0,22383.093,24091.566,-1708.4729999999981,0.4816193056951747,0.4980856690901162,-0.8718182724339818,-5944.059000000001,-800.9975999999995,907113,1,0,0,0
2024-12-18 08:00:00+00:00,104250.75,105033.33,103729.18,105028.33,2927.64166,9.159e-05,0.00029158999999999967,0.00086206,-0.4197514936617977,0,0,11313.124,10676.077000000001,637.0469999999987,0.5144854512903857,0.49938232575426705,0.37999007640349225,-4551.195,-1032.3471999999995,441979,1,0,0,0
2024-12-18 12:00:00+00:00,105028.33,105350.0,103650.0,104428.54,7242.86665,9.159e-05,0.00029158999999999967,0.00086206,-0.4197514936617977,0,0,22347.743,23414.02,-1066.2770000000019,0.488349694918878,0.4961250692784656,-0.6186317893403145,-2137.7030000000013,-1274.6578000000009,926852,1,0,0,0
2024-12-18 16:00:00+00:00,104428.54,104999.98,102817.82,102817.82,9166.33778,0.0001,0.00029158999999999967,0.00086206,-0.18304072157692478,0,0,28458.022,32111.268,-3653.245999999999,0.469842423445941,0.49010176454621757,-1.2821168764438093,-4082.4760000000024,-1854.1436,1159533,1,0,0,0
2024-12-18 20:00:00+00:00,102817.82,102997.77,100000.0,100204.01,17929.57509,0.0001,0.00029158999999999967,0.00086206,-0.18304072157692478,0,0,54516.603,62618.009999999995,-8101.406999999992,0.4654183900364276,0.48685401801736594,-1.3625303646630291,-12820.929999999993,-2778.4711999999986,2038033,1,0,0,0
2024-12-19 00:00:00+00:00,100204.01,101310.25,98802.0,101193.15,11011.14924,0.0001,0.00029158999999999967,0.00086206,-0.049605306128530716,0,0,34126.067,34472.687,-346.61999999999534,0.4974735692721183,0.4870091603988727,-0.1737167105707117,-12101.272999999986,-2506.100599999998,1443441,0,1,0,0
2024-12-19 04:00:00+00:00,101193.15,101727.28,100629.99,101656.57,3199.07619,0.0001,0.00029158999999999967,0.00086206,-0.049605306128530716,0,0,9392.664,10115.038,-722.3739999999998,0.4814849027322644,0.4838959557126401,-0.7292229060530377,-9170.400999999987,-2777.9847999999974,490848,0,1,0,0
2024-12-19 08:00:00+00:00,101656.57,102609.72,101380.1,102449.99,4074.86626,0.0001,0.00030000000000000003,0.00086206,0.31849201831591345,0,0,11490.986,11658.237999999998,-167.25199999999677,0.49638752469629227,0.4833544791650254,-0.16645325809076467,-1236.245999999992,-2598.1797999999967,507032,0,1,0,0
2024-12-19 12:00:00+00:00,102450.0,102800.11,99500.0,100679.86,10496.80787,0.0001,0.00030000000000000003,0.00086206,0.31849201831591345,0,0,35953.338,39656.682,-3703.3439999999973,0.4755102299933263,0.4823101638189349,-0.9744683949737671,-4592.969999999994,-2608.1993999999963,1444557,1,0,0,0
2024-12-19 16:00:00+00:00,100679.86,101200.0,96251.32,97199.72,15856.49892,0.0001,0.00030000000000000003,0.00087025,0.38365579159018415,0,0,56679.777,65057.25899999999,-8377.481999999989,0.4655918926759479,0.48361633847567564,-1.2784927516669906,-12248.077999999983,-2663.4143999999956,2210007,1,0,0,0
2024-12-19 20:00:00+00:00,97199.72,98500.0,95700.0,97461.86,10508.99952,0.0001,0.00030000000000000003,0.00087025,0.38365579159018415,0,0,31811.085,32554.642,-743.5570000000007,0.49422396798221513,0.4848768047043797,-0.2627842675992228,-12824.382999999987,-2742.8017999999965,1329564,0,1,0,0
2024-12-20 00:00:00+00:00,97461.86,97814.09,96000.0,97106.02,8712.02871,0.0001,0.00030000000000000003,0.0008915899999999999,0.3836557915901859,0,0,20630.2,21930.081000000002,-1299.8810000000012,0.48472894246163456,0.48190115382150456,-0.5830949591695805,-10420.919999999991,-2858.303199999997,954183,1,0,0,0
2024-12-20 04:00:00+00:00,97106.02,98233.0,96374.03,97832.53,6871.39877,0.0001,0.00030000000000000003,0.0008915899999999999,0.3836557915901859,0,0,21231.198,23192.609,-1961.411,0.47792387536709763,0.4808585718663266,-0.7798444950063114,-4004.849000000002,-3217.1349999999975,784252,0,1,0,0
2024-12-20 08:00:00+00:00,97832.52,97864.91,92612.1,92723.98,19009.19125,0.0001,0.00030000000000000003,0.0008915899999999999,0.3836557915901859,0,0,49875.437,58783.433,-8907.996,0.4590093473270981,0.4797752642544422,-1.5389709157164368,-12169.288,-4258.065399999998,2169804,1,0,0,0
2024-12-20 12:00:00+00:00,92723.99,97572.0,92232.54,96991.62,16343.30766,0.0001,0.00030000000000000003,0.00089159,0.3836557915901859,0,0,58843.914,56361.905000000006,2482.008999999991,0.5107720643867824,0.4843106316894777,0.687826793942141,-8387.398000000008,-2086.167200000002,2067561,1,0,0,0
2024-12-20 16:00:00+00:00,96991.63,97748.0,96300.0,97116.0,7186.02296,0.0001,0.00030000000000000003,0.00089159,0.3836557915901859,0,0,25982.374,27753.558999999997,-1771.1849999999977,0.48351954733902175,0.48291522949616805,-0.43742686116088,-8197.172000000006,-2291.6928000000016,1079057,0,1,0,0
2024-12-20 20:00:00+00:00,97116.0,97816.44,95393.84,97805.44,4762.18635,0.0001,0.00030000000000000003,0.00089159,0.3836557915901859,0,0,15526.908,16077.177,-550.2690000000002,0.49129433742505124,0.4838961729654467,0.0009903261368610912,160.55499999999302,-2141.7704000000012,692235,0,1,0,0
2024-12-21 00:00:00+00:00,97805.44,97813.59,97188.09,97487.46,2878.66863,0.0001,0.00030000000000000003,0.00089159,0.3836557915901859,0,0,7819.563,8747.508,-927.9449999999997,0.47199429518953595,0.4814568500147711,-0.9295436606920164,-3249.3989999999976,-1935.077200000001,387940,1,0,0,0
2024-12-21 04:00:00+00:00,97487.47,99540.61,97378.5,99040.0,5467.95008,0.0001,0.00030000000000000003,0.00089159,0.3836557915901859,0,0,18311.404,14367.097000000002,3944.306999999997,0.5603501825252021,0.48994084526795867,2.9935476371959275,2466.092999999997,635.3833999999981,585320,1,0,0,0
2024-12-21 08:00:00+00:00,99040.0,99187.95,97800.0,98262.08,3434.11954,1.206e-05,0.00021205999999999967,0.0008120600000000001,-4.745450762537524,0,0,12558.374,13166.421999999999,-608.0479999999989,0.4881816749878211,0.4921998234991459,-0.18259929832868052,2408.3139999999985,17.372000000000117,510150,1,0,0,1
2024-12-21 12:00:00+00:00,98262.08,98283.95,96398.39,97527.97,5930.1048,1.206e-05,0.00021205999999999967,0.0008120600000000001,-4.745450762537524,0,0,20652.998,21863.703,-1210.7050000000017,0.4857620067935186,0.4913536273802763,-0.2549174615990959,2125.5539999999964,129.4679999999993,835895,1,0,0,1
2024-12-21 16:00:00+00:00,97527.96,97723.18,96819.36,97269.03,2933.73741,1.206e-05,0.00021205999999999967,0.0008120600000000001,-4.745450762537524,0,0,10568.581,12003.303999999998,-1434.7229999999981,0.4682188040564623,0.48970261353975914,-0.9793202996632154,-3253.4759999999987,-47.42280000000028,559050,1,0,0,1
2024-12-21 20:00:00+00:00,97269.03,98057.51,96539.91,97291.99,2838.96097,0.0001,0.0002120599999999997,0.0008120600000000001,0.3401173682820909,0,0,10436.345,10763.181000000002,-326.83600000000297,0.492291431421627,0.49113936914521206,0.1336168855156751,-2972.264000000003,72.79899999999907,457538,0,1,0,0
2024-12-22 00:00:00+00:00,97292.0,97448.08,96549.37,96994.37,1848.52784,0.0001,0.0002120599999999997,0.00081206,0.3401173682820909,0,0,7541.107,8468.611,-927.5040000000008,0.47103309377466857,0.49234174378996914,-0.7922635958293556,-2689.063000000002,-901.5632000000005,397262,1,0,0,0
2024-12-22 04:00:00+00:00,96994.37,97071.97,95890.28,96210.24,2981.41637,0.0001,0.0002120599999999997,0.00081206,0.3401173682820909,0,0,10182.453,12067.115,-1884.6620000000003,0.4576472226337158,0.4870292596146625,-1.3366751993394326,-3139.002000000004,-1156.8860000000009,449301,1,0,0,0
2024-12-22 08:00:00+00:00,96210.25,97351.57,96196.85,97101.28,2184.9888,0.0001,0.00030000000000000003,0.0008120600000000001,0.3401173682820909,0,0,8374.651,7880.287,494.3639999999996,0.5152065790715412,0.49019796278791433,1.3042233217597659,-2317.8020000000015,-815.8722000000005,357623,1,0,0,0
2024-12-22 12:00:00+00:00,97101.29,97300.0,95109.13,95377.72,4444.90674,0.0001,0.00030000000000000003,0.0008120600000000001,0.3401173682820909,0,0,16290.085,19227.126000000004,-2937.0410000000047,0.45865327094517633,0.4869338561399269,-1.200732754945972,-4327.339000000005,-1116.3358000000019,701931,1,0,0,0
2024-12-22 16:00:00+00:00,95377.71,96444.45,94700.0,94836.55,3910.30845,9.629e-05,0.00029628999999999967,0.00080835,0.13295254617612226,0,0,13155.062,14526.634,-1371.5720000000001,0.4752260121634166,0.487257027837315,-0.4054596582390365,-3814.2490000000053,-1325.2830000000013,588195,1,0,0,0
2024-12-22 20:00:00+00:00,94836.55,95824.0,94250.35,95186.27,3983.68216,9.629e-05,0.00029628999999999967,0.00080835,0.13295254617612226,0,0,14964.057,15437.546999999999,-473.48999999999796,0.4922127464064067,0.4804432842254355,0.36704051021823486,-4782.103000000003,-1234.4802000000007,640626,0,1,0,0
2024-12-23 00:00:00+00:00,95186.28,96043.99,93700.42,96025.15,6028.4424,0.0001,0.0002962899999999997,0.0008083500000000001,0.3478780129793524,0,0,21136.082,22645.646000000004,-1509.5640000000058,0.4827603423967185,0.47990115096632524,-0.11854578747946311,-3354.626000000004,-1159.4606000000017,966414,0,1,0,0
2024-12-23 04:00:00+00:00,96025.15,96509.98,94705.07,95404.01,3919.1348,0.0001,0.0002962899999999997,0.0008083500000000001,0.3478780129793524,0,0,13818.221,14764.901,-946.6800000000003,0.48343987756131046,0.4796689380431044,-0.08898457706254773,-2929.734000000004,-1447.6694000000018,626194,1,0,0,0
2024-12-23 08:00:00+00:00,95404.01,96538.92,95036.77,95932.42,3020.85272,0.0001,0.00029628999999999967,0.00080835,0.3478780129793524,0,0,10965.148,10669.423,295.72499999999854,0.506834547354787,0.4835305123729368,1.058924172458858,-2160.5190000000075,-801.1162000000011,489917,1,0,0,0
2024-12-23 12:00:00+00:00,95932.41,96423.0,93107.52,93250.37,8316.98998,0.0001,0.00029628999999999967,0.00080835,0.3478780129793524,0,0,30397.906,32944.293000000005,-2546.387000000006,0.4798997584532864,0.4822913450761027,-0.23621826755266356,-3197.342000000008,-1036.0792000000024,1239753,1,0,0,0
2024-12-23 16:00:00+00:00,93250.38,94260.0,92690.0,93044.79,6236.29663,0.0001,0.00029628999999999967,0.00080835,0.3478780129793524,0,0,24245.146,25212.519999999997,-967.3739999999962,0.4902201814375956,0.48421005384239546,0.23404091649788214,-3218.0360000000037,-1134.856000000002,1060516,1,0,0,0
2024-12-23 20:00:00+00:00,93044.79,95509.09,92520.0,94881.47,5289.0505,8.981e-05,0.00028980999999999967,0.00079816,-0.223049726908209,0,0,21266.529,19146.040000000005,2120.488999999994,0.5262355135106604,0.49106888293008993,1.8152687331750634,-1393.2720000000081,-408.845400000002,824874,1,0,0,0
2024-12-24 00:00:00+00:00,94881.47,94881.47,93569.02,94348.75,3135.824,0.0001,0.00028980999999999967,0.00079816,0.3179677544121546,0,0,12302.476,12428.903,-126.42699999999968,0.49744399614756624,0.4892926246376924,0.4671221012529851,1026.6879999999983,-244.79480000000186,523138,1,0,0,0
2024-12-24 04:00:00+00:00,94348.75,94653.45,93810.45,94233.19,1999.49298,0.0001,0.00028980999999999967,0.00079816,0.3179677544121546,0,0,7444.417,7499.391999999999,-54.974999999998545,0.49816060952063834,0.49324335849523865,0.473412166781794,1939.086999999996,-314.93480000000125,317190,1,0,0,0
2024-12-24 08:00:00+00:00,94233.2,94635.7,93840.0,94398.6,1936.10063,0.0001,0.0002898099999999997,0.0008861,0.3179677544121529,0,0,7419.695,7513.111000000001,-93.41600000000108,0.4968721216896543,0.4954079694478624,0.4123492619834171,-274.8179999999993,175.65939999999972,329432,0,1,0,0
2024-12-24 12:00:00+00:00,94398.6,98300.0,94075.1,98300.0,6970.36477,0.0001,0.0002898099999999997,0.0008861,0.3179677544121529,0,0,35974.104,30199.220999999998,5774.883000000002,0.5436345234276803,0.5005501471499898,2.2643828505984653,5626.492000000002,1524.1107999999992,1137745,1,0,0,0
2024-12-24 16:00:00+00:00,98299.99,99487.99,97546.57,97581.09,6446.91305,0.0001,0.0002898099999999997,0.0008861,0.3179677544121529,0,0,30376.225,30271.712,104.51299999999901,0.5008616368929416,0.502360276599612,0.4049662093436024,5785.98,1120.9156000000003,1048115,0,1,0,0
2024-12-24 20:00:00+00:00,97581.1,99068.9,97250.0,98663.58,3185.52945,0.0001,0.00030000000000000003,0.0008861000000000001,0.3179677544121529,0,0,15859.139,14322.237000000001,1536.9019999999982,0.5254610989240517,0.5065623987358862,1.374232795314998,7416.297999999999,1453.5813999999998,564678,1,0,0,0
2024-12-25 00:00:00+00:00,98663.58,98878.44,97725.27,98029.48,2347.026,0.0001,0.00030000000000000003,0.0008861000000000001,0.3179677544121529,0,0,7880.408,9064.86,-1184.4520000000002,0.46505065602975415,0.5023840096033829,-1.097015384738823,456.962999999997,1227.6859999999995,394336,1,0,0,0
2024-12-25 04:00:00+00:00,98029.49,98581.9,97844.18,98084.33,1454.63832,0.0001,0.00030000000000000003,0.0008861,0.3179677544121529,0,0,5681.316,6112.400000000001,-431.08400000000074,0.48172399606705807,0.50256643336476,-0.42137254983582556,-78.63400000000274,1160.1523999999995,281829,0,1,0,0
2024-12-25 08:00:00+00:00,98084.33,99349.31,97773.83,97907.61,3026.36685,0.0001,0.00030000000000000003,0.0008861,0.28422930437565025,0,0,13756.851,14448.121000000001,-691.2700000000004,0.48774560031472464,0.5023189752524729,-0.2208582438277883,-2306.8060000000014,-133.07820000000083,546544,1,0,0,0
2024-12-25 12:00:00+00:00,97907.61,98832.89,97632.02,98519.98,2843.35507,0.0001,0.00030000000000000003,0.0008861,0.28422930437565025,0,0,13877.872,13122.514,755.3580000000002,0.5139879111357889,0.5010942150149857,0.8833583506111293,-366.996000000001,-2.909200000000601,582033,1,0,0,0
2024-12-25 16:00:00+00:00,98519.99,99299.99,98134.4,99018.52,2094.84554,0.0001,0.00030000000000000003,0.00088981,0.28422930437565025,0,0,8373.729,7897.408000000001,476.3209999999981,0.5146369918709429,0.5028135145873235,0.8579999434531309,540.4089999999978,-215.02540000000062,407988,1,0,0,0
2024-12-25 20:00:00+00:00,99018.52,99569.15,98384.61,99429.6,2707.93332,0.0001,0.00030000000000000003,0.00088981,0.28422930437565025,0,0,12683.308,11798.105,885.2030000000013,0.5180790830986758,0.5048053619451272,0.9491203980895624,2116.8819999999996,198.90559999999968,510095,1,0,0,0
2024-12-26 00:00:00+00:00,99429.61,99963.7,98468.26,98995.17,3339.03441,9.827e-05,0.0002982699999999997,0.00088808,0.18236823742280908,0,0,15173.587,14830.279999999999,343.3070000000007,0.505721045890518,0.5056902543652136,0.4001100536625311,1704.8310000000001,353.7838,619902,0,1,0,0
2024-12-26 04:00:00+00:00,98995.18,98995.18,97711.17,97719.99,2538.93374,9.827e-05,0.0002982699999999997,0.00088808,0.18236823742280908,0,0,9370.883,10982.226,-1611.3430000000008,0.4604153105061246,0.497368333073058,-1.4992658584751648,-382.8329999999987,169.7691999999999,436254,1,0,0,0
2024-12-26 08:00:00+00:00,97719.99,97772.13,95199.14,95695.81,6056.25765,7.453e-05,0.0002727999999999997,0.0008626100000000001,-1.186089738170587,0,0,28832.218,33114.004,-4281.786,0.4654394904018521,0.4938261184239491,-1.2003765864140965,-5549.822,-837.6596000000002,992617,1,0,0,0
2024-12-26 12:00:00+00:00,95695.81,96280.25,95234.93,96042.88,4267.56835,7.453e-05,0.0002727999999999997,0.0008626100000000001,-1.186089738170587,0,0,18913.4,18359.97,553.4300000000003,0.5074239329580341,0.49202240182734724,0.6581924393328131,-5339.6990000000005,-822.2377999999997,792252,1,0,0,0
2024-12-26 16:00:00+00:00,96042.89,96621.95,95444.44,96102.25,2892.18792,8.585e-05,0.0002586499999999997,0.00085865,-0.4976910024041563,0,0,14712.671,13808.442000000001,904.2289999999994,0.5158519234505329,0.4971025285694252,0.9698853218607432,-2824.1270000000004,-818.4326000000001,647708,1,0,0,0
2024-12-26 20:00:00+00:00,96102.24,96114.46,95302.0,95791.6,2098.3852,8.585e-05,0.0002586499999999997,0.00085865,-0.4976910024041563,0,0,8168.12,8591.850000000002,-423.7300000000023,0.48735886758747177,0.4976660157214666,-0.3068098814751555,1033.9289999999974,-971.8400000000007,389583,1,0,0,0
2024-12-27 00:00:00+00:00,95791.6,96443.68,95401.03,96417.84,2935.2441,0.0001,0.00026037999999999967,0.0008586500000000001,0.3041042757576928,0,0,12292.82,11900.353,392.46700000000055,0.5081111105186575,0.4997025667418599,0.5796091553203615,872.9659999999976,-571.0780000000004,446939,1,0,0,0
2024-12-27 04:00:00+00:00,96417.84,96604.24,94646.03,95104.76,4600.52902,0.0001,0.00026037999999999967,0.0008586500000000001,0.3041042757576928,0,0,16407.151,16730.643,-323.49199999999837,0.4951189870997448,0.4978156743382554,-0.07434952705143189,-354.7550000000001,220.5807999999999,598542,1,0,0,0
2024-12-27 08:00:00+00:00,95104.76,97544.58,95104.76,96952.38,4963.50857,0.0001,0.00028584999999999966,0.0008586500000000001,0.3041042757576928,0,0,24267.767,23668.862,598.9049999999988,0.5062468410117031,0.4969766592523315,0.48205061095782115,667.880000000001,229.6757999999996,870003,1,0,0,0
2024-12-27 12:00:00+00:00,96952.38,97035.8,94011.11,94573.75,6425.73336,0.0001,0.00028584999999999966,0.0008586500000000001,0.3041042757576928,0,0,21819.315,24763.619000000002,-2944.3040000000037,0.4683971816803123,0.4920084691104951,-1.4172563233416768,-2668.8910000000033,-540.030800000001,973862,1,0,0,0
2024-12-27 16:00:00+00:00,94573.75,94996.16,93500.01,94750.0,5278.97717,0.0001,0.00030000000000000003,0.00085865,0.304104275757692,0,0,19828.085,18965.576,862.5089999999982,0.5111166228936217,0.49254802681080545,0.6716870282686126,-1482.8900000000067,-282.7830000000009,833694,1,0,0,0
2024-12-27 20:00:00+00:00,94750.11,94823.09,94100.6,94299.03,2297.27207,0.0001,0.00030000000000000003,0.00085865,0.304104275757692,0,0,7431.001,7933.0509999999995,-502.0499999999993,0.4836615366831615,0.49487264942850917,-0.7020552602924739,-2583.845000000005,-461.68640000000084,363616,1,0,0,0
2024-12-28 00:00:00+00:00,94299.03,94720.0,94135.66,94594.91,1341.52605,0.0001,0.00030000000000000003,0.00085865,0.304104275757692,0,0,4775.461,4729.104,46.35699999999997,0.5024386702600276,0.4985725674143267,0.2128310761841916,406.8159999999989,-387.7166000000012,252930,1,0,0,0
2024-12-28 04:00:00+00:00,94594.91,94800.0,94307.0,94381.99,971.18403,0.0001,0.00030000000000000003,0.0008586500000000001,0.3041042757576928,0,0,3838.956,3665.325,173.6310000000003,0.5115687965309401,0.49898705377161734,0.6313286560920378,-282.061999999999,-472.7714000000009,195777,0,1,0,0
2024-12-28 08:00:00+00:00,94381.98,94883.0,94312.67,94754.83,1063.67759,7.639e-05,0.00027638999999999973,0.00083504,-1.0648117695344124,0,0,4462.514,4254.2210000000005,208.29299999999967,0.511947879567292,0.49859664938329323,0.6390119792152346,428.28099999999995,157.74799999999976,210039,1,0,0,0
2024-12-28 12:00:00+00:00,94754.83,95340.36,94375.8,94447.29,2013.14298,7.639e-05,0.00027638999999999973,0.00083504,-1.0648117695344124,0,0,10300.872,9873.559000000001,427.3129999999983,0.5105904597755445,0.5009198086021005,0.5248276697642167,809.2369999999983,70.7087999999998,409935,0,1,0,0
2024-12-28 16:00:00+00:00,94447.28,95245.24,94389.45,95027.76,1698.97945,5.173e-05,0.00022811999999999968,0.00078677,-2.207989280723253,0,0,6573.568,5683.465999999999,890.1020000000008,0.5363098446165687,0.5037396820118917,1.684681978311386,1525.7079999999987,349.1391999999998,299509,1,0,0,1
2024-12-28 20:00:00+00:00,95027.75,95733.99,94878.26,95300.0,1297.3828,5.173e-05,0.00022811999999999968,0.00078677,-2.207989280723253,0,0,5380.568,4453.735,926.8330000000005,0.5471224549416466,0.5089400287960819,2.0611201187458033,2244.2479999999996,525.2343999999999,245339,1,0,0,1
2024-12-29 00:00:00+00:00,95300.0,95340.0,94808.0,95172.4,1053.11164,8.013e-05,0.0002082499999999997,0.0007686300000000001,-0.6436384921536041,0,0,3762.252,4324.272000000001,-562.0200000000009,0.46524959302662056,0.5048403039975735,-1.603520417604554,1254.9150000000004,378.10419999999965,206378,1,0,0,0
2024-12-29 04:00:00+00:00,95172.41,95283.99,94971.44,95272.04,875.93086,8.013e-05,0.0002082499999999997,0.0007686300000000001,-0.6436384921536041,0,0,2475.986,2371.2290000000003,104.7569999999996,0.5108058957566355,0.5090811754052058,0.389700147492002,469.56999999999925,357.39699999999965,129343,1,0,0,0
2024-12-29 08:00:00+00:00,95272.05,95315.5,95010.0,95032.57,788.50288,0.0001,0.0002318599999999997,0.0007941000000000001,0.4186964983568713,0,0,2905.353,2813.1849999999995,92.16800000000057,0.5080587031160763,0.5087753834274513,0.25211003389035946,-365.0950000000007,290.3680000000001,135925,0,1,0,0
2024-12-29 12:00:00+00:00,95032.58,95231.58,94010.0,94511.12,2881.2142,0.0001,0.0002318599999999997,0.0007941000000000001,0.4186964983568713,0,0,12491.994,13065.787999999999,-573.793999999998,0.4887745736308417,0.5092866871222194,-0.5477313594888773,-376.86899999999787,-2.4111999999996443,465351,1,0,0,0
2024-12-29 16:00:00+00:00,94511.11,94578.89,93367.52,93612.89,4040.48021,0.0001,0.0002801299999999997,0.00080825,0.4186964983568713,0,0,11898.941,14307.871000000001,-2408.9300000000003,0.45404000303432557,0.5044468203996492,-1.9489923233767765,-2890.5559999999978,-669.5637999999998,511994,1,0,0,0
2024-12-29 20:00:00+00:00,93612.89,93949.52,93009.52,93738.2,3936.76599,0.0001,0.0002801299999999997,0.00080825,0.4186964983568713,0,0,11397.211,13233.851999999999,-1836.6409999999996,0.46271697652675403,0.49956163839923057,-1.4591470540651958,-4819.364999999998,-924.4879999999996,541473,0,1,0,0
2024-12-30 00:00:00+00:00,93738.19,94274.29,93368.93,93722.71,2898.63024,-4.2e-07,0.00019957999999999968,0.00070783,-3.550540038392026,0,0,9728.522,9591.130999999998,137.39100000000326,0.5035557315651581,0.4987224235990171,0.23922886697538268,-4108.179999999997,-917.9611999999988,494238,0,1,0,1
2024-12-30 04:00:00+00:00,93722.72,94060.35,93240.03,93731.65,2439.98241,-4.2e-07,0.00019957999999999968,0.00070783,-3.550540038392026,0,0,8644.173,7628.82,1015.353000000001,0.5311974877639289,0.5007831263978556,1.3541309836573976,-683.8969999999954,-733.3241999999988,384330,1,0,0,1
2024-12-30 08:00:00+00:00,93731.66,94068.56,93469.56,93923.14,1683.90269,-4.2e-07,0.00019957999999999968,0.00070783,-3.550540038392026,0,0,7153.472,7016.866,136.60599999999977,0.5048201390820741,0.4976341558444061,0.19315116284693493,1289.350000000004,-591.2441999999992,323903,1,0,0,1
2024-12-30 12:00:00+00:00,93923.14,94277.23,91530.45,92130.21,9295.9625,8.791e-05,0.00018748999999999968,0.00069574,-0.020296044319964707,0,0,32753.575,37596.46000000001,-4842.885000000006,0.46558008109022264,0.4894799184592638,-1.3938968763250505,-3690.926000000005,-1078.0352000000003,1266021,1,0,0,0
2024-12-30 16:00:00+00:00,92130.21,94684.09,91800.0,94417.04,6130.98017,0.0001,0.00018748999999999968,0.00069574,0.46241708845716,0,0,29943.343,26461.693999999996,3481.649000000005,0.5308629263021315,0.4960412517868148,1.2970658991423252,-1224.630000000001,-14.377199999999357,1088662,1,0,0,0
2024-12-30 20:00:00+00:00,94417.04,95024.5,91901.57,92792.05,5169.96449,0.0001,0.00018748999999999968,0.00069574,0.46241708845716,0,0,22837.918,22987.618999999995,-149.70099999999366,0.49836662034096846,0.49479732424524814,-0.010893586176860455,-1510.9369999999944,-71.79559999999874,844019,1,0,0,0
2024-12-31 00:00:00+00:00,92792.05,92907.03,92033.73,92509.59,2673.26662,0.0001,0.0002879099999999997,0.00069574,0.46241708845716,0,0,8576.589,8365.254,211.33499999999913,0.5062370723185192,0.4946151611654924,0.3151028968926686,3543.2830000000104,-232.59919999999912,441035,0,1,0,0
2024-12-31 04:00:00+00:00,92509.6,93040.1,92344.07,92860.75,1910.77295,0.0001,0.0002879099999999997,0.00069574,0.46241708845716,0,0,5344.429,5751.259,-406.8299999999999,0.4816672026105997,0.4939044240634682,-0.7615967089979747,-345.19599999999446,-341.28639999999905,287973,0,1,0,0
2024-12-31 08:00:00+00:00,92860.75,94741.68,92842.88,94232.68,3728.42811,0.0001,0.00030000000000000003,0.0007193500000000001,0.4211020636222028,0,0,19122.877,17386.888,1735.9890000000014,0.5237743107905515,0.5008778548390909,0.9890851151136376,1540.4940000000006,974.4884000000023,631250,1,0,0,0
2024-12-31 12:00:00+00:00,94232.68,96250.0,94232.67,95412.0,5922.39263,0.0001,0.00030000000000000003,0.0007193500000000001,0.4211020636222028,0,0,30429.683,27876.588,2553.095000000001,0.5218938285386147,0.5067955400402768,0.8740915213698719,3882.2540000000026,788.7776000000016,1026370,1,0,0,0
2024-12-31 16:00:00+00:00,95412.0,95590.52,93189.59,94166.88,3654.49229,0.0001,0.00030000000000000003,0.00076762,0.4211020636222034,0,0,20889.653,20591.620000000003,298.0329999999958,0.503592380108489,0.50679920489461,0.09709892860730265,4587.116999999998,878.3243999999995,818491,0,1,0,0
2024-12-31 20:00:00+00:00,94166.88,94222.5,93375.38,93576.0,1722.68129,0.0001,0.00030000000000000003,0.00076762,0.4211020636222034,0,0,7290.941,7022.335,268.60599999999977,0.5093831069840336,0.5046177668166204,0.3198729451987565,3119.7339999999967,889.7785999999996,330328,0,1,0,0
2025-01-01 00:00:00+00:00,93576.0,94509.42,93489.03,93838.04,1840.29813,0.0001,0.00030000000000000003,0.00076762,0.4211020636222034,0,0,6971.09,6990.929,-19.838999999999942,0.49928953684993554,0.5040647065934065,-0.11104222418724946,546.7999999999956,967.1767999999996,294085,0,1,0,0
2025-01-01 04:00:00+00:00,93838.04,93937.19,93500.0,93684.1,958.86153,0.0001,0.00030000000000000003,0.0007874900000000001,0.4211020636222028,0,0,3942.454,3910.029,32.42500000000018,0.5020646335687705,0.5077131618412614,0.0008931263375494606,281.192,626.4639999999994,157153,0,1,0,0
2025-01-01 08:00:00+00:00,93684.11,93756.02,92888.0,93444.64,1867.48363,0.0001,0.00030000000000000003,0.00078749,0.4211020636222034,0,0,8655.735,10349.253,-1693.518,0.45544543358827694,0.500171412569876,-1.854905796470022,-1680.9319999999998,-222.85860000000085,336126,1,0,0,0
2025-01-01 12:00:00+00:00,93444.65,94500.0,93407.07,94432.94,2077.71092,0.0001,0.00030000000000000003,0.00078749,0.4211020636222034,0,0,11541.578,10585.491,956.0869999999995,0.5216044655530292,0.502495197091082,0.8208391670551459,-705.0060000000003,-91.2478000000001,417775,1,0,0,0
2025-01-01 16:00:00+00:00,94432.94,94823.75,93760.93,94627.07,1721.05382,0.0001,0.00030000000000000003,0.00078749,0.4211020636222034,0,0,7753.574,7154.124000000001,599.4499999999989,0.5201053844798841,0.5038820283072185,0.7396366379873972,-137.9810000000016,-25.07900000000027,327629,1,0,0,0
2025-01-01 20:00:00+00:00,94627.08,95151.15,94542.0,94591.79,1907.9181,0.0001,0.00030000000000000003,0.0007874900000000001,0.4142371534086973,0,0,6848.05,6534.353,313.6970000000001,0.5117205034103367,0.5068873583871921,0.3528775804013352,1869.2339999999986,41.628199999999744,271592,0,1,0,0
2025-01-02 00:00:00+00:00,94591.78,95516.0,94392.0,95010.33,3071.06776,0.0001,0.00030000000000000003,0.0008879100000000001,0.414237153408698,0,0,10996.062,11802.655,-806.5930000000008,0.4823105615987075,0.5027409834680078,-0.8489507382873045,106.55399999999827,-126.17540000000045,453606,0,1,0,0
2025-01-02 04:00:00+00:00,95010.34,96000.0,94984.84,95822.0,2597.83185,0.0001,0.00030000000000000003,0.0008879100000000001,0.414237153408698,0,0,10395.206,9745.069000000001,650.1369999999988,0.5161402215213049,0.5021656227662767,0.5523773038757078,157.24099999999817,342.55559999999934,383994,1,0,0,0
2025-01-02 08:00:00+00:00,95822.01,96876.38,95640.05,96732.99,3181.19751,0.0001,0.00030000000000000003,0.0008879100000000001,0.414237153408698,0,0,12238.515,13010.774000000001,-772.2590000000018,0.4847073119563881,0.5002771159510667,-0.710794002905501,-928.7150000000038,-3.1136000000009516,474894,0,1,0,0
2025-01-02 12:00:00+00:00,96733.0,97440.91,95924.6,96455.01,6594.73113,0.0001,0.00030000000000000003,0.0009000000000000001,0.414237153408698,0,0,26048.523,26669.108999999997,-620.5859999999957,0.49411405656460444,0.49875021090912386,-0.300174823798478,-742.7079999999987,-247.12079999999986,978296,1,0,0,0
2025-01-02 16:00:00+00:00,96455.01,97777.0,96040.04,97317.74,4552.1019,0.0001,0.00030000000000000003,0.0009000000000000001,0.39666412168196935,0,0,23652.033,20972.719999999998,2679.313000000002,0.5300204798892668,0.501823305213057,1.2054105156974866,1286.4680000000044,226.00240000000048,851770,1,0,0,0
2025-01-02 20:00:00+00:00,97317.74,97839.5,96666.66,96984.79,1973.55933,0.0001,0.00030000000000000003,0.0009000000000000001,0.39666412168196935,0,0,8339.679,7775.15,564.5290000000005,0.5175158234691786,0.5033684242030978,0.7687727632870892,2623.2560000000067,500.2268000000007,343327,0,1,0,0
2025-01-03 00:00:00+00:00,96984.79,97342.44,96650.0,97062.3,1301.75815,0.0001,0.00030000000000000003,0.0009000000000000001,0.39666412168196935,0,0,5425.938,5962.688,-536.75,0.4764348219003767,0.5054673630343076,-1.095127905984327,2707.0920000000024,262.84940000000097,243511,0,1,0,0
2025-01-03 04:00:00+00:00,97062.3,97066.18,96280.65,96304.0,1511.25736,0.0001,0.00030000000000000003,0.0009000000000000001,0.39666412168196935,0,0,5999.411,8494.278,-2494.867,0.413932643373264,0.49470018081633116,-3.087418778619077,-2467.0879999999997,-81.6721999999987,267533,1,0,0,0
2025-01-03 08:00:00+00:00,96304.0,96830.0,96100.01,96757.58,1875.17783,0.0001,0.00030000000000000003,0.0009000000000000001,0.39666412168196935,0,0,8151.881,7957.851,194.03000000000065,0.5060221361845126,0.49329185598679404,0.32456877667673684,-2837.5869999999995,81.25100000000057,299456,1,0,0,0
2025-01-03 12:00:00+00:00,96757.57,97660.0,96472.43,97521.35,3996.57846,0.0001,0.00030000000000000003,0.0009000000000000001,0.39666412168196935,0,0,17132.507,16771.899999999998,360.6070000000036,0.5053179959761573,0.49265160524337615,0.2781503545305814,-1940.229999999996,-382.4901999999991,672866,1,0,0,0
2025-01-03 16:00:00+00:00,97521.36,98976.91,97406.54,98592.01,4583.69677,5.242e-05,0.00025241999999999973,0.00085242,-1.7354501507876614,0,0,19338.538,17202.485,2136.053,0.5292281499617567,0.49734336407968105,1.101134730939365,2690.690000000004,-68.1853999999992,697774,1,0,0,0
2025-01-03 20:00:00+00:00,98592.02,98748.0,98067.99,98174.18,1985.36079,5.242e-05,0.00025241999999999973,0.00085242,-1.7354501507876614,0,0,6587.375,6195.822,391.5529999999999,0.5153151437781957,0.49726085630537015,0.5213690154449506,2888.2130000000034,117.47520000000077,266363,0,1,0,0
2025-01-04 00:00:00+00:00,98174.17,98314.15,97800.0,98200.0,1400.83188,7.699e-05,0.0002294099999999997,0.00082941,-0.5711227510527049,0,0,5393.766,6402.845000000001,-1009.0790000000015,0.45723013160305104,0.4945131382700364,-1.622949980788812,1518.5269999999982,414.6328000000005,214038,0,1,0,0
2025-01-04 04:00:00+00:00,98200.01,98350.04,97862.87,98271.88,1220.86223,7.699e-05,0.0002294099999999997,0.00082941,-0.5711227510527049,0,0,3724.049,4019.071,-295.02199999999993,0.4809494105735156,0.4931966736709275,-0.6818033147476141,-912.5480000000016,316.82240000000036,161755,0,1,0,0
2025-01-04 08:00:00+00:00,98271.87,98306.22,97532.58,97889.39,1585.26406,0.0001,0.00022940999999999966,0.00082941,0.48272925389699395,0,0,6701.493,7925.235999999999,-1223.7429999999986,0.45816757800052227,0.486011383482053,-1.4355783238751887,-2527.844,-0.04760000000005675,257515,1,0,0,0
2025-01-04 12:00:00+00:00,97889.4,98152.02,97514.79,97657.94,1867.22331,0.0001,0.00022940999999999966,0.00082941,0.48272925389699395,0,0,7451.086,7774.025999999999,-322.9399999999987,0.4893944950946831,0.4831992506446035,-0.3265056824224518,-1841.7049999999972,-491.8461999999998,330867,1,0,0,0
2025-01-04 16:00:00+00:00,97657.95,98350.0,97549.99,98166.26,1394.26571,7.98e-06,0.0001849699999999997,0.00073739,-2.980587970327472,0,0,5203.552,4783.513000000001,420.03899999999885,0.5210291512070863,0.4876586835752745,0.8850727915450683,-1126.6439999999984,-486.149,223221,1,0,0,1
2025-01-04 20:00:00+00:00,98166.26,98778.43,98143.2,98220.5,1521.60932,7.98e-06,0.0001849699999999997,0.00073739,-2.980587970327472,0,0,6134.585,6401.411999999999,-266.8269999999993,0.48935756765098143,0.49520117600304625,-0.3079543616685188,-169.72799999999916,-337.69859999999954,237840,0,1,0,1
2025-01-05 00:00:00+00:00,98220.51,98391.59,98050.0,98187.96,830.57053,0.0001,0.0002079799999999997,0.00073739,0.5144805210272797,0,0,2791.608,2865.1309999999994,-73.52299999999923,0.4935012911148986,0.4939490914960848,-0.13466749835614375,79.6890000000003,-293.39879999999937,135284,1,0,0,0
2025-01-05 04:00:00+00:00,98187.97,98522.76,98187.96,98268.77,719.22974,0.0001,0.0002079799999999997,0.00073739,0.5144805210272797,0,0,3125.083,4239.153,-1114.0700000000002,0.4243594311752095,0.48585323501599,-2.4117090603295503,-1454.4199999999987,-271.4641999999997,142550,0,1,0,0
2025-01-05 08:00:00+00:00,98268.77,98268.78,97600.0,97641.63,1371.38309,0.0001,0.0002079799999999997,0.0007373900000000001,0.4820059390918753,0,0,5980.337,7213.869,-1233.5319999999992,0.4532547847138358,0.47825589849119793,-1.32669376858588,-2421.1249999999986,-453.58259999999984,252824,1,0,0,0
2025-01-05 12:00:00+00:00,97641.62,98281.89,97276.79,98028.98,1867.30793,0.0001,0.0002079799999999997,0.0007373900000000001,0.4820059390918753,0,0,9775.86,9428.839,347.02100000000064,0.5090347940366053,0.4776278635170389,0.5665060701643361,-2000.5809999999988,-468.1861999999995,341453,1,0,0,0
2025-01-05 16:00:00+00:00,98028.98,98332.54,97577.46,98079.63,1421.36695,8.32e-05,0.00028319999999999973,0.00072059,-0.15216772076172821,0,0,6161.9,6361.364,-199.46399999999994,0.4920362614730473,0.4811084765040385,0.0023837567265754416,-1085.9749999999985,-454.7135999999996,239142,0,1,0,0
2025-01-05 20:00:00+00:00,98079.64,98836.85,98024.0,98363.61,1885.77899,8.32e-05,0.00028319999999999973,0.00072059,-0.15216772076172821,0,0,8952.759,8053.386,899.3729999999996,0.5264425888406808,0.485657794330755,1.1347028297637565,1046.9300000000003,-260.1343999999998,305507,1,0,0,0
2025-01-06 00:00:00+00:00,98363.61,99333.0,97920.0,99037.57,3197.2233,0.0001,0.0002831999999999997,0.0007205900000000001,0.48518398923503775,0,0,13638.161,12983.262999999999,654.898000000001,0.5123002060295497,0.4910710571336578,0.6427242474528649,1354.8070000000007,93.65920000000042,518937,1,0,0,0
2025-01-06 04:00:00+00:00,99037.57,99892.0,99037.57,99318.7,2944.63327,0.0001,0.0002831999999999997,0.0007205900000000001,0.48518398923503775,0,0,13039.603,12802.791000000001,236.81199999999808,0.5045818510467722,0.4925897927288667,0.3829413912641063,1791.0829999999987,387.7279999999999,442067,1,0,0,0
2025-01-06 08:00:00+00:00,99318.7,99625.69,98709.28,99259.99,2315.45844,0.0001,0.0002831999999999997,0.0007205900000000001,0.48518398923503775,0,0,10960.929,10958.456999999999,2.4720000000015716,0.5000563884408077,0.4904925164522388,0.18844274045780893,894.1820000000007,318.81820000000005,368432,0,1,0,0
2025-01-06 12:00:00+00:00,99259.99,102468.92,98711.94,102147.95,8408.22358,0.0001,0.00028319999999999973,0.00072059,0.48518398923503775,0,0,41682.593,37123.831,4558.762000000002,0.528923796872194,0.4944491393743601,1.1557803371797941,4798.046000000002,1270.4634000000005,1374286,1,0,0,0
2025-01-06 16:00:00+00:00,102147.95,102480.0,101250.0,101817.22,5128.12803,0.0001,0.00030000000000000003,0.0007681700000000001,0.48518398923503775,0,0,18676.735,19710.102,-1033.3669999999984,0.48654008664480486,0.4937530189273507,-0.24415889752093828,3527.8670000000056,883.915400000001,788934,1,0,0,0
2025-01-06 20:00:00+00:00,101817.22,102329.98,101600.05,102235.6,3269.76713,0.0001,0.00030000000000000003,0.0007681700000000001,0.48518398923503775,0,0,8225.496,7691.368,534.1279999999988,0.5167786820318374,0.5029949440130135,0.7830577905891168,4059.523000000003,859.7614000000005,380191,1,0,0,0
2025-01-07 00:00:00+00:00,102235.6,102724.38,101512.91,101708.08,2357.41538,0.0001,0.00030000000000000003,0.00079118,0.48518398923503775,0,0,9442.889,8681.446,761.4429999999993,0.5210060948443074,0.5097700750260606,0.8736137745488646,262.2039999999997,964.6876000000008,387815,0,1,0,0
2025-01-07 04:00:00+00:00,101708.09,102015.01,101582.79,101664.81,1492.76799,0.0001,0.00030000000000000003,0.00079118,0.48518398923503775,0,0,4474.948,5112.745999999999,-637.7979999999989,0.46673871735998257,0.5055404673583983,-0.8974937224911571,657.7729999999992,836.6336000000007,196995,1,0,0,0
2025-01-07 08:00:00+00:00,101664.81,101995.64,100472.45,100830.86,3234.87532,8.903e-05,0.0002890299999999997,0.00078021,0.0531815448102293,0,0,12357.198,14887.108,-2529.91,0.4535699312729787,0.5016938343383914,-1.2686422572903364,-2406.2649999999994,-581.1007999999998,458569,1,0,0,0
2025-01-07 12:00:00+00:00,100830.86,100960.06,97153.5,97952.26,12652.02745,8.903e-05,0.0002890299999999997,0.00078021,0.0531815448102293,0,0,48948.409,53624.22,-4675.8110000000015,0.4772073161934847,0.49677030707367187,-0.4768205886990441,-7843.519,-1309.5896000000005,1555180,1,0,0,0
2025-01-07 16:00:00+00:00,97952.26,98347.81,96323.67,96451.98,7820.91705,8.903e-05,0.0002890299999999997,0.00078021,0.0531815448102293,0,0,32981.484,35453.376000000004,-2471.892000000007,0.4819398183908025,0.4937342683097972,-0.27823814114457024,-9677.613000000008,-1910.7936000000016,1218850,1,0,0,0
2025-01-07 20:00:00+00:00,96451.99,97220.76,96181.81,96954.61,4501.87218,8.279e-05,0.0002718199999999997,0.0008550200000000001,-0.23126347079531703,0,0,15997.235,16750.25,-753.0149999999994,0.4885027048642056,0.4921263536915405,-0.027198993275887453,-7900.718000000008,-2213.6852000000013,651624,0,1,0,0
2025-01-08 00:00:00+00:00,96954.6,97268.65,96216.83,96525.2,3503.85267,8.279e-05,0.0002718199999999997,0.0008550200000000001,-0.23126347079531703,0,0,10900.605,11689.585,-788.9799999999996,0.4825371101349745,0.49037442586095725,-0.23687169868860944,-4013.887000000006,-2243.9216000000015,482887,1,0,0,0
2025-01-08 04:00:00+00:00,96525.2,96654.61,95250.76,95657.09,5008.27213,0.0001,0.00027181999999999966,0.0008550200000000001,0.4193492873787278,0,0,17239.239,21139.206,-3899.966999999997,0.4491906589753702,0.4824011120712749,-1.5422223574444882,-5441.961999999996,-2517.933000000001,725107,1,0,0,0
2025-01-08 08:00:00+00:00,95657.09,96132.47,94543.86,95134.92,4080.06431,0.0001,0.00028278999999999967,0.00085502,0.41934928737872723,0,0,15283.039,18152.204999999998,-2869.1659999999974,0.45709368832481084,0.47945647223927546,-1.165501188882716,-7558.112999999994,-2156.6040000000003,600467,1,0,0,0
2025-01-08 12:00:00+00:00,95134.92,96079.32,94624.43,95493.77,7524.11163,0.0001,0.00028278999999999967,0.00085502,0.41934928737872723,0,0,27980.604,27788.871,191.73300000000017,0.5017189779893033,0.477950501835022,0.4674105126946164,-6577.399999999994,-1623.8789999999985,1153726,1,0,0,0
2025-01-08 16:00:00+00:00,95493.77,95555.25,92500.9,94243.89,10263.38282,0.0001,0.00030000000000000003,0.00087182,0.4193492873787278,0,0,41476.019,45845.535,-4369.516000000003,0.47498031242091726,0.473347923592683,-0.46044682502382944,-7046.9490000000005,-2347.1791999999996,1570196,1,0,0,0
2025-01-08 20:00:00+00:00,94243.89,95310.94,93600.0,95060.61,3324.99538,0.0001,0.00030000000000000003,0.00087182,0.4193492873787278,0,0,12866.535,11650.670000000002,1215.864999999998,0.5247961584528089,0.4791536677019657,1.394994744956242,-2961.918000000005,-1946.2102,501958,1,0,0,0
2025-01-09 00:00:00+00:00,95060.61,95382.32,93422.89,94027.9,5419.68508,0.0001,0.00030000000000000003,0.00087182,0.3848818703972808,0,0,15727.92,17053.303,-1325.3829999999998,0.47978441804932054,0.48177511637959985,-0.3207783767132992,-4479.034000000005,-1431.2934000000005,644057,1,0,0,0
2025-01-09 04:00:00+00:00,94027.91,94618.63,93186.38,93221.59,2824.32014,0.0001,0.00030000000000000003,0.00087182,0.3848818703972808,0,0,10838.156,12242.797,-1404.6409999999996,0.46957142540864755,0.4810115273011162,-0.6909382454018591,-1514.1590000000015,-1138.388400000001,459925,1,0,0,0
2025-01-09 08:00:00+00:00,93221.59,93877.46,92750.0,93465.23,4574.38662,9.834e-05,0.0002983399999999997,0.00087016,0.2792822462718436,0,0,16942.389,18131.753999999997,-1189.364999999998,0.48304498844062993,0.48112204430609884,-0.21676659789231423,-3919.3889999999974,-1414.6080000000006,680249,0,1,0,0
2025-01-09 12:00:00+00:00,93465.23,94588.23,91800.0,94244.02,9108.35063,9.834e-05,0.0002983399999999997,0.00087016,0.2792822462718436,0,0,32886.724,34849.42599999999,-1962.7019999999902,0.48551215266884823,0.48082298908656307,-0.11618582579043356,-4556.707999999988,-933.2451999999979,1286159,0,1,0,0
2025-01-09 16:00:00+00:00,94244.02,94685.25,91900.01,91909.59,6624.66398,-5.44e-06,0.00019289999999999967,0.00076472,-3.635719505186057,0,0,25526.919,28860.519,-3333.5999999999985,0.46935321718960177,0.47950459979202587,-0.6891425091140798,-6485.666999999987,-1843.1381999999971,1028531,1,0,0,1
2025-01-09 20:00:00+00:00,91909.59,92720.67,91203.67,92552.49,5993.4304,-5.44e-06,0.00019289999999999967,0.00076472,-3.635719505186057,0,0,20687.87,24013.125000000004,-3325.2550000000047,0.46280558184443094,0.48086609207893194,-0.8998185994734835,-8621.556999999993,-2243.112599999998,877140,0,1,0,1
2025-01-10 00:00:00+00:00,92552.49,93727.83,92431.73,93696.13,2928.04066,3.966e-05,0.00013255999999999967,0.00070438,-1.7355810514632697,0,0,9834.769,10873.915,-1039.1460000000006,0.474910380592026,0.4826477613056534,-0.40361081168168017,-7698.001000000004,-2170.0135999999984,481015,0,1,0,0
2025-01-10 04:00:00+00:00,93696.13,95000.0,93500.0,94492.63,3602.28378,3.966e-05,0.00013255999999999967,0.00070438,-1.7355810514632697,0,0,13620.556,12808.449,812.107,0.5153639344349135,0.48401225695021444,1.1485070687310046,-3552.2940000000053,-1769.7191999999989,544902,1,0,0,0
2025-01-10 08:00:00+00:00,94492.62,95293.4,94388.5,95073.95,2846.56733,-1.06e-05,2.3619999999999676e-05,0.00060475,-2.883373388412349,0,0,12192.627,12474.952000000001,-282.3250000000007,0.49427740760453226,0.48594196646857596,0.20300609748687848,-509.3640000000014,-1433.643800000001,471484,0,1,0,1
2025-01-10 12:00:00+00:00,95073.95,95117.26,92206.02,93730.92,12008.10901,-1.06e-05,2.3619999999999676e-05,0.00060475,-2.883373388412349,0,0,53663.821,56561.90899999999,-2898.087999999989,0.4868538498225415,0.48214773560554913,-0.09379146616999348,-2368.3059999999896,-1346.541399999999,1855036,1,0,0,1
2025-01-10 16:00:00+00:00,93730.93,95836.0,93177.4,95327.06,7960.59139,8.078e-05,0.00010983999999999967,0.00060274,-0.07335548769344143,0,0,34364.863,29944.848000000005,4420.014999999992,0.5343650665760261,0.48760580045821983,1.8482247838865293,1239.6020000000026,202.5126000000004,1188078,1,0,0,0
2025-01-10 20:00:00+00:00,95327.07,95442.15,94586.02,94726.11,2137.27207,8.078e-05,0.00010983999999999967,0.00060274,-0.07335548769344143,0,0,7868.137,7734.108000000001,134.02899999999863,0.5042951831611412,0.49107817623346917,0.638554894842563,1655.956000000002,437.14760000000024,349429,0,1,0,0
2025-01-11 00:00:00+00:00,94726.1,94746.37,94106.49,94206.95,1275.83371,5.68e-05,0.00012697999999999965,0.00055954,-0.7603810802276224,0,0,4611.453,6013.042999999999,-1401.5899999999983,0.434039694682929,0.48617764685769904,-2.1449139851904087,3152.4539999999924,-5.591799999999421,254240,1,0,0,0
2025-01-11 04:00:00+00:00,94206.96,94441.87,93831.73,94246.36,989.55966,5.68e-05,0.00012697999999999965,0.00055954,-0.7603810802276224,0,0,4626.507,5231.572,-605.0650000000005,0.4693112116468127,0.48455755275549556,-0.6698017357874066,-1872.6260000000002,-70.13979999999938,211778,0,1,0,0
2025-01-11 08:00:00+00:00,94246.36,94791.67,94031.22,94625.65,1009.69139,4.055e-05,0.00017812999999999968,0.00050009,-1.1723774748625369,0,0,6055.293,5475.028,580.2649999999994,0.5251625691947345,0.49013848795600873,1.5047670971444198,-1426.3899999999994,625.5307999999983,218398,1,0,0,0
2025-01-11 12:00:00+00:00,94625.66,94655.2,94307.25,94410.26,891.77961,4.055e-05,0.00017812999999999968,0.00050009,-1.1723774748625369,0,0,4149.228,4638.45,-489.22199999999975,0.4721643191750995,0.49107436168907564,-0.5166627537130501,-514.0220000000008,-356.3166000000001,202912,1,0,0,0
2025-01-11 16:00:00+00:00,94410.26,94708.12,93984.55,94249.26,1016.34928,2.608e-05,0.00012342999999999968,0.00042617,-1.480106538120697,0,0,5938.258,6199.5740000000005,-261.3160000000007,0.4892354746712592,0.492506871096999,0.17867595990865887,-170.27300000000105,-435.38559999999995,242319,1,0,0,0
2025-01-11 20:00:00+00:00,94249.27,95050.94,94200.89,94599.99,1864.69065,2.608e-05,0.00012342999999999968,0.00042617,-1.480106538120697,0,0,5782.98,5940.377,-157.39700000000084,0.4932870337395679,0.4902991810274644,0.38753636133737046,-907.9350000000013,-186.54700000000048,240325,0,1,0,0
2025-01-12 00:00:00+00:00,94599.99,94699.0,94296.99,94622.4,984.48539,5.009e-05,0.00011671999999999968,0.00037626,-0.7365197736408087,0,0,3140.574,2984.7989999999995,155.77500000000055,0.5127155521794347,0.49214299548495466,1.2384526941553613,-262.938000000001,-34.37900000000027,167571,1,0,0,0
2025-01-12 04:00:00+00:00,94622.4,94650.0,94274.01,94323.85,555.17676,5.009e-05,0.00011671999999999968,0.00037626,-0.7365197736408087,0,0,2163.472,2667.7489999999993,-504.27699999999913,0.44781060522795385,0.4882386710254959,-1.4699661568617401,-505.89899999999943,-251.2874,123399,1,0,0,0
2025-01-12 08:00:00+00:00,94323.85,94393.57,93711.19,94255.1,1542.32088,3.21e-05,0.00010826999999999967,0.00031002,-1.171077151638261,0,0,7397.723,8057.3330000000005,-659.6100000000006,0.478660381431164,0.4826682025110096,-0.22865106442381722,-1008.1119999999992,-285.3650000000001,270485,1,0,0,0
2025-01-12 12:00:00+00:00,94255.1,95450.1,94173.48,95071.9,2128.13742,3.21e-05,0.00010826999999999967,0.00031002,-1.171077151638261,0,0,10874.366,10276.732000000002,597.6339999999982,0.5141277299173782,0.4836514571866333,1.2025290986748924,-566.2530000000015,-113.57500000000036,388848,1,0,0,0
2025-01-12 16:00:00+00:00,95071.91,95314.12,94578.54,94650.26,1321.59389,6.647e-05,0.00014865999999999968,0.00038193,-0.16542676595831984,0,0,5354.401,5995.037,-640.6360000000004,0.471776752293814,0.48742516294772187,-0.5440584595826728,-702.6120000000028,-210.2228000000003,257749,1,0,0,0
2025-01-12 20:00:00+00:00,94650.26,94800.0,93800.0,94545.06,2075.15188,6.647e-05,0.00014865999999999968,0.00038193,-0.16542676595831984,0,0,9312.723,9073.224,239.4989999999998,0.5065130993796512,0.4911453517210057,0.8590545403773658,196.49699999999757,-193.47800000000043,363696,0,1,0,0
2025-01-13 00:00:00+00:00,94545.07,95940.0,93899.99,94269.23,3486.55763,5.266e-05,0.00015122999999999968,0.00039493,-0.5194483819398208,0,0,19702.667,20054.286,-351.6189999999988,0.4955778930040237,0.48818688410193456,0.393057197502575,-752.7559999999994,-162.94640000000035,798728,1,0,0,0
2025-01-13 04:00:00+00:00,94269.23,94913.03,93281.0,93590.24,2651.8386,5.266e-05,0.00015122999999999968,0.00039493,-0.5194483819398208,0,0,14226.341,15710.622,-1484.280999999999,0.4752098935352928,0.488491441537954,-0.49134121774040457,-1596.400999999998,-327.8806000000001,583394,1,0,0,0
2025-01-13 08:00:00+00:00,93590.24,93661.55,90833.12,90851.22,10070.64435,6.989e-05,0.00018901999999999968,0.00047542000000000005,0.006732369151956321,0,0,31535.6,37611.958000000006,-6076.358000000007,0.4560623818414527,0.48517413225497324,-1.2983644800131153,-7912.258000000005,-1662.6790000000012,1160748,1,0,0,0
2025-01-13 12:00:00+00:00,90851.23,93100.0,89256.69,92123.75,15768.82719,6.989e-05,0.00018901999999999968,0.00047542000000000005,0.006732369151956321,0,0,61368.443,66083.16100000001,-4714.718000000008,0.48150388911543235,0.4839958177925598,-0.1956578292448293,-12275.357000000015,-2477.4954000000025,2028531,0,1,0,0
2025-01-13 16:00:00+00:00,92123.75,92534.1,91250.0,92312.18,5597.12697,8.81e-06,0.00013135999999999966,0.00040345,-1.6564448441447988,0,0,27439.149,27253.431999999997,185.7170000000042,0.5016978262554478,0.48289404520016105,0.6237986098963725,-10605.359000000011,-2488.251800000002,1064897,1,0,0,0
2025-01-13 20:00:00+00:00,92312.18,94727.15,91908.2,94536.1,5044.56949,8.81e-06,0.00013135999999999966,0.00040345,-1.6564448441447988,0,0,20325.6,19839.231,486.3689999999988,0.5060546625977338,0.48871845093713906,0.8645236653744403,-4042.632000000005,-2320.654200000002,771153,1,0,0,0
2025-01-14 00:00:00+00:00,94536.11,95280.8,94346.22,94861.4,3303.28378,0.0001,0.00017869999999999968,0.00044665,0.8548487099781373,0,0,11349.418,11342.293,7.125,0.5001569956536112,0.49086811235938377,0.5731785975335849,679.211000000003,-2022.3730000000025,508921,1,0,0,0
2025-01-14 04:00:00+00:00,94861.39,95464.71,94753.42,94864.0,2358.7602,0.0001,0.00017869999999999968,0.00044665,0.8548487099781373,0,0,7646.628,8376.336,-729.7079999999996,0.4772293066376483,0.4871782700314108,-0.4435204727476039,-236.21400000000085,-953.0430000000009,334058,0,1,0,0
2025-01-14 08:00:00+00:00,94863.99,97371.0,94860.11,96548.04,6495.82711,0.0001,0.0002088099999999997,0.0005061,0.854848709978137,0,0,30940.697,24802.886,6137.8110000000015,0.5550539691716624,0.4955059917191956,2.5293722441235116,5415.228000000002,1217.462800000001,903910,1,0,0,0
2025-01-14 12:00:00+00:00,96548.04,97265.48,95748.93,96471.65,8394.33223,0.0001,0.0002088099999999997,0.0005061,0.854848709978137,0,0,29963.17,29924.161,39.008999999998196,0.5003256865796875,0.4948872504391993,0.391147908464029,5447.112,1188.1211999999998,1114660,0,1,0,0
2025-01-14 16:00:00+00:00,96471.65,97088.57,95351.76,96537.8,5134.58254,9.496e-05,0.0002949599999999997,0.00057498,0.6654696147603517,0,0,21654.684,22002.985,-348.3009999999995,0.49601099866325893,0.4949305610051228,0.19232394112025913,5828.519,1021.1872000000001,849106,0,1,0,0
2025-01-14 20:00:00+00:00,96537.23,96921.13,96152.31,96560.86,2159.83167,9.496e-05,0.0002949599999999997,0.00057498,0.6654696147603517,0,0,7735.737,7120.666,615.0709999999999,0.5207005356545592,0.49947962521704936,1.0819577937735971,305.77899999999863,1142.7764000000002,354503,1,0,0,0
2025-01-15 00:00:00+00:00,96560.85,97554.63,96500.0,97317.12,3289.96951,4.989e-05,0.0002448499999999997,0.00057478,-0.5887772519233816,0,0,13927.64,12505.113000000001,1422.5269999999982,0.5269084154798405,0.5065642285808882,1.2333166673370177,1689.2969999999987,1573.2233999999996,500982,1,0,0,0
2025-01-15 04:00:00+00:00,97317.12,97724.96,96750.0,97301.35,3059.85859,4.989e-05,0.0002448499999999997,0.00057478,-0.5887772519233816,0,0,10975.616,11290.31,-314.6939999999995,0.492933282900518,0.5077071679593967,-0.04139851681393816,1722.9039999999986,282.7223999999995,391925,1,0,0,0
2025-01-15 08:00:00+00:00,97301.35,97524.0,96521.0,96762.18,2662.70368,8.795e-05,0.0002327999999999997,0.00063063,0.5305579092695671,0,0,10043.142,10932.088,-888.9459999999999,0.4788096244951784,0.5054183477833698,-0.5659012002574317,218.8869999999988,97.13139999999984,380625,1,0,0,0
2025-01-15 12:00:00+00:00,96762.19,99799.98,96539.77,98992.42,11578.95097,8.795e-05,0.0002327999999999997,0.00063063,0.5305579092695671,0,0,44248.47,41234.634999999995,3013.8350000000064,0.5176282494652014,0.5065757064701165,0.8800517423673858,1810.195000000007,769.558600000001,1468876,1,0,0,0
2025-01-15 16:00:00+00:00,98992.42,99990.0,98602.05,99844.9,5037.81977,5.844e-05,0.00019627999999999969,0.0006226000000000001,-0.30828543219710947,0,0,17011.11,17311.051,-299.9409999999989,0.49563050531695835,0.5061230574364513,0.0957747813310747,1824.9480000000076,586.5562000000012,697866,0,1,0,0
2025-01-15 20:00:00+00:00,99844.91,100681.94,99460.8,100497.35,4880.68927,5.844e-05,0.00019627999999999969,0.0006226000000000001,-0.30828543219710947,0,0,17838.255,15100.136000000002,2738.118999999999,0.541564249449829,0.5125565517176693,1.7697969352115932,5452.013000000006,849.6746000000014,586552,1,0,0,0
2025-01-16 00:00:00+00:00,100497.35,100866.66,99170.0,99478.03,4764.75349,7.28e-06,0.00015366999999999966,0.00057722,-1.653640940822509,0,0,13383.854,14910.45,-1526.5960000000014,0.47302290948736536,0.5043534457492396,-0.9309891550443318,911.5819999999985,607.294200000001,594645,1,0,0,0
2025-01-16 04:00:00+00:00,99478.04,99921.86,99322.19,99799.99,1971.85838,7.28e-06,0.00015366999999999966,0.00057722,-1.653640940822509,0,0,6456.996,6095.847000000001,361.14899999999943,0.5143851476514125,0.5057593918564122,0.7096705317079794,1572.6719999999968,857.3132000000008,254823,1,0,0,0
2025-01-16 08:00:00+00:00,99800.0,99820.0,98617.55,99158.71,4224.49604,7.568e-05,0.00014139999999999967,0.00058301,0.30385044622370166,0,0,16705.066,17870.875,-1165.809000000001,0.4831413265079322,0.5044724246408794,-0.5375779125617398,-2331.256000000003,21.384399999999367,562603,1,0,0,0
2025-01-16 12:00:00+00:00,99158.7,99517.93,97335.13,99296.17,7952.93002,7.568e-05,0.00014139999999999967,0.00058301,0.30385044622370166,0,0,34343.434,33662.12899999999,681.3050000000076,0.5050091857926388,0.5029032896546874,0.34571906943098074,-123.3549999999941,217.63360000000065,1171947,1,0,0,0
2025-01-16 16:00:00+00:00,99296.17,100448.72,99079.05,100417.2,5345.71609,4.598e-05,0.00012893999999999967,0.00062018,-0.5022258574590316,0,0,23670.731,23306.502999999997,364.2280000000028,0.5038766437376879,0.5006001124804722,0.27629629146021584,-120.27599999999074,-257.14459999999855,841867,1,0,0,0
2025-01-16 20:00:00+00:00,100417.2,100641.99,99377.0,99987.3,3573.09915,4.598e-05,0.00012893999999999967,0.00062018,-0.5022258574590316,0,0,12371.873,14024.761999999999,-1652.8889999999992,0.4686912934167556,0.498175913532096,-1.1712061817382504,-607.3559999999889,-282.4031999999981,486864,1,0,0,0
2025-01-17 00:00:00+00:00,99987.3,102148.13,99950.77,101051.73,6891.54414,4.598e-05,0.00012893999999999967,0.00062018,-0.5022258574590316,0,0,24195.858,20878.165,3317.6929999999993,0.5368027167222238,0.5039752227548004,1.5877445403741408,2029.0320000000029,308.90560000000187,772022,1,0,0,0
2025-01-17 04:00:00+00:00,101051.73,101899.49,100952.1,101440.5,3198.4853,4.597e-05,0.00016762999999999967,0.00056615,-0.4579126621688794,0,0,8275.629,8690.467,-414.83799999999974,0.4877745003918403,0.5009898478474644,-0.47658970353254076,1249.9660000000003,459.0998000000021,351250,0,1,0,0
2025-01-17 08:00:00+00:00,101440.51,102581.45,101439.77,102237.6,5380.48317,9.386e-05,0.00018580999999999969,0.00056001,0.947842804709818,0,0,15980.486,14323.842,1656.6440000000002,0.5273334554721029,0.5041601428629788,1.156588993059906,4559.499,654.1676000000007,534042,1,0,0,0
2025-01-17 12:00:00+00:00,102237.6,104254.19,102195.9,104000.0,9298.37508,9.386e-05,0.00018580999999999969,0.00056001,0.947842804709818,0,0,35459.854,33002.24,2457.6140000000014,0.5179487206453253,0.5017985899825285,0.7455464195548277,3699.420000000002,1072.8448000000003,1181533,1,0,0,0
2025-01-17 16:00:00+00:00,104000.0,105865.22,103841.18,105834.93,9336.85365,9.386e-05,0.00018580999999999969,0.00056001,0.947842804709818,0,0,31225.807,28548.301,2677.506000000001,0.5223968712339463,0.5067359861571865,0.8755918642348893,6791.764000000003,1938.9238000000005,1078538,1,0,0,0
2025-01-17 20:00:00+00:00,105834.93,105847.02,104065.25,104077.48,5066.11158,3.432e-05,0.00017414999999999968,0.00049937,-0.7533273018588998,0,0,14367.639,14501.681,-134.04200000000128,0.4976784697388092,0.5050653183659262,-0.18317903473983546,5001.078000000001,1248.5768000000003,572011,1,0,0,0
2025-01-18 00:00:00+00:00,104077.47,104656.87,103000.25,103559.82,3518.82558,6.707e-05,0.00019524999999999968,0.00051655,0.24474732197949697,0,0,10764.28,11076.393999999998,-312.11399999999776,0.49285475347509883,0.5060366610626429,-0.3878327256602373,2231.350000000002,1269.1216000000009,441054,1,0,0,0
2025-01-18 04:00:00+00:00,103559.82,103771.21,102602.48,102821.75,4937.1314,6.707e-05,0.00019524999999999968,0.00051655,0.24474732197949697,0,0,18126.849,19735.158,-1608.309000000001,0.47876091196116466,0.5034118336794954,-1.0088912259608303,-2054.465,616.1310000000005,684088,1,0,0,0
2025-01-18 08:00:00+00:00,102821.75,103883.01,102277.55,103589.29,4114.11548,6.707e-05,0.00019524999999999968,0.00051655,0.24474732197949697,0,0,16160.516,15777.147,383.3689999999988,0.5060018323820374,0.5036243525439305,0.11307340175110576,-1537.054,201.28199999999998,584501,1,0,0,0
2025-01-18 12:00:00+00:00,103589.29,104988.88,103107.65,104568.96,5002.17801,0.0001,0.0002013899999999997,0.0005286,1.2336061800366112,0,0,17123.036,15857.512999999999,1265.523000000001,0.5191858995433946,0.5086738131565942,0.6813709283868813,40.58299999999872,-81.11460000000007,629401,1,0,0,0
2025-01-18 16:00:00+00:00,104568.96,104719.29,103156.02,104382.01,4197.15572,0.0001,0.0002670699999999997,0.00057016,1.2336061800366112,0,0,14118.378,16136.969000000001,-2018.5910000000003,0.4666407560951127,0.5016576170938831,-1.6715149170288268,-369.6990000000005,-458.0243999999999,629881,1,0,0,0
2025-01-18 20:00:00+00:00,104382.0,104750.0,103765.44,104556.23,2538.42379,0.0001,0.0002670699999999997,0.00057016,1.2336061800366112,0,0,6545.564,6518.2880000000005,27.27599999999984,0.5010439493650112,0.5029845619912003,-0.1115778319648739,-725.7919999999995,-390.14640000000037,339393,1,0,0,0
2025-01-19 00:00:00+00:00,104556.23,105458.55,104013.51,104984.01,3271.33432,0.0001,0.00030000000000000003,0.00066288,1.2336061800366112,0,0,10861.23,9949.623,911.607,0.52190220170216,0.502441436614206,0.7883397109750651,-1079.7080000000005,113.83679999999985,436558,1,0,0,0
2025-01-19 04:00:00+00:00,104984.01,105634.78,104191.19,105167.12,4785.51322,0.0001,0.00030000000000000003,0.00066288,1.2336061800366112,0,0,11942.593,12646.607,-704.0139999999992,0.4856844874985766,0.4992150132995311,-0.8523631706811385,234.8690000000006,-103.63979999999974,502413,0,1,0,0
2025-01-19 08:00:00+00:00,105167.11,105496.03,103450.69,104363.23,7895.87414,0.0001,0.00030000000000000003,0.0006872,1.2293947541124997,0,0,23869.553,24355.682,-486.1290000000008,0.49495980683142343,0.49647130685927887,-0.3782805169005949,-278.53600000000006,-453.9702000000001,936722,1,0,0,0
2025-01-19 12:00:00+00:00,104363.24,105706.48,104300.75,104936.35,6026.11475,0.0001,0.00030000000000000003,0.0006872,1.2293947541124997,0,0,18762.616,17937.108,825.5080000000016,0.511246787578021,0.4978281386432,0.4171999739021652,-364.6349999999984,114.84960000000028,746868,1,0,0,0
2025-01-19 16:00:00+00:00,104936.35,106200.74,104520.01,106200.0,3579.79556,0.0001,0.00030000000000000003,0.00074122,1.1769543015409725,0,0,11818.186,9264.314,2553.8719999999994,0.560568528400332,0.5045995161357234,2.458778644152838,2893.251,620.1688000000001,425060,1,0,0,0
2025-01-19 20:00:00+00:00,106200.0,106422.43,99651.6,101331.57,17838.65099,0.0001,0.00030000000000000003,0.00074122,1.1769543015409725,0,0,62070.429,67471.237,-5400.807999999997,0.4791541665057789,0.5046388415901848,-1.0714405435019152,-2021.4279999999962,-642.3141999999992,2299435,1,0,0,0
2025-01-20 00:00:00+00:00,101331.57,102321.42,99550.0,101891.93,13939.26024,0.0001,0.00030000000000000003,0.00079525,1.099666922532509,0,0,41858.743,37021.60399999999,4837.13900000001,0.5306612431611134,0.5071047826680923,1.1686403593723425,1990.2030000000123,465.9164000000026,1760406,1,0,0,0
2025-01-20 04:00:00+00:00,101891.94,109588.0,101535.28,107120.65,21204.587662,0.0001,0.00030000000000000003,0.00079525,1.099666922532509,0,0,60007.638,56589.738999999994,3417.899000000005,0.5146568434382534,0.5066518770575783,0.4416932154768749,2854.2300000000178,1246.7220000000038,2263880,1,0,0,0
2025-01-20 08:00:00+00:00,107120.65,109193.23,107093.33,108239.19,9010.89785,0.0001,0.00030000000000000003,0.00079525,1.099666922532509,0,0,21878.862,21627.557,251.3050000000003,0.5028881370355947,0.5102766151516265,-0.10742532747333998,8506.343000000015,1131.8814000000034,1031994,1,0,0,0
2025-01-20 12:00:00+00:00,108239.19,108700.01,104480.0,104957.99,13711.24313,0.0001,0.00030000000000000003,0.00080139,1.074222069354824,0,0,41032.136,44635.473,-3603.3369999999995,0.47896908153465567,0.5080691283685909,-1.0958450004561449,65.86700000000565,-99.56039999999629,1861116,1,0,0,0
2025-01-20 16:00:00+00:00,104957.99,107050.0,100333.0,103691.63,25962.9026,0.0001,0.00030000000000000003,0.0008670700000000001,1.0356025387277794,0,0,85071.066,89803.16899999998,-4732.102999999974,0.48646998227040145,0.5045259064254151,-0.7485111612253872,-8084.134999999973,34.18060000000842,3203439,1,0,0,0
2025-01-20 20:00:00+00:00,103691.64,104331.0,101701.01,102260.01,5700.34025,0.0001,0.00030000000000000003,0.0008670700000000001,1.0356025387277794,0,0,14822.78,16159.412999999999,-1336.632999999998,0.47842901243304503,0.5038003589188619,-1.0380229519454758,-9672.072999999971,-1200.5737999999933,833558,1,0,0,0
2025-01-21 00:00:00+00:00,102260.0,103260.1,100119.04,102936.01,10133.69299,0.0001,0.00030000000000000003,0.0009000000000000001,0.9736927068776675,0,0,26049.305,28298.754999999997,-2249.449999999997,0.4793051490706384,0.5022348931427834,-1.0195424767874077,-8318.185999999969,-2334.0435999999936,1436082,0,1,0,0
2025-01-21 04:00:00+00:00,102936.01,102974.14,101111.68,101989.05,5400.15858,0.0001,0.00030000000000000003,0.0009000000000000001,0.9736927068776675,0,0,12693.009,14308.191,-1615.1820000000007,0.47009055153104307,0.4981192695380856,-1.3336037925503659,-5201.264999999996,-2707.340999999994,811748,1,0,0,0
2025-01-21 08:00:00+00:00,101989.06,103973.02,101740.82,103758.25,6235.66073,0.0001,0.00030000000000000003,0.0009000000000000001,0.9107673253295817,0,0,15544.123,12869.861,2674.261999999999,0.547058905924632,0.4967683072905156,1.8598996155766425,-1190.369999999999,-1451.8211999999942,763635,1,0,0,0
2025-01-21 12:00:00+00:00,103758.25,105320.0,102803.43,103943.0,9899.25066,0.0001,0.00030000000000000003,0.0009000000000000001,0.9107673253295817,0,0,32984.769,31376.483999999997,1608.2850000000035,0.5124942020628468,0.5001023108462224,0.40666071246086277,2667.3650000000016,-183.7435999999987,1448243,1,0,0,0
2025-01-21 16:00:00+00:00,103942.99,107240.81,103822.02,107031.34,9757.23378,0.0001,0.00030000000000000003,0.0009000000000000001,0.8547662416889472,0,0,34882.397,34010.504,871.8929999999964,0.5063278871069748,0.49766897524080855,0.14672037704168508,5154.439999999999,257.9616000000002,1588473,1,0,0,0
2025-01-21 20:00:00+00:00,107031.34,107199.99,105420.0,106143.82,4515.02328,0.0001,0.00030000000000000003,0.0009000000000000001,0.8547662416889472,0,0,15102.077,15177.353000000001,-75.27600000000166,0.4987569779219754,0.4960789886891807,-0.2175327265732684,2404.901999999998,692.7963999999993,725691,1,0,0,0
2025-01-22 00:00:00+00:00,106143.82,106394.46,105448.99,105600.01,3019.25833,0.0001,0.00030000000000000003,0.0009000000000000001,0.7993154477773559,0,0,7957.37,8385.053,-427.683,0.48691494523180556,0.49448166950880185,-0.6759786888878029,368.93399999999474,930.2961999999994,466386,1,0,0,0
2025-01-22 04:00:00+00:00,105600.01,105952.0,105043.88,105084.77,2894.59275,0.0001,0.00030000000000000003,0.0009000000000000001,0.7993154477773559,0,0,8080.048,8183.46,-103.41200000000026,0.4968207351083173,0.49626683486616796,-0.25106809572408584,-606.3710000000019,374.7613999999996,403894,1,0,0,0
2025-01-22 08:00:00+00:00,105084.77,105464.83,104647.75,105100.39,3008.01462,0.0001,0.00030000000000000003,0.0009000000000000001,0.7460112574320384,0,0,9919.033,9529.011000000002,390.0219999999972,0.5100272808926182,0.4986225647283897,0.37215541440092775,-141.07300000000305,131.10879999999833,481550,1,0,0,0
2025-01-22 12:00:00+00:00,105100.38,105584.23,103662.58,104180.01,6007.84866,0.0001,0.00030000000000000003,0.0009000000000000001,0.7460112574320384,0,0,23137.054,24695.264,-1558.2099999999991,0.4837117448499987,0.4991508379700851,-0.7745384122965846,-1271.6000000000022,-354.91180000000077,1071448,1,0,0,0
2025-01-22 16:00:00+00:00,104180.01,104754.64,103339.12,104630.0,4362.47109,0.0001,0.00030000000000000003,0.0009000000000000001,0.7029845063677828,0,0,16519.677,15711.374,808.3029999999999,0.5125391970618643,0.5024742427692076,0.5597471387873191,-359.88500000000204,-178.19600000000045,837328,1,0,0,0
2025-01-22 20:00:00+00:00,104630.0,104830.12,103611.66,103706.66,2956.50709,0.0001,0.00030000000000000003,0.0009000000000000001,0.7029845063677828,0,0,9201.911,9924.273000000001,-722.362000000001,0.48111588804123184,0.5035767764202265,-0.8519753223080437,-1472.2690000000002,-237.13180000000065,510779,1,0,0,0
2025-01-23 00:00:00+00:00,103706.66,103819.99,102100.0,102461.25,4960.28164,0.0001,0.00030000000000000003,0.0009000000000000001,0.7029845063677828,0,0,14282.163,16608.371,-2326.2079999999987,0.46234755928790355,0.49510564175655364,-1.5862595109756172,-2240.267,-681.6910000000004,735063,1,0,0,0
2025-01-23 04:00:00+00:00,102461.24,102968.31,101575.5,102710.27,3922.18053,8.654e-05,0.0002865399999999997,0.00088654,0.1993299583131468,0,0,11470.187,13223.978000000001,-1753.791000000001,0.4644897691418195,0.490305198464451,-1.43680591117467,-4802.361000000001,-1110.4536,555656,0,1,0,0
2025-01-23 08:00:00+00:00,102710.28,102724.94,101262.28,101944.49,3213.96175,0.0001,0.0002865399999999997,0.00088654,0.6357174309459909,0,0,9819.965,11537.830999999998,-1717.8659999999982,0.45978363123236127,0.48565077287698954,-1.5088300083194133,-5797.864999999998,-1142.3847999999998,531338,1,0,0,0
2025-01-23 12:00:00+00:00,101944.5,106050.86,101281.62,105263.52,17241.02811,0.0001,0.0002865399999999997,0.00088654,0.6357174309459909,0,0,69177.768,67066.222,2111.546000000002,0.5077491344755831,0.4865499885323503,0.46658119499457534,-1360.1109999999971,-881.7361999999994,2504652,1,0,0,0
2025-01-23 16:00:00+00:00,105263.52,106850.0,103399.98,103770.04,10175.26517,8.616e-05,0.0002726999999999997,0.0008727,0.06781907073591875,0,0,40778.747,42931.005999999994,-2152.258999999991,0.4871445146899431,0.4865729454781641,-0.42085576815517184,-1758.578999999987,-1167.7155999999973,1879218,1,0,0,0
2025-01-23 20:00:00+00:00,103770.05,106421.03,102195.7,103910.34,14440.40311,8.616e-05,0.0002726999999999997,0.0008727,0.06781907073591875,0,0,61409.919,59847.862,1562.0570000000007,0.506441058821619,0.4875349778494943,0.3855959682024043,1521.3440000000119,-390.0625999999975,2350526,1,0,0,0
2025-01-24 00:00:00+00:00,103910.35,104298.0,102750.0,103891.75,3785.23369,3.34e-06,0.00018949999999999967,0.0007760400000000001,-2.7060495353102354,0,0,11913.303,12821.374,-908.0709999999999,0.4816437667651775,0.4846966264367502,-0.6105765182041019,-1498.2729999999901,-220.91859999999724,617248,1,0,0,1
2025-01-24 04:00:00+00:00,103891.75,105355.0,103804.77,105046.8,3142.49691,3.34e-06,0.00018949999999999967,0.0007760400000000001,-2.7060495353102354,0,0,10895.964,10580.708999999999,315.255000000001,0.5073394747873659,0.48705939943048693,0.45528110567338975,969.2410000000018,185.7056000000026,539739,1,0,0,1
2025-01-24 08:00:00+00:00,105046.79,105759.0,104922.41,105420.1,2980.3942,7.537e-05,0.0001648699999999997,0.00075141,-0.1768949181820425,0,0,8853.315,9368.525,-515.2099999999991,0.485862843708429,0.48439176409514334,-0.44667815593122157,-1108.025999999998,-339.64559999999767,448164,0,1,0,0
2025-01-24 12:00:00+00:00,105420.11,106321.66,104669.17,105859.98,4922.31503,7.537e-05,0.0001648699999999997,0.00075141,-0.1768949181820425,0,0,18717.898,17818.612999999998,899.2850000000035,0.512306662231651,0.48751084151418533,0.6756316043137855,699.3300000000054,270.6632000000012,854722,1,0,0,0
2025-01-24 16:00:00+00:00,105859.99,107120.0,105589.0,105760.94,5483.37032,9.54e-05,0.00017410999999999967,0.00074681,0.5231024466246571,0,0,20287.234,18719.014,1568.2200000000012,0.5201021641456005,0.493286301999955,1.208461528085789,1952.2950000000055,271.8958000000013,906029,0,1,0,0
2025-01-24 20:00:00+00:00,105760.93,105781.0,104456.89,104870.5,3295.43002,9.54e-05,0.00017410999999999967,0.00074681,0.5231024466246571,0,0,12725.972,13045.029,-319.0570000000007,0.4938097670323322,0.4962183017890062,-0.08444775155522596,2148.448000000004,389.6986000000012,598666,1,0,0,0
2025-01-25 00:00:00+00:00,104870.51,105280.82,104361.89,105202.4,2029.85839,5.702e-05,0.0002277899999999997,0.00070383,-0.8342086934905526,0,0,7200.531,6821.590999999999,378.9400000000005,0.5135122201903535,0.5015911606848055,0.9401137419601006,1628.103000000001,402.43560000000105,346052,1,0,0,0
2025-01-25 04:00:00+00:00,105202.4,105202.4,104216.81,104385.98,1407.20452,5.702e-05,0.0002277899999999997,0.00070383,-0.8342086934905526,0,0,4649.965,5918.454,-1268.4889999999996,0.43998681354325564,0.4948149285915727,-2.412491075279694,-1208.6059999999998,251.779800000001,262056,1,0,0,0
2025-01-25 08:00:00+00:00,104385.99,104700.01,104106.09,104670.99,1254.5969,8.495e-05,0.0002373699999999997,0.00068878,0.15422161431715256,0,0,5155.318,4883.538,271.78000000000065,0.5135364029526871,0.4974541174178471,0.9400468284075371,-617.7689999999984,126.27880000000042,249011,1,0,0,0
2025-01-25 12:00:00+00:00,104670.99,105111.11,104456.0,104897.79,1464.11662,8.495e-05,0.0002373699999999997,0.00068878,0.15422161431715256,0,0,5631.046,5157.397999999999,473.64800000000105,0.5219516363990953,0.49900517517559473,1.2314073078762497,-523.0609999999979,-92.63559999999961,287234,1,0,0,0
2025-01-25 16:00:00+00:00,104897.79,105286.52,104449.75,105055.16,1831.57775,8.495e-05,0.0002373699999999997,0.00068878,0.15422161431715256,0,0,6909.827,6191.443,718.384,0.5274165786980957,0.5035824563688865,1.3686777068604086,1463.8120000000017,114.85260000000054,326744,1,0,0,0
2025-01-25 20:00:00+00:00,105055.16,105250.0,104696.0,104746.85,1080.96959,7.782e-05,0.00021978999999999966,0.0006665999999999999,-0.12145693536024019,0,0,3293.649,3817.403,-523.7539999999999,0.4631732407525638,0.49916583296540634,-1.3441216342214903,668.2780000000012,-65.68619999999956,182014,1,0,0,0
2025-01-26 00:00:00+00:00,104746.86,105273.24,104503.7,105062.42,1315.60742,8.363e-05,0.0002463999999999997,0.00066369,-0.005772327943241724,0,0,4477.407,4047.071999999999,430.33500000000095,0.5252411320386854,0.503103661798432,1.1815091192632328,624.965000000001,274.07860000000056,201580,1,0,0,0
2025-01-26 04:00:00+00:00,105062.41,105500.0,104950.0,104998.35,1228.94709,8.363e-05,0.0002463999999999997,0.00066369,-0.005772327943241724,0,0,3201.267,3607.593,-406.326,0.4701619654391484,0.4988891921191817,-1.0953427641190994,-499.744999999999,138.4574000000004,186692,1,0,0,0
2025-01-26 08:00:00+00:00,104998.36,105221.36,104444.01,104818.69,1340.56686,0.0001,0.00026144999999999966,0.0006636900000000001,0.6309573555734662,0,0,6401.488,6899.167,-497.6790000000001,0.48129118453188957,0.49500809415781066,-0.5887762088100331,-473.66999999999916,-55.80799999999981,260912,1,0,0,0
2025-01-26 12:00:00+00:00,104818.68,105126.11,104703.58,104967.01,1136.95799,0.0001,0.00026144999999999966,0.0006636900000000001,0.6309573555734662,0,0,3435.296,3536.6690000000003,-101.3730000000005,0.49272995489793764,0.4949001129443712,-0.048734455885975976,-1005.3780000000006,-219.7593999999999,174995,0,1,0,0
2025-01-26 16:00:00+00:00,104967.02,105260.36,104896.0,105081.63,866.43502,8.443e-05,0.0002680599999999997,0.00066196,-0.06141883986534588,0,0,3745.18,3090.998,654.1819999999998,0.5478470572299317,0.498333596648329,2.1816473291865557,55.1299999999992,15.827800000000025,164058,1,0,0,0
2025-01-26 20:00:00+00:00,105081.64,105200.0,102520.44,102620.0,3923.998,8.443e-05,0.0002680599999999997,0.00066196,-0.06141883986534588,0,0,14608.706,18736.244,-4127.537999999999,0.438108499188033,0.4981457652128067,-2.0958300765845115,-3574.7289999999994,-895.7467999999999,638885,1,0,0,0
2025-01-27 00:00:00+00:00,102620.01,103260.0,100720.53,101395.64,8353.88719,9.084e-05,0.00027526999999999966,0.00074946,0.15764421201441994,0,0,24510.139,27830.448,-3320.309000000001,0.4682816988659298,0.493620294804131,-0.9108480675786429,-6793.665,-1478.5434,1218313,1,0,0,0
2025-01-27 04:00:00+00:00,101395.64,101399.99,97777.77,99048.02,12651.63419,9.084e-05,0.00027526999999999966,0.00074946,0.15764421201441994,0,0,33784.238,38590.23300000001,-4805.99500000001,0.46679771932288106,0.4881049030965096,-0.9154145154750041,-12253.84200000001,-2340.2066000000023,1532583,1,0,0,0
2025-01-27 08:00:00+00:00,99048.01,99533.33,98263.49,98761.13,6790.38919,3.712e-05,0.0002123899999999997,0.0007112100000000001,-2.0256611371299655,0,0,16740.741,18853.939999999995,-2113.1989999999932,0.4703158036449323,0.4823948255911933,-0.735353959711362,-10239.503000000004,-2742.5718000000006,907050,1,0,0,1
2025-01-27 12:00:00+00:00,98761.12,102317.94,98714.28,101112.03,11346.0746,3.712e-05,0.0002123899999999997,0.0007112100000000001,-2.0256611371299655,0,0,40176.747,39883.020000000004,293.72699999999895,0.5018344232753013,0.48626094384346696,0.40573087579781064,-6625.467000000004,-2814.662800000001,1732614,1,0,0,1
2025-01-27 16:00:00+00:00,101112.03,101250.56,98864.0,99700.02,6873.59773,9.8e-07,0.00012893999999999967,0.00061679,-3.097986540744354,0,0,22720.432,24434.86,-1714.4279999999999,0.4818214676732359,0.4819189774069221,-0.29726158117214974,-3533.899999999994,-2332.040800000001,1167468,1,0,0,1
2025-01-27 20:00:00+00:00,99700.01,102405.0,99606.46,102082.83,4742.5512,9.8e-07,0.00012893999999999967,0.00061679,-3.097986540744354,0,0,19024.204,19140.872,-116.66799999999785,0.4984715345516409,0.4847499343181713,0.3012418439510281,-1537.3689999999988,-1691.3126000000004,842117,0,1,0,1
2025-01-28 00:00:00+00:00,102082.83,102892.0,101334.55,102636.32,3670.23637,0.0001,0.00013809999999999967,0.0006597700000000001,0.5416741925724426,0,0,12801.894,13164.133999999998,-362.23999999999796,0.4930247321615767,0.48592328908114,0.06149656215964065,-2193.3359999999957,-802.561599999998,627105,0,1,0,0
2025-01-28 04:00:00+00:00,102636.32,103371.24,102527.39,102789.72,2654.45746,0.0001,0.00013809999999999967,0.0006597700000000001,0.5416741925724426,0,0,10068.471,10879.423,-810.9520000000011,0.4806435911886894,0.48471465271021524,-0.43604469370121823,-1289.859999999997,-542.1121999999996,482443,0,1,0,0
2025-01-28 08:00:00+00:00,102789.72,103181.82,102393.94,102762.01,2051.60214,3.714e-05,0.00013811999999999966,0.0006119599999999999,-1.6445268597715552,0,0,7049.01,7103.893,-54.88299999999981,0.49806106916722315,0.47973605390394436,0.19200955751114557,-1228.074999999999,-611.8341999999993,360073,1,0,0,0
2025-01-28 12:00:00+00:00,102762.02,103800.0,101815.26,102777.99,5106.451,3.714e-05,0.00013811999999999966,0.0006119599999999999,-1.6445268597715552,0,0,20680.645,21134.171,-453.525999999998,0.49457697003856244,0.48538290098899733,0.07164816075111777,-1319.360999999999,-359.65379999999897,941682,0,1,0,0
2025-01-28 16:00:00+00:00,102777.99,103108.0,101820.15,102424.24,4696.05403,9.848e-05,0.00023561999999999967,0.00063262,0.5404439637971115,0,0,17338.094,17956.563,-618.4689999999973,0.4912384897238129,0.48767858007478565,-0.06705126911433357,-1126.8779999999952,-460.0139999999989,807984,1,0,0,0
2025-01-28 20:00:00+00:00,102424.24,102538.0,100272.68,101335.52,3843.25665,9.848e-05,0.00023561999999999967,0.00063262,0.5404439637971115,0,0,15202.512,16538.451,-1335.9390000000003,0.4789556006854613,0.4888943682110437,-0.5211243767348765,-2407.9339999999956,-654.7537999999993,727571,1,0,0,0
2025-01-29 00:00:00+00:00,101335.52,102319.69,101328.01,102038.2,1696.38336,0.0001,0.0002356199999999997,0.00064899,0.5945857203530854,0,0,7687.51,7237.528,449.98199999999997,0.5150747354881107,0.49337026139536144,0.8679469601379066,-1504.4259999999977,-402.5669999999991,367423,1,0,0,0
2025-01-29 04:00:00+00:00,102038.21,102853.53,101955.51,102755.82,1764.20643,0.0001,0.0002356199999999997,0.00064899,0.5945857203530854,0,0,6399.593,6329.31,70.28299999999945,0.5027607642229657,0.4934628954901279,0.38840997346672257,-815.6740000000009,-377.53379999999925,316804,1,0,0,0
2025-01-29 08:00:00+00:00,102755.81,103000.0,102180.65,102646.0,2209.71378,0.0001,0.0002984799999999997,0.00064899,0.594585720353085,0,0,7246.567,6891.1359999999995,355.4310000000005,0.5125703234818273,0.496537781070987,0.7358434893220517,875.6959999999999,-215.74239999999955,340755,0,1,0,0
2025-01-29 12:00:00+00:00,102646.0,102842.04,101582.37,101980.78,4382.66276,0.0001,0.0002984799999999997,0.00064899,0.594585720353085,0,0,14168.278,14559.078,-390.7999999999993,0.49319812098266197,0.4960104397140892,-0.000730316895890876,34.91400000000067,-170.20859999999993,706330,1,0,0,0
2025-01-29 16:00:00+00:00,101980.78,103999.0,101400.01,103583.99,7259.9178,9.949e-05,0.0002994899999999997,0.00066405,0.5772371294960938,0,0,29662.349,28420.155000000002,1242.1939999999959,0.5106933578483461,0.49777730228276607,0.7142841277701606,1206.824999999997,345.4179999999993,1223330,1,0,0,0
2025-01-29 20:00:00+00:00,103584.0,104782.68,102868.0,103733.24,5842.47389,9.949e-05,0.0002994899999999997,0.00066405,0.5772371294960938,0,0,20534.713,20853.734999999997,-319.0219999999972,0.49614600189888736,0.4993275433537859,0.12704996079347883,532.3719999999994,191.61719999999985,1013903,0,1,0,0
2025-01-30 00:00:00+00:00,103733.25,105300.0,103278.54,105196.0,3876.90317,7.59e-05,0.0002753899999999997,0.00064911,-0.23597590937549384,0,0,12790.167,10345.797,2444.369999999999,0.552826197343668,0.5048040561714304,2.169660686909206,3367.5419999999976,666.4345999999998,523166,1,0,0,0
2025-01-30 04:00:00+00:00,105196.0,105595.81,104799.66,105132.07,2795.08494,7.59e-05,0.0002753899999999997,0.00064911,-0.23597590937549384,0,0,10690.387,11198.97,-508.5829999999987,0.4883828702688709,0.5041846461944612,-0.30093935367876246,1616.765000000003,493.63179999999994,453577,1,0,0,0
2025-01-30 08:00:00+00:00,105132.07,105534.0,104925.26,105300.63,1690.21583,0.0001,0.0002753899999999997,0.00071199,0.6273942767410079,0,0,5801.199,6486.949,-685.75,0.47209709713782744,0.5022705069358626,-0.8923900280346165,1250.0370000000003,434.64179999999976,292639,0,1,0,0
2025-01-30 12:00:00+00:00,105300.63,106457.44,104660.0,105564.0,5586.81148,0.0001,0.0002753899999999997,0.00071199,0.6273942767410079,0,0,21693.927,20052.01,1641.9170000000013,0.5196655904501557,0.5063415059123321,1.0068298767341273,447.58400000000256,514.5864000000008,868418,1,0,0,0
2025-01-30 16:00:00+00:00,105563.99,106013.01,104762.59,105711.27,3142.75313,9.499e-05,0.0002708899999999997,0.0008060000000000001,0.4554227059486729,0,0,10516.798,11371.269999999999,-854.4719999999979,0.48048087204407447,0.5028821195679285,-0.5088011343909877,101.69500000000335,407.49640000000073,515622,0,1,0,0
2025-01-30 20:00:00+00:00,105711.28,105821.62,104693.82,104722.94,2282.30617,9.499e-05,0.0002708899999999997,0.0008060000000000001,0.4554227059486729,0,0,8119.055,7900.870999999999,218.1840000000011,0.5068097692835785,0.5032870200739898,0.5232752909752534,1005.6290000000045,-37.740799999998856,350050,0,1,0,0
2025-01-31 00:00:00+00:00,104722.94,105029.72,103930.09,104344.46,2510.54787,1.225e-05,0.0002072399999999997,0.00071825,-2.209333588022987,0,0,9319.332,10276.328,-956.9959999999992,0.47558142976557055,0.4995881307023641,-0.7328153297788089,-1593.283999999996,-127.42339999999895,416943,1,0,0,1
2025-01-31 04:00:00+00:00,104344.46,104814.46,103972.13,104188.56,1868.93867,1.225e-05,0.0002072399999999997,0.00071825,-2.209333588022987,0,0,7466.429,7822.8099999999995,-356.3809999999994,0.4883453649982187,0.4991028551039197,-0.2152320691400695,-1095.1929999999975,-61.549599999998826,333738,1,0,0,1
2025-01-31 08:00:00+00:00,104188.57,104848.65,103936.54,104736.0,1992.8102,0.0001,0.00020723999999999968,0.00078111,0.6779852346595228,0,0,7681.54,7107.8640000000005,573.6759999999995,0.5193948315970001,0.49997300247878523,1.0647083717760395,-739.7009999999991,-275.1977999999992,355169,1,0,0,0
2025-01-31 12:00:00+00:00,104736.01,106012.0,104106.0,105464.01,4829.65222,0.0001,0.00020723999999999968,0.00078111,0.6779852346595228,0,0,18852.848,17467.096,1385.7520000000004,0.5190770117927495,0.5022661034681714,0.9954716621962569,1603.0470000000005,172.8470000000005,724749,1,0,0,0
2025-01-31 16:00:00+00:00,105464.0,105574.4,102122.0,102312.32,6376.84832,0.0001,0.00021224999999999968,0.0007826300000000001,0.6779852346595228,0,0,25496.023,28614.407,-3118.383999999998,0.4711850007475454,0.4941019838085591,-0.9874003835176133,-1158.9559999999983,-494.4665999999994,1074623,1,0,0,0
2025-01-31 20:00:00+00:00,102312.31,102482.94,101560.0,102429.56,4404.38465,0.0001,0.00021224999999999968,0.0007826300000000001,0.6779852346595228,0,0,16144.99,15988.15,156.84000000000015,0.5024404711148677,0.4955077438931588,0.381537473901217,-1575.7919999999976,-271.6993999999995,649417,1,0,0,0
2025-02-01 00:00:00+00:00,102429.56,102783.71,102198.52,102249.19,1810.34285,8.098e-05,0.0002809799999999997,0.0007636100000000001,0.0736127498196253,0,0,4856.683,6404.714999999999,-1548.0319999999992,0.43126821376884117,0.4914248555562602,-2.81969863655334,-4509.575999999997,-510.0295999999995,286874,1,0,0,0
2025-02-01 04:00:00+00:00,102249.19,102588.57,102118.56,102166.49,1052.21801,8.098e-05,0.0002809799999999997,0.0007636100000000001,0.0736127498196253,0,0,3894.574,3791.3619999999996,103.21200000000044,0.5067143416234535,0.49012973067359,0.5344517635450328,-1287.9799999999987,-604.1223999999993,192948,0,1,0,0
2025-02-01 08:00:00+00:00,102166.49,102276.99,101412.0,102028.81,2029.14504,5.369e-05,0.0002346699999999997,0.0007173,-0.7789273196259671,0,0,8240.974,9478.981000000002,-1238.0070000000014,0.4650674338619934,0.4885883868553818,-1.363279912567876,-2682.827,-1128.8741999999997,381534,1,0,0,0
2025-02-01 12:00:00+00:00,102028.82,102329.01,101730.79,102073.89,1704.67519,5.369e-05,0.0002346699999999997,0.0007173,-0.7789273196259671,0,0,6448.941,6616.515,-167.57400000000052,0.4935871354203022,0.4872661234690542,-0.049583805603026845,-1302.3690000000015,-538.7122000000002,297028,0,1,0,0
2025-02-01 16:00:00+00:00,102073.89,102297.99,101448.0,101669.6,1472.58058,5.968e-05,0.00019434999999999968,0.0006774900000000001,-0.5388303747822519,0,0,5412.859,6938.418,-1525.5589999999993,0.43824286347071645,0.48353226683956885,-2.2815085369704304,-2931.1400000000012,-875.192,291730,1,0,0,0
2025-02-01 20:00:00+00:00,101669.6,101669.6,100279.51,100635.65,4221.9958,5.968e-05,0.00019434999999999968,0.0006774900000000001,-0.5388303747822519,0,0,12751.548,16027.520999999999,-3275.972999999998,0.44308410393678826,0.47900614073342573,-1.8756154052179663,-4969.105999999998,-1220.7801999999997,628333,1,0,0,0
2025-02-02 00:00:00+00:00,100635.66,101456.6,99148.91,99206.86,4565.34638,5.968e-05,0.00019434999999999968,0.0006774900000000001,-0.5388303747822519,0,0,13869.6,18192.459000000003,-4322.859000000002,0.43258606691479173,0.4703252642652049,-2.035759762300313,-9124.391,-2105.9944000000005,642058,1,0,0,0
2025-02-02 04:00:00+00:00,99206.85,100515.99,99031.19,99643.3,3478.78338,5.824e-05,0.00017160999999999967,0.00065983,-0.5535584695042995,0,0,11966.707,12521.739,-555.0319999999992,0.4886674719988357,0.4672843102858136,-0.03442990038935002,-8153.864,-1969.3993999999998,530415,0,1,0,0
2025-02-02 08:00:00+00:00,99643.3,100100.0,98645.0,98864.6,4107.2233,3.38e-05,0.00015171999999999967,0.00059363,-1.2690872684939765,0,0,11784.749,13671.68,-1886.9310000000005,0.46293802638225495,0.4664596128492845,-0.9045859490301179,-6764.822000000002,-2313.2708,519932,1,0,0,0
2025-02-02 12:00:00+00:00,98864.6,99439.05,98157.0,99346.87,5265.38592,3.38e-05,0.00015171999999999967,0.00059363,-1.2690872684939765,0,0,16769.611,17143.041999999998,-373.43099999999686,0.4944942231443822,0.465664988052236,0.2141855563662503,-2815.3939999999966,-2082.8451999999993,678203,0,1,0,0
2025-02-02 16:00:00+00:00,99346.87,99361.97,96821.54,98273.16,9695.73736,-8.61e-06,8.342999999999967e-05,0.00049003,-2.3030050796079027,0,0,32103.647,35119.81700000001,-3016.170000000009,0.47756609210141265,0.47029477588549307,-0.3689395703549762,-5276.5320000000065,-2030.8846000000017,1439912,1,0,0,1
2025-02-02 20:00:00+00:00,98273.17,98628.74,96150.0,97700.59,7507.02305,-8.61e-06,8.342999999999967e-05,0.00049003,-2.3030050796079027,0,0,23801.797,25989.845,-2188.0480000000025,0.478027958989583,0.467426137622106,-0.35137583182472637,-5577.6490000000085,-1603.9224000000017,1128048,1,0,0,1
2025-02-03 00:00:00+00:00,97700.59,97782.79,91231.0,94038.74,29729.4911,0.0001,0.0001251899999999997,0.0005777800000000001,0.851174919578244,0,0,80964.242,87689.75400000002,-6725.512000000017,0.4800612136103789,0.4689255155969446,-0.24196812228582212,-11929.730000000029,-2838.0184000000054,3244710,1,0,0,0
2025-02-03 04:00:00+00:00,94038.75,95426.63,92646.36,95333.01,7783.318,0.0001,0.0001251899999999997,0.0005777800000000001,0.851174919578244,0,0,20718.311,19763.144999999997,955.1660000000047,0.5117975746722154,0.47074655952213595,0.8798285177841524,-7958.394000000015,-2269.5990000000043,1033803,1,0,0,0
2025-02-03 08:00:00+00:00,95333.01,95950.68,94799.29,95107.89,6292.62471,0.0001,0.00019138999999999967,0.00057778,0.8157349110820148,0,0,16677.921,19416.791,-2738.8700000000026,0.46205995493190244,0.47312826866825447,-0.8339932700630197,-8509.216000000015,-2742.6868000000054,900487,1,0,0,0
2025-02-03 12:00:00+00:00,95107.89,99500.0,94131.14,98842.0,14148.56207,0.0001,0.00019138999999999967,0.00057778,0.8157349110820148,0,0,45771.414,46056.924000000006,-285.5100000000093,0.49844541452988067,0.4786643997275638,0.45790523118569987,-2069.214000000007,-2196.5548000000053,1922608,0,1,0,0
2025-02-03 16:00:00+00:00,98842.0,101880.0,98038.58,101880.0,10494.44455,4.845e-05,0.00024844999999999967,0.00052623,-0.7281705698452539,0,0,38195.15,35703.454999999994,2491.695000000007,0.5168588771060022,0.48709168074668485,1.0982334920037182,-532.685000000005,-1260.6062000000034,1427042,1,0,0,0
2025-02-03 20:00:00+00:00,101879.99,102500.01,100918.0,101328.52,6716.29807,4.845e-05,0.00024844999999999967,0.00052623,-0.7281705698452539,0,0,21320.307,22810.620000000003,-1490.313000000002,0.4831148686271648,0.48653642040951767,-0.07964064182152752,715.8719999999958,-213.56640000000044,918414,1,0,0,0
2025-02-04 00:00:00+00:00,101328.51,101732.31,100534.03,100629.7,3827.79756,2.612e-05,0.00017456999999999965,0.00047137000000000004,-1.3452850946563175,0,0,10181.727,11494.616,-1312.8889999999992,0.46971608633430467,0.4872142264047227,-0.509006089685166,-311.50699999999415,-667.1774000000012,533055,1,0,0,0
2025-02-04 04:00:00+00:00,100629.7,100764.11,98229.82,98448.02,7495.21052,2.612e-05,0.00017456999999999965,0.00047137000000000004,-1.3452850946563175,0,0,24773.465,27243.535999999996,-2470.0709999999963,0.4762570798727901,0.4853905120775634,-0.23443945719194903,-5273.272999999997,-613.4176,1036048,1,0,0,0
2025-02-04 08:00:00+00:00,98448.01,99445.17,97860.0,98967.7,4539.23391,2.612e-05,0.00017456999999999965,0.00047137000000000004,-1.3452850946563175,0,0,15192.054,14534.475999999999,657.5780000000013,0.5110604567704337,0.48873994854446556,1.0705278675556644,-3125.381999999994,-424.7999999999978,658276,1,0,0,0
2025-02-04 12:00:00+00:00,98967.7,100415.0,98275.98,99347.19,8422.36725,6.8e-05,0.00014256999999999966,0.00048568,-0.07356120907201415,0,0,28024.162,27148.770999999997,875.3910000000033,0.5079331562815412,0.49173046827366146,0.9827536549033283,-937.1019999999917,-748.0607999999986,1125723,1,0,0,0
2025-02-04 16:00:00+00:00,99347.18,100777.93,98778.58,98859.77,6617.95049,4.138e-05,0.00013549999999999966,0.00046738,-0.8276212572646157,0,0,19156.217,19628.710000000003,-472.4930000000022,0.4939088063772815,0.4931152275503517,0.4089947008472141,1060.4760000000024,-544.4967999999986,845695,1,0,0,0
2025-02-04 20:00:00+00:00,98859.78,99444.02,96150.0,97763.13,9365.42724,4.138e-05,0.00013549999999999966,0.00046738,-0.8276212572646157,0,0,31796.699,33571.77,-1775.0709999999963,0.4864225747737797,0.49057772756050805,0.1425370946704359,-1372.1729999999952,-636.933199999998,1295003,1,0,0,0
2025-02-05 00:00:00+00:00,97763.14,98930.44,97131.43,98040.0,4039.38442,4.138e-05,0.00013549999999999966,0.00046738,-0.8276212572646157,0,0,13748.112,12940.9,807.2119999999995,0.5151225530566662,0.4958839873729845,1.2082812983328153,-1440.351999999999,18.52340000000113,636509,1,0,0,0
2025-02-05 04:00:00+00:00,98040.01,98332.41,97352.77,97864.43,3233.50156,-4.61e-06,0.00010476999999999966,0.00040453,-1.9630453517717075,0,0,8612.64,9272.305,-659.6650000000009,0.4815580925745089,0.4941952551774473,-0.09364171271069684,-1627.5239999999976,-244.9251999999993,406012,1,0,0,0
2025-02-05 08:00:00+00:00,97864.43,98256.0,97257.05,98198.0,3128.59694,-4.61e-06,0.00010476999999999966,0.00040453,-1.9630453517717075,0,0,7607.992,7860.784,-252.79199999999946,0.4918289591884969,0.4916922633856967,0.35504545656067193,-105.2450000000008,-470.56179999999983,367814,0,1,0,0
2025-02-05 12:00:00+00:00,98198.0,99149.0,97734.69,98116.24,5192.00486,4.774e-05,8.450999999999966e-05,0.00041847,-0.4709294316365829,0,0,17227.865,16821.113999999998,406.75100000000384,0.5059730278549616,0.4939780793084765,0.9651864820663915,-505.7059999999965,-294.71299999999866,744043,0,1,0,0
2025-02-05 16:00:00+00:00,98116.24,98277.02,96500.0,97370.0,4822.00148,1.61e-05,5.922999999999966e-05,0.00044318,-1.2631979796066148,0,0,16241.772,17177.715,-935.9429999999993,0.485997047171909,0.4956061753922369,0.12035318471952376,-781.9839999999949,-126.88739999999925,743584,1,0,0,0
2025-02-05 20:00:00+00:00,97370.0,97706.37,96155.0,96612.43,5817.81518,1.61e-05,5.922999999999966e-05,0.00044318,-1.2631979796066148,0,0,12056.286,11812.181,244.10499999999956,0.5051135458343429,0.4984918219883922,0.9060460299420688,-285.0869999999959,-239.50879999999924,571837,0,1,0,0
2025-02-06 00:00:00+00:00,96612.44,97493.07,96430.78,97355.67,2552.15194,1.61e-05,5.922999999999966e-05,0.00044318,-1.2631979796066148,0,0,7604.113,7154.318,449.7950000000001,0.5152385778677964,0.4989096340981284,1.2826501535769554,-242.04299999999967,-17.616799999999056,399233,1,0,0,0
2025-02-06 04:00:00+00:00,97355.66,98436.61,97273.71,98195.61,2075.46063,2.186e-05,8.569999999999966e-05,0.00036504,-1.0339573071662234,0,0,7535.464,7989.566000000001,-454.10200000000077,0.4853751651365569,0.4966538349836299,0.004673439925538832,239.79799999999886,-57.878799999999316,338014,0,1,0,0
2025-02-06 08:00:00+00:00,98195.6,99120.0,97910.01,98877.99,2729.43375,2.186e-05,8.569999999999966e-05,0.00036504,-1.0339573071662234,0,0,12946.721,11665.749000000002,1280.971999999998,0.5260228250151244,0.49986523684741424,1.6603222867702196,1276.6649999999972,116.9653999999995,508388,1,0,0,0
2025-02-06 12:00:00+00:00,98877.99,99040.09,96930.17,97333.09,6201.57209,-2.38e-06,3.557999999999966e-05,0.00026266,-1.5903288341670896,0,0,21556.789,20867.371000000003,689.4179999999978,0.5081252993577244,0.5020355093058088,0.8616014585817902,1516.287999999995,442.0375999999989,927861,0,1,0,0
2025-02-06 16:00:00+00:00,97333.09,97547.71,95676.64,95983.0,6034.55958,5.903e-05,7.850999999999967e-05,0.00027324,-0.042407015618495025,0,0,21424.042,21808.788,-384.7459999999992,0.49555030286011814,0.5000782842861539,0.2697440545004442,1585.6439999999966,316.26739999999916,847435,1,0,0,0
2025-02-06 20:00:00+00:00,95982.99,97093.5,95800.0,96554.35,3922.02606,5.903e-05,7.850999999999967e-05,0.00027324,-0.042407015618495025,0,0,10809.964,10158.128,651.8359999999993,0.5155435220333829,0.5034768272320413,1.1530229405860855,956.507999999998,356.675599999999,515888,1,0,0,0
2025-02-07 00:00:00+00:00,96554.35,97805.6,96409.65,97444.04,3156.6758,7.983e-05,0.00013647999999999967,0.00032695,0.5494813733045135,0,0,8537.149,8075.121000000001,462.0279999999984,0.513906227144153,0.505684554027607,1.102582749811428,729.1179999999986,539.9015999999989,422930,1,0,0,0
2025-02-07 04:00:00+00:00,97444.04,97883.12,96566.0,96757.05,2473.49968,7.983e-05,0.00013647999999999967,0.00032695,0.5494813733045135,0,0,7683.785,10062.651000000002,-2378.866000000002,0.4329762325235331,0.4983848744944641,-2.904529895946906,-1265.002000000004,-192.06600000000108,401548,1,0,0,0
2025-02-07 08:00:00+00:00,96757.04,97750.0,96613.24,97750.0,2223.55235,6.989e-05,0.00020874999999999965,0.00032884,0.24652982721039074,0,0,7640.191,7029.330000000001,610.860999999999,0.5208207548153754,0.5018672452588107,1.267423536340334,-1305.9770000000044,-207.77740000000085,344594,1,0,0,0
2025-02-07 12:00:00+00:00,97749.99,100137.99,97165.51,98283.98,12394.34552,6.989e-05,0.00020874999999999965,0.00032884,0.24652982721039074,0,0,49021.299,49506.17600000001,-484.8770000000077,0.49753938178157914,0.5011098288535344,0.12424046638582784,-2252.8820000000105,-227.80360000000255,1611204,0,1,0,0
2025-02-07 16:00:00+00:00,98283.98,98563.55,96856.78,96898.56,6759.22647,5.167e-05,0.00020138999999999967,0.00033913000000000004,-0.22008492980291608,0,0,21822.27,23248.575,-1426.3050000000003,0.4841770772214277,0.49800367878889745,-0.5438478149256776,-1300.321000000009,-643.4318000000025,868613,1,0,0,0
2025-02-07 20:00:00+00:00,96898.56,96944.1,95620.34,96506.8,4786.92083,5.167e-05,0.00020138999999999967,0.00033913000000000004,-0.22008492980291608,0,0,15255.333,15491.748999999998,-236.41599999999744,0.4961554725746008,0.4990817095327019,0.01664025989507799,-2147.5980000000054,-783.1206000000017,636132,1,0,0,0
2025-02-08 00:00:00+00:00,96506.8,96880.0,96335.42,96699.23,2006.38123,-4.1e-05,8.055999999999965e-05,0.00030274,-2.457626729231568,0,0,6358.254,6068.202,290.0519999999997,0.5116707450619871,0.4976465015373882,0.7392529015481104,-1372.668999999998,-249.33700000000135,303248,1,0,0,1
2025-02-08 04:00:00+00:00,96699.24,96699.24,95785.09,96209.92,1789.48604,-4.1e-05,8.055999999999965e-05,0.00030274,-2.457626729231568,0,0,5864.518,7290.646000000001,-1426.1280000000006,0.44579588669514114,0.49141356027112987,-2.236107844729419,-1372.4919999999984,-656.7348000000013,290982,1,0,0,1
2025-02-08 08:00:00+00:00,96209.92,96293.48,95865.71,96120.0,1164.01705,1.137e-05,2.203999999999966e-05,0.00026637000000000004,-1.042682630986383,0,0,5060.548,4826.536999999999,234.01100000000042,0.5118341755937165,0.4930419475444897,0.7319113864066855,-902.0650000000005,-512.9571999999996,213931,0,1,0,0
2025-02-08 12:00:00+00:00,96120.0,96517.52,95688.0,95843.74,2499.53256,1.137e-05,2.203999999999966e-05,0.00026637000000000004,-1.042682630986383,0,0,7072.622,7767.379,-694.7569999999996,0.4765917468603944,0.48914677002719076,-0.8854137181727313,-1886.8739999999998,-366.6475999999995,319889,1,0,0,0
2025-02-08 16:00:00+00:00,95843.74,96750.0,95749.88,96579.99,1536.63554,3.24e-06,-2.639000000000034e-05,0.00025351000000000003,-1.1726695213345681,0,0,6674.51,6617.239,57.27100000000064,0.5021543816393162,0.48797158547670716,0.33295571369326055,-403.47499999999854,-307.9101999999999,277052,1,0,0,0
2025-02-08 20:00:00+00:00,96579.99,96712.0,96358.5,96444.74,1151.19052,3.24e-06,-2.639000000000034e-05,0.00025351000000000003,-1.1726695213345681,0,0,2662.786,2787.191,-124.40499999999975,0.48858664908127136,0.49353262713248097,-0.3187782223872817,-761.8909999999987,-390.8015999999998,150962,1,0,0,0
2025-02-09 00:00:00+00:00,96444.75,97300.0,96360.14,97300.0,2064.373,3.873e-05,5.333999999999966e-05,0.00027037999999999997,-0.22466806724264854,0,0,6459.9,6160.938,298.96199999999953,0.5118439837354698,0.4926349500244904,0.7317528505186621,231.82800000000043,-45.78359999999975,265542,1,0,0,0
2025-02-09 04:00:00+00:00,97299.99,97323.09,96777.77,97057.83,1130.18566,3.873e-05,5.333999999999966e-05,0.00027037999999999997,-0.22466806724264854,0,0,3512.77,4379.511,-866.7410000000004,0.44508932208571894,0.48738994405490443,-2.251709422320801,-692.1840000000007,-265.9339999999999,187201,1,0,0,0
2025-02-09 08:00:00+00:00,97057.83,97294.46,96509.96,96554.01,1810.78846,9.6e-05,0.00013796999999999966,0.00036876,1.27790582354702,0,0,6416.227,7312.8589999999995,-896.6319999999996,0.4673455319603942,0.4857067895288011,-1.1759558890920072,-1464.4110000000005,-306.3089999999999,250870,1,0,0,0
2025-02-09 12:00:00+00:00,96554.01,96703.99,95700.0,96488.15,3215.85687,9.6e-05,0.00013796999999999966,0.00036876,1.27790582354702,0,0,10543.04,10893.097999999998,-350.05799999999726,0.491834863164251,0.4852747285877661,-0.08085760571448548,-2113.4309999999973,-387.7747999999995,416071,1,0,0,0
2025-02-09 16:00:00+00:00,96488.14,96567.8,95888.88,96064.74,1504.3182,2.839e-05,0.00016311999999999964,0.00033812,-0.4460427361989121,0,0,4897.856,5376.244000000001,-478.38800000000083,0.47671873935429865,0.4817795280169972,-0.7149988826141803,-1725.0779999999977,-458.5713999999997,234581,1,0,0,0
2025-02-09 20:00:00+00:00,96064.73,96760.0,94713.0,96462.75,4395.39394,2.839e-05,0.00016311999999999964,0.00033812,-0.4460427361989121,0,0,16960.686,18264.157,-1303.4709999999977,0.4814978451429862,0.4853497238617817,-0.4977436221989074,-2131.916999999996,-779.0579999999992,666411,0,1,0,0
2025-02-10 00:00:00+00:00,96462.75,97131.47,95256.0,96814.98,4441.97007,1.802e-05,0.0001424099999999997,0.00027631,-0.7329323684217567,0,0,16019.416,16329.33,-309.91400000000067,0.49520979885897276,0.4836872861883073,0.1301439718280165,-2091.7729999999992,-667.6925999999992,684527,0,1,0,0
2025-02-10 04:00:00+00:00,96814.97,97640.02,96632.81,97429.83,3716.17533,1.802e-05,0.0001424099999999997,0.00027631,-0.7329323684217567,0,0,11762.639,11843.163,-80.52400000000125,0.49829440236768907,0.4858575517390369,0.24269023051252292,-1693.9089999999997,-504.47099999999955,475988,0,1,0,0
2025-02-10 08:00:00+00:00,97429.83,97954.69,97358.79,97661.16,3520.47325,9.176e-05,0.00013816999999999966,0.00029818,1.2773923031642538,0,0,9239.315,9708.640999999998,-469.3259999999973,0.48761539239377594,0.4844036528144827,-0.22491032550476517,-859.7639999999992,-528.3245999999996,386934,0,1,0,0
2025-02-10 12:00:00+00:00,97661.15,98345.0,96866.66,97218.69,4536.33685,9.176e-05,0.00013816999999999966,0.00029818,1.2773923031642538,0,0,17311.752,17784.425000000003,-472.6730000000025,0.49326603293572396,0.48487159119992806,0.04476008747894821,-1022.523000000001,-527.1815999999999,706198,1,0,0,0
2025-02-10 16:00:00+00:00,97218.68,97643.29,96866.39,97376.0,2785.34059,7.457e-05,0.00018434999999999966,0.00032107999999999995,0.8560140310431437,0,0,8364.592,7663.377999999999,701.2140000000018,0.521874697793919,0.485874662605773,1.234837962858422,-240.78499999999804,-126.24459999999999,368493,1,0,0,0
2025-02-10 20:00:00+00:00,97376.0,97490.71,97128.79,97430.82,1572.57928,7.457e-05,0.00018434999999999966,0.00032107999999999995,0.8560140310431437,0,0,3305.699,3600.195,-294.4960000000001,0.47867792352445604,0.4892335227496467,-0.6028692115475828,-65.95500000000084,-123.16099999999987,174980,0,1,0,0
2025-02-11 00:00:00+00:00,97430.82,98149.92,97416.62,97607.3,2024.92177,4.218e-05,0.00020850999999999967,0.00040426,-0.016920394991750687,0,0,7619.751,7480.383,139.3680000000004,0.5046147934846141,0.49296044890206864,0.544044922565942,546.0860000000021,-79.18259999999955,340271,1,0,0,0
2025-02-11 04:00:00+00:00,97607.31,98478.42,97558.99,98268.97,2586.68133,4.218e-05,0.00020850999999999967,0.00040426,-0.016920394991750687,0,0,8425.611,8126.505000000001,299.10599999999977,0.5090352798397498,0.4946804905696186,0.698481832333009,143.97800000000007,74.50379999999987,317644,1,0,0,0
2025-02-11 08:00:00+00:00,98268.98,98330.0,97885.62,98151.52,1703.70026,7.09e-05,0.00018764999999999966,0.00046378999999999995,0.7811899756634018,0,0,5484.362,5098.525000000001,385.83699999999953,0.5182292884729847,0.4988315454814872,1.1275639284478942,824.3109999999997,246.20580000000027,235928,0,1,0,0
2025-02-11 12:00:00+00:00,98151.51,98158.89,96595.33,97007.53,4245.10245,7.09e-05,0.00018764999999999966,0.00046378999999999995,0.7811899756634018,0,0,20605.882,19540.054,1065.8280000000013,0.513274419607504,0.5020092029279389,0.8951287586070747,1750.7710000000006,319.1286000000002,696031,0,1,0,0
2025-02-11 16:00:00+00:00,97007.54,97045.53,94876.88,95040.82,4884.73711,-2.446e-05,8.861999999999965e-05,0.00043609,-1.7463435044400686,0,0,21291.6,22163.999000000003,-872.3990000000049,0.48996217955711524,0.5014844409977532,-0.12208938448008054,579.265999999996,203.54799999999923,750686,1,0,0,0
2025-02-11 20:00:00+00:00,95040.81,96512.7,94928.47,95778.2,3202.62087,-2.446e-05,8.861999999999965e-05,0.00043609,-1.7463435044400686,0,0,14684.091,14312.141,371.9500000000007,0.5064137643815237,0.5022963771991366,0.6219240916988567,565.3789999999972,250.0643999999993,529877,1,0,0,0
2025-02-12 00:00:00+00:00,95778.21,96263.99,95100.0,95299.27,2407.32134,1.298e-05,5.941999999999966e-05,0.00041034000000000003,-0.6966522575337946,0,0,7586.376,8286.283,-699.9069999999992,0.47795243380456925,0.501330081340216,-0.5969218008464351,-1200.3560000000034,50.261799999999496,359001,1,0,0,0
2025-02-12 04:00:00+00:00,95299.28,96188.68,95267.71,96069.58,1939.80551,1.298e-05,5.941999999999966e-05,0.00041034000000000003,-0.6966522575337946,0,0,6639.955,5382.388000000001,1257.566999999999,0.5523012444412874,0.5072336024907723,2.578123083865053,929.6100000000006,224.6077999999994,285966,1,0,0,0
2025-02-12 08:00:00+00:00,96069.58,96469.78,95913.49,96094.65,2296.45775,4.899e-05,3.750999999999965e-05,0.00036333,0.2525580758577456,0,0,7750.265,7579.749999999999,170.51500000000124,0.5055614753149296,0.5056022802428733,0.500209921541721,728.1750000000011,45.54519999999938,295536,1,0,0,0
2025-02-12 12:00:00+00:00,96094.65,96631.66,94088.23,95816.18,11805.54003,4.899e-05,3.750999999999965e-05,0.00036333,0.2525580758577456,0,0,39779.44,41391.413,-1611.9729999999981,0.4900704936536764,0.5067415372557954,-0.2019105715476905,-183.8909999999978,-102.36959999999927,1449474,1,0,0,0
2025-02-12 16:00:00+00:00,95816.18,97700.0,95120.3,97205.06,6689.55876,4.899e-05,3.750999999999965e-05,0.00036333,0.2525580758577456,0,0,26213.042,25916.352999999996,296.68900000000576,0.502845697710476,0.5065646276783815,0.3583566896755165,-1144.7689999999911,-117.42179999999826,898275,1,0,0,0
2025-02-12 20:00:00+00:00,97205.06,98119.99,96854.97,97869.99,4012.48286,4.96e-05,0.00011156999999999965,0.00038453999999999995,0.22351679288379556,0,0,13376.145,12546.668999999998,829.4760000000024,0.515998957520584,0.5072609954464651,0.9204143630948088,-485.80799999999,188.45480000000208,489424,1,0,0,0
2025-02-13 00:00:00+00:00,97870.0,98083.91,97367.45,97498.42,2127.33742,4.96e-05,0.00011156999999999965,0.00038453999999999995,0.22351679288379556,0,0,5896.956,6631.384,-734.4279999999999,0.47068933314389616,0.5025069999135561,-1.06396691440469,391.73700000000827,-209.94419999999772,289129,1,0,0,0
2025-02-13 04:00:00+00:00,97498.43,97564.83,95800.0,96070.23,3383.93788,0.0001,0.00019858999999999966,0.00046652,1.610577703371377,0,0,14877.496,14650.754,226.74199999999837,0.5038394080245189,0.5015634987552577,0.37047266684100694,321.7900000000009,-198.6987999999983,527871,0,1,0,0
2025-02-13 08:00:00+00:00,96070.23,96336.0,95599.57,95925.11,3154.64728,4.117e-05,0.00019076999999999967,0.00041593,0.04774378432535947,0,0,9774.691,10545.247999999998,-770.5569999999971,0.48103938697847476,0.5006712194973937,-0.7016596122180021,-1278.2429999999986,-30.415599999998086,397586,1,0,0,0
2025-02-13 12:00:00+00:00,95925.12,96480.06,95336.0,95998.0,5428.60469,4.117e-05,0.00019076999999999967,0.00041593,0.04774378432535947,0,0,19607.756,18166.661999999997,1441.0940000000046,0.5190749993818569,0.501937342997427,1.0953618088814798,897.2790000000059,198.4654000000017,764929,1,0,0,0
2025-02-13 16:00:00+00:00,95998.0,96361.58,95217.36,95627.76,3689.67744,4.117e-05,0.00019076999999999967,0.00041593,0.04774378432535947,0,0,12557.607,13739.400000000001,-1181.7930000000015,0.47752989532230794,0.5018950891492009,-0.8864776224477079,-511.25599999999395,-203.7883999999991,576840,1,0,0,0
2025-02-13 20:00:00+00:00,95627.75,96774.71,95600.0,96608.14,2137.57145,8.05e-06,0.00014921999999999966,0.00034941,-0.8596303435556877,0,0,7894.708,7897.8640000000005,-3.1560000000008586,0.49990007960704563,0.49665497266577663,0.17649729759313373,256.14500000000226,-57.53399999999929,326300,0,1,0,0
2025-02-14 00:00:00+00:00,96608.13,97190.0,96356.41,97129.98,1805.7947,4.1e-05,9.021999999999965e-05,0.00034823000000000005,0.06672792229559475,0,0,6647.003,7311.193,-664.1900000000005,0.47620788531698505,0.49371961366598216,-0.9084347544341878,-1849.1390000000029,-235.72039999999907,327006,0,1,0,0
2025-02-14 04:00:00+00:00,97129.98,97248.6,96561.36,96944.09,1782.53303,4.1e-05,9.021999999999965e-05,0.00034823000000000005,0.06672792229559475,0,0,6287.789,6363.410000000001,-75.621000000001,0.49701131094372947,0.4944136953949875,0.011632173769064707,-742.9670000000024,-96.73319999999985,254124,1,0,0,0
2025-02-14 08:00:00+00:00,96944.09,97196.0,96799.99,96887.56,1758.38512,4.1e-05,9.021999999999965e-05,0.00034823000000000005,0.06672792229559475,0,0,4659.964,5279.585000000001,-619.621000000001,0.46883052742131454,0.49101217836607136,-1.5218594544296857,-1359.4320000000025,-508.87620000000095,222743,1,0,0,0
2025-02-14 12:00:00+00:00,96887.55,97568.28,96252.82,96924.39,3999.36783,5.51e-05,0.00010414999999999964,0.00033243,0.48635640489631005,0,0,17125.487,17268.254999999997,-142.7679999999964,0.4979245061499851,0.4892047332290114,0.047634965031849136,-838.0099999999984,-301.0712,632945,0,1,0,0
2025-02-14 16:00:00+00:00,96924.57,98826.0,96494.17,97940.45,6009.55921,7.093e-05,0.00016702999999999965,0.00042782,0.9012869271136987,0,0,26508.259,24525.72,1982.538999999997,0.5194237157169344,0.4940781714863153,1.138059747677461,1220.1499999999996,96.06779999999962,810894,1,0,0,0
2025-02-14 20:00:00+00:00,97940.44,98264.85,96697.56,97500.48,2817.38657,7.093e-05,0.00016702999999999965,0.00042782,0.9012869271136987,0,0,11179.395,11296.897,-117.50200000000041,0.4973860901967282,0.4934328397035362,-0.08911525299342868,1722.2690000000002,205.40539999999964,451198,1,0,0,0
2025-02-15 00:00:00+00:00,97500.47,97972.26,97223.58,97653.19,1506.43225,5.5e-07,0.00012657999999999965,0.00041539,-1.1107240705051158,0,0,5009.304,5042.246999999999,-32.9429999999993,0.49836129767435894,0.49516503077312457,-0.04115357313606895,1832.0939999999973,213.94099999999997,230125,0,1,0,0
2025-02-15 04:00:00+00:00,97653.19,97780.73,97345.5,97346.26,1029.42986,5.5e-07,0.00012657999999999965,0.00041539,-1.1107240705051158,0,0,2987.875,3008.112,-20.23700000000008,0.49831245464674956,0.49308877629961384,-0.043882758273271795,-170.6819999999998,333.81780000000015,153545,1,0,0,0
2025-02-15 08:00:00+00:00,97346.27,97731.09,97301.77,97615.59,874.17838,3.297e-05,0.00010444999999999964,0.00039936999999999997,-0.1696902125019597,0,0,2986.247,3200.5409999999997,-214.29399999999987,0.4826813202585898,0.49360391879324206,-0.8911837511055971,-267.47399999999925,319.51259999999945,146485,0,1,0,0
2025-02-15 12:00:00+00:00,97615.59,97962.51,97426.57,97633.22,2009.35817,3.297e-05,0.00010444999999999964,0.00039936999999999997,-0.1696902125019597,0,0,5761.401,5402.849,358.5519999999997,0.5160580424121638,0.4952197150737539,0.8852249428753347,124.02099999999973,-5.284799999999995,256295,1,0,0,0
2025-02-15 16:00:00+00:00,97633.21,97714.39,97304.38,97531.9,921.83788,3.735e-05,7.086999999999965e-05,0.00038712,-0.06513844997967345,0,0,3858.17,3918.5330000000004,-60.363000000000284,0.49611898512775915,0.49721082505483133,-0.1513830064456964,83.89499999999953,6.143000000000029,174315,1,0,0,0
2025-02-15 20:00:00+00:00,97531.91,97741.35,97414.05,97569.66,1008.14029,3.735e-05,7.086999999999965e-05,0.00038712,-0.06513844997967345,0,0,2986.949,3256.3650000000002,-269.41600000000017,0.4784236384714913,0.49535205780760744,-1.1332350622326526,28.77299999999923,-41.151600000000144,161741,0,1,0,0
2025-02-16 00:00:00+00:00,97569.67,97704.47,97411.11,97547.17,935.38493,3.39e-05,0.00010421999999999965,0.00032102,-0.17688876504616438,0,0,2626.891,3039.5799999999995,-412.6889999999994,0.46358500731760566,0.4948275057972366,-1.7754600401007306,-742.4679999999998,-119.64200000000001,131401,1,0,0,0
2025-02-16 04:00:00+00:00,97547.17,97682.04,97212.0,97248.98,746.42703,3.39e-05,0.00010421999999999965,0.00032102,-0.17688876504616438,0,0,2580.255,3279.1189999999997,-698.8639999999996,0.4403635951553869,0.48907141469777676,-2.5376023928163045,-1380.9689999999991,-216.55599999999995,123301,1,0,0,0
2025-02-16 08:00:00+00:00,97248.98,97388.89,97061.58,97336.0,1186.96965,1.82e-06,7.306999999999964e-05,0.00028167,-1.115001976292462,0,0,3915.725,3366.4020000000005,549.3229999999994,0.5377172081728319,0.4909007639433665,1.8543952584674788,-562.2299999999996,-178.4018,156927,1,0,0,0
2025-02-16 12:00:00+00:00,97335.99,97336.0,96645.35,96911.01,1883.07426,1.82e-06,7.306999999999964e-05,0.00028167,-1.115001976292462,0,0,6740.711,6944.322999999999,-203.61199999999917,0.49256077843869445,0.4904182327675632,-0.1153075842579672,-353.15299999999934,-207.05159999999978,264745,1,0,0,0
2025-02-16 16:00:00+00:00,96911.01,97169.15,96609.05,97058.47,1187.57052,3.799e-05,7.370999999999964e-05,0.00031161,-0.04268878653021636,0,0,4372.088,4629.498,-257.40999999999985,0.4857019640761084,0.48915229940773813,-0.4149206309938159,88.30100000000039,-204.6503999999997,189743,0,1,0,0
2025-02-16 20:00:00+00:00,97058.47,97282.38,96046.18,96118.12,2251.99851,3.799e-05,7.370999999999964e-05,0.00031161,-0.04268878653021636,0,0,7905.114,7285.167000000001,619.9469999999983,0.5204060412048993,0.49136165806355303,1.0945757834782752,158.92499999999927,1.876799999999821,312542,0,1,0,0
2025-02-17 00:00:00+00:00,96118.12,96638.05,96023.17,96215.33,1866.57226,6.239e-05,0.00010219999999999965,0.000333,0.6994964643713728,0,0,5933.28,5417.4800000000005,515.7999999999993,0.5227209455578304,0.4953656205934771,1.117049770881702,878.3369999999977,244.8095999999996,274682,1,0,0,0
2025-02-17 04:00:00+00:00,96215.32,96463.2,95800.0,96068.22,2725.98131,6.239e-05,0.00010219999999999965,0.000333,0.6994964643713728,0,0,6683.556,6943.844,-260.28800000000047,0.4904498290209431,0.49280479925435505,-0.21591922017008036,875.4589999999971,82.88739999999962,307541,1,0,0,0
2025-02-17 08:00:00+00:00,96068.21,96395.68,95937.05,96063.18,2282.57983,6.397e-05,0.00016434999999999963,0.00034187,0.7562057967385495,0,0,6207.697,6785.151,-577.4539999999997,0.4777780052533517,0.49097070126691433,-0.7818226566694425,-321.9420000000009,8.118999999999506,279106,1,0,0,0
2025-02-17 12:00:00+00:00,96063.17,97046.59,95564.0,95659.46,4434.60458,6.397e-05,0.00016434999999999963,0.00034187,0.7562057967385495,0,0,14446.508,15439.616,-993.1080000000002,0.4833851321770598,0.4914668506374712,-0.4983676635609051,-1830.8500000000004,-139.02060000000057,521476,1,0,0,0
2025-02-17 16:00:00+00:00,95659.45,95945.49,95205.0,95531.36,3482.13274,2.009e-05,0.00014644999999999963,0.00029103,-0.5227841948457407,0,0,12977.387,11832.198999999999,1145.188000000002,0.5230795467526141,0.49741630458097197,1.3386430824473428,-425.373999999998,-33.97239999999984,470486,0,1,0,0
2025-02-17 20:00:00+00:00,95531.36,96413.43,95488.9,95780.0,1700.17438,2.009e-05,0.00014644999999999963,0.00029103,-0.5227841948457407,0,0,6588.943,6321.325,267.6180000000004,0.5103645408445433,0.5044163991498876,0.7596403850616489,419.69800000000214,-83.6087999999996,270162,1,0,0,0
2025-02-18 00:00:00+00:00,95780.01,96322.97,95538.01,96200.0,1602.3437,9.488e-05,0.00017893999999999967,0.00038535999999999996,1.6651370732231003,0,0,5818.908,6226.986,-408.0779999999995,0.48306153117402495,0.49895083145000696,-0.5546047144813434,1004.7280000000028,-113.16679999999943,254946,0,1,0,0
2025-02-18 04:00:00+00:00,96200.0,96300.73,95254.12,95456.93,3176.48546,9.488e-05,0.00017893999999999967,0.00038535999999999996,1.6651370732231003,0,0,8867.625,9854.755000000001,-987.130000000001,0.47363769990781085,0.49705852359691854,-0.9455490097524921,-1127.5900000000001,-195.1019999999997,392521,1,0,0,0
2025-02-18 08:00:00+00:00,95456.92,95872.17,95050.0,95640.34,2483.18123,0.0001,0.00021496999999999966,0.00045239,1.673121991383299,0,0,7522.163,8121.348000000001,-599.1850000000013,0.48084876854051495,0.49657320404335925,-0.6041951027816618,-1994.3930000000018,-116.3173999999999,325125,0,1,0,0
2025-02-18 12:00:00+00:00,95640.35,96753.91,95200.0,95546.48,4474.04458,0.0001,0.00021496999999999966,0.00045239,1.673121991383299,0,0,19663.163,19847.519999999997,-184.35699999999633,0.49766699806227094,0.49429929972909636,0.2303695931628496,-1770.6719999999987,-382.22639999999956,728591,1,0,0,0
2025-02-18 16:00:00+00:00,95546.49,95633.15,93388.09,94104.14,6846.15491,0.0001,0.00029487999999999964,0.00051504,1.5514152516779858,0,0,29325.559,30551.366,-1225.8070000000007,0.4897639449587633,0.49100359966918966,-0.1743078170979279,-2009.3489999999983,-680.9113999999997,990778,1,0,0,0
2025-02-18 20:00:00+00:00,94104.15,95685.0,93730.72,95671.74,4785.98483,0.0001,0.00029487999999999964,0.00051504,1.5514152516779858,0,0,17635.105,15738.863999999998,1896.2410000000018,0.5284089824617504,0.4947995150132704,1.596303228372227,486.0770000000048,-220.0475999999995,607715,1,0,0,0
2025-02-19 00:00:00+00:00,95671.74,95961.54,95055.0,95710.26,2158.62817,7.007e-05,0.00027006999999999964,0.00055121,0.6181017081096897,0,0,9087.028,8726.768999999998,360.25900000000183,0.510111797052588,0.4980328941931941,0.6907510605918494,1030.693000000003,49.43020000000106,350960,1,0,0,0
2025-02-19 04:00:00+00:00,95710.25,95846.15,95029.99,95687.71,3441.18957,7.007e-05,0.00027006999999999964,0.00055121,0.6181017081096897,0,0,8679.795,8277.38,402.4150000000009,0.5118656262024778,0.5008809435957359,0.7425330409618629,2658.9150000000045,249.75020000000148,305340,0,1,0,0
2025-02-19 08:00:00+00:00,95687.71,96468.99,95616.6,96422.6,2411.90713,7.779e-05,0.0002478599999999997,0.00062718,0.8857347443965674,0,0,10241.053,9904.295000000002,336.757999999998,0.5083582075623613,0.4994088096767106,0.5307432521995963,1099.4320000000007,353.97320000000036,330634,1,0,0,0
2025-02-19 12:00:00+00:00,96422.6,96700.0,95536.36,95943.74,3550.14153,7.779e-05,0.0002478599999999997,0.00062718,0.8857347443965674,0,0,15728.355,16847.924,-1119.5689999999995,0.48281619272722953,0.4966539748649792,-0.656986877612507,-380.39600000000064,375.2208000000006,611272,1,0,0,0
2025-02-19 16:00:00+00:00,95943.74,96480.0,95407.41,96206.54,2763.82004,8.96e-05,0.00023745999999999967,0.00067879,1.163002380536593,0,0,11327.904,11105.812,222.09200000000055,0.5049499601403531,0.4988428177616121,0.41956782725532826,-560.719000000001,40.391000000000346,448668,1,0,0,0
2025-02-19 20:00:00+00:00,96206.54,96899.99,96058.38,96644.37,2112.8231,8.96e-05,0.00023745999999999967,0.00067879,1.163002380536593,0,0,8022.577,7047.981000000001,974.5959999999995,0.5323344364555048,0.5047124914163814,1.602575027970796,77.1190000000006,163.25839999999988,316943,1,0,0,0
2025-02-20 00:00:00+00:00,96644.37,97362.83,96415.09,97055.25,2723.25483,2.42e-05,0.00019158999999999968,0.0006406,-0.8083877486151729,0,0,8391.969,7851.023000000001,540.9459999999981,0.5166516735340385,0.5082927819157337,0.8443401637186358,1737.6339999999982,190.96459999999934,335013,1,0,0,0
2025-02-20 04:00:00+00:00,97055.24,97339.11,96781.57,96867.92,2341.17162,2.42e-05,0.00019158999999999968,0.0006406,-0.8083877486151729,0,0,5120.408,5756.238,-635.8299999999999,0.47077086079660957,0.5056031681891676,-1.1626546909557138,879.7119999999977,-3.5530000000002473,224974,1,0,0,0
2025-02-20 08:00:00+00:00,96867.92,97384.03,96801.61,97207.92,1589.77673,3.269e-05,0.00014648999999999966,0.00060932,-0.5045673395882493,0,0,4650.513,4564.7480000000005,85.76499999999942,0.5046534221873911,0.5070921159120305,0.30357571905184405,-9.119000000002416,237.51379999999955,194694,1,0,0,0
2025-02-20 12:00:00+00:00,97207.93,98062.15,96799.42,96903.77,4401.17328,3.269e-05,0.00014648999999999966,0.00060932,-0.5045673395882493,0,0,20203.707,20341.678000000004,-137.971000000005,0.49829856098295766,0.5040810737641511,0.04810705553476211,-688.0360000000055,165.50119999999842,693604,1,0,0,0
2025-02-20 16:00:00+00:00,96903.76,98518.0,96888.0,98422.8,3819.64673,7.346e-05,0.00013034999999999967,0.0006626900000000001,0.7552609647330591,0,0,17688.677,17215.132,473.54499999999825,0.506783571959152,0.5037482512548076,0.4123380301004391,421.33899999999267,65.29099999999816,609618,1,0,0,0
2025-02-20 20:00:00+00:00,98422.8,98711.36,98000.0,98305.0,2182.36858,7.346e-05,0.00013034999999999967,0.0006626900000000001,0.7552609647330591,0,0,8812.567,8583.512000000002,229.05499999999665,0.5065835237929189,0.5032200410138516,0.36527577585101434,564.6289999999899,2.9127999999978784,347816,0,1,0,0
2025-02-21 00:00:00+00:00,98305.01,98505.0,98084.06,98141.99,2303.6398,7.346e-05,0.00013034999999999967,0.0006626900000000001,0.7552609647330591,0,0,4343.858,5292.289999999999,-948.4319999999989,0.45078780442143485,0.497463000699759,-2.0680692632774478,-245.83200000000397,-59.60760000000191,213088,1,0,0,0
2025-02-21 04:00:00+00:00,98141.99,98610.17,98117.73,98179.76,2056.48148,1.23e-06,0.00010737999999999967,0.0005690399999999999,-1.3845638367069404,0,0,5033.345,4804.570000000001,228.77499999999964,0.5116272096272432,0.5003441023897605,0.5517260351011993,-490.6020000000026,-31.00560000000187,185294,1,0,0,0
2025-02-21 08:00:00+00:00,98179.77,98896.81,98111.11,98629.3,3470.69828,2.286e-05,9.754999999999966e-05,0.0004919,-0.6915424100479771,0,0,10983.335,10716.159,267.1759999999995,0.5061562725840519,0.5004647336341301,0.3545845289861353,-452.48099999999977,50.02379999999903,377597,1,0,0,0
2025-02-21 12:00:00+00:00,98629.31,99475.0,97177.31,98104.04,8919.82124,2.286e-05,9.754999999999966e-05,0.0004919,-0.6915424100479771,0,0,42375.731,43026.058999999994,-650.3279999999941,0.4961925388214931,0.49685054387072913,-0.17653004617272597,-154.37699999999495,-174.75079999999943,1297273,1,0,0,0
2025-02-21 16:00:00+00:00,98104.04,98757.0,95247.15,95285.11,9442.11583,-9.7e-07,2.3119999999999663e-05,0.00039092999999999995,-1.4908606921175072,0,0,41898.816,44088.124,-2189.3080000000045,0.4872695318614664,0.4939123297034719,-0.6510524797659999,-2572.459999999999,-658.4233999999997,1308733,1,0,0,0
2025-02-21 20:00:00+00:00,95285.11,96202.68,94871.95,96181.98,6056.52477,-9.7e-07,2.3119999999999663e-05,0.00039092999999999995,-1.4908606921175072,0,0,19894.226,18161.76,1732.4660000000003,0.5227620695466937,0.4991114505784802,1.2138869199677056,-1107.1699999999983,-122.24379999999982,686918,1,0,0,0
2025-02-22 00:00:00+00:00,96181.99,96455.97,95770.49,96299.07,2247.9764,0.0001,0.00012188999999999966,0.00042086,1.53205799814461,0,0,5955.423,6932.427000000001,-977.0040000000008,0.46209592755967827,0.494855701115709,-1.8050441644199702,-1433.846000000005,-363.3995999999999,250349,0,1,0,0
2025-02-22 04:00:00+00:00,96299.08,96578.99,96273.85,96288.09,1394.90999,0.0001,0.00012188999999999966,0.00042086,1.53205799814461,0,0,3955.561,4130.117,-174.55600000000004,0.489205852619904,0.4939464302794037,-0.42624640446015943,580.9059999999995,-451.7459999999998,174327,1,0,0,0
2025-02-22 08:00:00+00:00,96288.09,96611.53,96151.0,96580.0,2059.63477,6.466e-05,0.00016368999999999965,0.00040773,0.4377558949174559,0,0,5769.922,5340.055000000001,429.86699999999837,0.519345989645163,0.4952026720480047,1.0313261140362848,-721.6930000000025,-235.70700000000133,227490,1,0,0,0
2025-02-22 12:00:00+00:00,96580.0,96980.0,96485.37,96592.0,2290.85469,6.466e-05,0.00016368999999999965,0.00040773,0.4377558949174559,0,0,9625.003,8496.716,1128.2870000000003,0.531130793938478,0.4976573990625607,1.5012079187584209,1383.5979999999986,427.8119999999996,280269,1,0,0,0
2025-02-22 16:00:00+00:00,96592.01,96823.53,96345.49,96639.99,2305.94545,2.318e-05,0.00018783999999999967,0.00034131,-0.7863545951391342,0,0,5252.291,5301.491999999999,-49.20099999999911,0.4976690348854056,0.5023455221089577,-0.1040129094964095,1508.9529999999995,71.47859999999973,228742,0,1,0,0
2025-02-22 20:00:00+00:00,96640.0,96700.0,96472.22,96551.01,968.85578,2.318e-05,0.00018783999999999967,0.00034131,-0.7863545951391342,0,0,2412.039,2621.104,-209.0649999999996,0.4792311682779528,0.49910591797402865,-0.9667772000405006,870.0210000000015,225.0664,111930,1,0,0,0
2025-02-23 00:00:00+00:00,96551.01,96650.0,96355.17,96414.0,1326.63672,4.112e-05,0.0001289599999999997,0.00035822999999999996,-0.19680938166630518,0,0,2730.12,3191.3550000000005,-461.2350000000006,0.46105404481147005,0.49459569519677044,-1.7489521557951189,-719.5009999999993,167.73059999999987,126538,1,0,0,0
2025-02-23 04:00:00+00:00,96414.0,96558.01,96143.99,96508.85,1245.52389,4.112e-05,0.0001289599999999997,0.00035822999999999996,-0.19680938166630518,0,0,5173.363,5650.478,-477.1149999999998,0.47795999590163973,0.4927724409047851,-0.9619683839860325,-1147.415,-13.665799999999763,178998,0,1,0,0
2025-02-23 08:00:00+00:00,96508.85,96508.86,96083.33,96115.99,1223.25286,3.14e-05,9.569999999999967e-05,0.00035694,-0.4893714326854961,0,0,3322.085,4294.214,-972.1289999999999,0.4361810112759491,0.4876635888462334,-2.5575004576555243,-1910.4790000000003,-433.7489999999998,154271,1,0,0,0
2025-02-23 12:00:00+00:00,96115.99,96158.5,95414.25,95436.18,2752.94714,3.14e-05,9.569999999999967e-05,0.00035694,-0.4893714326854961,0,0,9790.173,11581.567000000001,-1791.3940000000002,0.45808965484326497,0.4811963473758906,-1.5093636343348629,-3240.638,-782.1876,329166,1,0,0,0
2025-02-23 16:00:00+00:00,95436.19,95876.0,95227.94,95755.99,2646.03752,1.478e-05,8.729999999999967e-05,0.00029826,-1.0235305347300738,0,0,6002.743,5931.839,70.90400000000045,0.5029705271621578,0.4852838073361386,0.29292095148167074,-2692.6189999999997,-726.1938,229866,1,0,0,0
2025-02-23 20:00:00+00:00,95756.0,96332.44,95522.78,96258.0,1690.451,1.478e-05,8.729999999999967e-05,0.00029826,-1.0235305347300738,0,0,5940.833,5689.921000000001,250.91199999999844,0.5107865749718375,0.4874418795713318,0.6493911753617183,-1469.5780000000013,-583.7644000000003,227469,1,0,0,0
2025-02-24 00:00:00+00:00,96258.0,96500.0,95311.0,95433.21,2641.40258,-2.97e-05,1.6479999999999673e-05,0.00026733000000000003,-2.1486609620942567,0,0,8560.836,9203.012999999999,-642.1769999999997,0.48192460991984337,0.4836997415987999,-0.5118574632143047,-320.3610000000008,-616.7768000000002,407234,1,0,0,1
2025-02-24 04:00:00+00:00,95433.21,95945.0,95078.01,95872.02,3077.64753,-2.97e-05,1.6479999999999673e-05,0.00026733000000000003,-2.1486609620942567,0,0,9016.823,8626.676,390.14700000000084,0.5110563953329212,0.48169230173824423,0.7029170619634487,-1.118000000000393,-344.32160000000005,332392,1,0,0,1
2025-02-24 08:00:00+00:00,95872.02,96177.18,95355.0,95821.45,3284.07984,6.881e-05,5.3889999999999675e-05,0.00031328,0.6694642018661575,0,0,9475.339,9734.149000000001,-258.8100000000013,0.4932634852110582,0.4812517467708095,-0.01775062340773074,-510.84000000000015,-37.80480000000025,354146,1,0,0,0
2025-02-24 12:00:00+00:00,95821.45,96095.32,93817.06,94323.95,7573.60951,6.881e-05,5.3889999999999675e-05,0.00031328,0.6694642018661575,0,0,29178.876,30925.329999999998,-1746.453999999998,0.4854714493691174,0.48187577487992594,-0.34877389627018374,-1615.1169999999984,-401.2763999999999,969374,1,0,0,0
2025-02-24 16:00:00+00:00,94323.95,95194.59,93666.22,93943.51,5598.80012,2.05e-05,5.960999999999967e-05,0.00033475000000000003,-0.6651334183277576,0,0,19440.297,20152.970999999998,-712.6739999999991,0.4910000609194472,0.4848703764907237,-0.09739954275704062,-2717.9379999999983,-593.9935999999994,783204,1,0,0,0
2025-02-24 20:00:00+00:00,93943.52,94571.43,91349.26,91552.88,9374.56341,2.05e-05,5.960999999999967e-05,0.00033475000000000003,-0.6651334183277576,0,0,28706.268,34468.172000000006,-5761.904000000006,0.45439687316579297,0.482514064217139,-1.5410821961535723,-8221.032000000003,-1617.9390000000008,1063600,1,0,0,0
2025-02-25 00:00:00+00:00,91552.88,92540.69,90912.01,92153.93,8746.45217,0.0001,0.00018930999999999966,0.00033475,1.4967180130248308,0,0,24653.085,25083.254,-430.1690000000017,0.49567550599170557,0.48846351368871466,0.24539136538690487,-6904.747000000007,-1782.0022000000013,995994,0,1,0,0
2025-02-25 04:00:00+00:00,92153.93,92327.88,88200.0,89320.01,14740.56517,0.0001,0.00018930999999999966,0.00033475,1.4967180130248308,0,0,44792.125,47306.728,-2514.603000000003,0.4863483478996204,0.4912893829943501,-0.18350657496705597,-8706.67600000001,-2233.1608000000015,1338212,1,0,0,0
2025-02-25 08:00:00+00:00,89320.01,90000.0,86888.1,89239.39,17685.20523,5.245e-05,0.00017294999999999968,0.00032253999999999996,0.13501689359035302,0,0,47672.321,53106.598999999995,-5434.277999999991,0.47303861759979177,0.4882961920381136,-0.7192871248715665,-8379.049999999996,-2970.7256,1753583,1,0,0,0
2025-02-25 12:00:00+00:00,89239.39,89544.4,86050.99,87231.26,18057.2139,5.245e-05,0.00017294999999999968,0.00032253999999999996,0.13501689359035302,0,0,52484.953,56247.138,-3762.1849999999977,0.4826997486878092,0.4854875094097107,-0.2742017954211257,-11711.065999999992,-3580.6277999999998,1956131,1,0,0,0
2025-02-25 16:00:00+00:00,87231.63,88065.45,86157.69,87947.25,10667.84575,1.385e-05,0.00016629999999999968,0.00031321,-0.923362839886949,0,0,36530.64,35910.971999999994,619.6680000000051,0.5042770169167412,0.48772275010940047,0.6766304328074635,-8576.794999999984,-2304.3133999999977,1479738,1,0,0,0
2025-02-25 20:00:00+00:00,87947.24,89460.17,87622.64,88680.4,8435.82889,1.385e-05,0.00016629999999999968,0.00031321,-0.923362839886949,0,0,24335.533,24173.154,162.37900000000081,0.5016737105252921,0.48678448162863763,0.5723283477994527,-2980.1379999999917,-2185.803799999997,845555,1,0,0,0
2025-02-26 00:00:00+00:00,88680.39,89414.15,88148.48,88900.0,3505.34849,3.521e-05,0.00010150999999999967,0.0003073,-0.32797447700040966,0,0,10436.36,10928.847999999998,-492.48799999999756,0.48847453298839877,0.48630558640637167,-0.06948523010545206,289.5590000000084,-1781.380799999996,444990,0,1,0,0
2025-02-26 04:00:00+00:00,88900.01,89245.29,88392.45,88720.02,3843.49941,3.521e-05,0.00010150999999999967,0.0003073,-0.32797447700040966,0,0,8082.727,8538.408,-455.6809999999996,0.48629212144657996,0.4863876536141179,-0.13416025724353176,-785.7899999999963,-785.6613999999978,360940,1,0,0,0
2025-02-26 08:00:00+00:00,88720.01,89314.45,88138.0,88616.8,4175.40587,6.005e-05,0.00010910999999999967,0.00033595,0.3207112172024316,0,0,13783.359,13844.775999999998,-61.41699999999764,0.49888850622743813,0.487176498144917,0.4779112314318679,-1009.5859999999948,-45.50779999999777,467711,1,0,0,0
2025-02-26 12:00:00+00:00,88616.8,88674.0,85418.72,87567.53,13226.48272,6.005e-05,0.00010910999999999967,0.00033595,0.3207112172024316,0,0,54544.578,58791.94699999999,-4247.3689999999915,0.48126213504428517,0.4898630243327662,-0.34010049826562294,-4764.466999999989,-1018.9151999999971,1856882,1,0,0,0
2025-02-26 16:00:00+00:00,87567.53,87806.62,83418.0,83856.99,17635.66389,0.0001,0.00019525999999999967,0.00042117,1.3637667173069221,0,0,64816.987,72629.709,-7812.722000000002,0.4715790840108663,0.4874533821346823,-0.7693688770854622,-12121.50799999999,-2613.9353999999976,2145700,1,0,0,0
2025-02-26 20:00:00+00:00,83856.98,85400.0,82256.01,84250.09,14507.14371,0.0001,0.00019525999999999967,0.00042117,1.3637667173069221,0,0,41612.109,43132.013000000006,-1519.9040000000095,0.49103239278353716,0.487921786623074,0.2101852399286248,-13579.995000000003,-2819.4186,1571750,0,1,0,0
2025-02-27 00:00:00+00:00,84250.09,85466.55,84026.96,85226.32,6905.3983,0.0001,0.00019525999999999967,0.00042117,1.3637667173069221,0,0,15519.548,16458.900999999998,-939.3529999999973,0.4853127179495166,0.4891491966580464,-0.11560736159526726,-10271.979000000008,-2916.1529999999993,721994,0,1,0,0
2025-02-27 04:00:00+00:00,85226.32,86737.0,84694.29,86272.01,5489.64417,9.305e-05,0.0002530999999999997,0.00054392,1.1183565048456678,0,0,17475.449,15579.033000000003,1896.4159999999974,0.5286862156847595,0.49374784335774147,1.8975271768220754,-562.8410000000094,-2524.5864,572650,1,0,0,0
2025-02-27 08:00:00+00:00,86272.01,87078.46,85846.87,86698.6,4102.58827,-6.17e-06,0.00018687999999999967,0.00046894000000000005,-1.4630501634357496,0,0,18315.256,17859.121,456.13500000000204,0.5063046697390255,0.49395060863997,0.8728414400044213,1413.1980000000021,-1583.8856000000017,559128,1,0,0,0
2025-02-27 12:00:00+00:00,86698.6,86795.9,84640.75,85500.84,12382.79075,-6.17e-06,0.00018687999999999967,0.00046894000000000005,-1.4630501634357496,0,0,35388.647,36426.833,-1038.1860000000015,0.4927718508600096,0.4930604226734417,0.2971537494550053,1314.364999999998,-228.97840000000178,1357249,1,0,0,0
2025-02-27 16:00:00+00:00,85500.84,85691.51,83614.75,84113.98,6757.93459,9.433e-05,0.00018120999999999968,0.00054277,1.0946996349776221,0,0,21698.222,22494.962,-796.739999999998,0.4909857139960769,0.4933115407742094,0.21510824843595047,-1378.7909999999974,-84.34559999999946,937685,1,0,0,0
2025-02-27 20:00:00+00:00,84113.98,84927.84,82716.49,84708.58,6867.09831,9.433e-05,0.00018120999999999968,0.00054277,1.0946996349776221,0,0,26306.767,25885.790999999997,420.9760000000024,0.5040329121251348,0.49508561984206495,0.8586165525165522,-1413.949999999997,187.7202000000005,934682,1,0,0,0
2025-02-28 00:00:00+00:00,84708.57,84892.85,79532.0,80452.44,24103.21319,9.433e-05,0.00018120999999999968,0.00054277,1.0946996349776221,0,0,70612.106,79565.989,-8953.883000000002,0.47018911779377676,0.4922156809986989,-0.9648441113596586,-9329.646999999997,-1982.3395999999993,2382979,1,0,0,0
2025-02-28 04:00:00+00:00,80452.89,80969.69,78820.06,79204.59,17998.86851,9.444e-05,0.00018259999999999967,0.00053721,1.0984090539926141,0,0,54051.365,55767.24600000001,-1715.8810000000085,0.49218765842886136,0.49330823333715645,0.1963717730406704,-10248.788000000008,-2416.7428000000014,2089760,1,0,0,0
2025-02-28 08:00:00+00:00,79204.6,80854.46,78258.52,80513.38,11953.82317,9.521e-05,0.0002839799999999997,0.00057997,1.1282562792500002,0,0,38057.365,38012.909999999996,44.455000000001746,0.5002921969192303,0.4961795446279928,0.6112267717749342,-10625.309000000008,-2200.2146000000007,1459225,1,0,0,0
2025-02-28 12:00:00+00:00,80512.97,84425.89,80075.47,84005.05,15625.08311,9.521e-05,0.0002839799999999997,0.00057997,1.1282562792500002,0,0,53265.165,50660.064000000006,2605.100999999995,0.5125335350475869,0.49832965885439784,1.3415134165219293,933.6749999999884,-1519.8464000000022,1910365,1,0,0,0
2025-02-28 16:00:00+00:00,84005.05,85120.0,83196.71,84449.99,9640.81267,-3.73e-06,0.00018591999999999968,0.0005623900000000001,-1.3544245508480945,0,0,34664.339,38056.765999999996,-3392.426999999996,0.47667508627653554,0.49746589568709976,-0.9935176613095157,-742.8709999999992,-2282.527000000002,1297211,0,1,0,0
2025-02-28 20:00:00+00:00,84450.0,84795.03,83600.0,84349.94,4326.23904,-3.73e-06,0.00018591999999999968,0.0005623900000000001,-1.3544245508480945,0,0,11983.263,11646.653,336.6100000000006,0.5071225390729277,0.49530952802591643,1.046567218792948,-450.71600000000035,-424.42840000000143,532756,0,1,0,0
2025-03-01 00:00:00+00:00,84349.95,85678.11,83824.78,85330.84,5097.79792,-1.4e-07,9.133999999999969e-05,0.00052704,-1.1771357264687892,0,0,16704.073,14798.915,1905.1579999999994,0.5302377349094631,0.49770283454296027,2.2659323946096923,-1150.658999999996,299.7794000000002,661453,1,0,0,0
2025-03-01 04:00:00+00:00,85330.83,86558.0,84740.15,84740.15,7178.39161,-1.4e-07,9.133999999999969e-05,0.00052704,-1.1771357264687892,0,0,18686.609,20554.458000000002,-1867.849000000002,0.4762003285996275,0.49604568231692214,-0.9671470519180927,373.91899999999805,-82.68140000000058,628975,1,0,0,0
2025-03-01 08:00:00+00:00,84740.16,85508.79,84382.62,84632.79,4837.66151,-6.108e-05,-6.495000000000032e-05,0.00040591,-2.362702029966766,0,0,12950.406,13138.750999999998,-188.34499999999753,0.496390358645931,0.49658614678190754,0.26490993025915194,-151.03600000000006,-641.3705999999991,485958,1,0,0,1
2025-03-01 12:00:00+00:00,84632.79,84943.08,84334.39,84800.0,3556.79693,-6.108e-05,-6.495000000000032e-05,0.00040591,-2.362702029966766,0,0,8987.824,8726.839,260.9850000000006,0.5073663552052896,0.49691949108992295,0.8829203635310624,-1795.208999999999,89.31180000000022,449611,1,0,0,1
2025-03-01 16:00:00+00:00,84800.01,85591.84,84700.0,85485.41,2835.4461,-6.108e-05,-6.495000000000032e-05,0.00040591,-2.362702029966766,0,0,9321.652,7615.165999999999,1706.4860000000008,0.5503779989842248,0.5049383792089678,2.843182117677216,1779.1260000000038,363.28700000000026,416100,1,0,0,1
2025-03-01 20:00:00+00:00,85485.41,86262.74,85285.88,86064.53,2278.96057,-8.58e-06,-6.980000000000031e-05,0.00029733,-1.0794586258043832,0,0,7754.842,7757.1359999999995,-2.293999999999869,0.49992605714113314,0.505712219080195,0.20152314753167366,1965.1770000000015,-18.2033999999996,372586,0,1,0,0
2025-03-02 00:00:00+00:00,86064.54,86498.0,85611.79,85873.07,2403.83782,-1.094e-05,-8.060000000000032e-05,0.00019334,-1.0853883978472763,0,0,9206.447,9323.454999999998,-117.00799999999799,0.4968427248023223,0.5053672718685042,0.028263718214706076,1587.184000000003,331.9648000000012,467399,1,0,0,0
2025-03-02 04:00:00+00:00,85873.06,86589.97,85531.87,86232.42,2216.14356,-1.094e-05,-8.060000000000032e-05,0.00019334,-1.0853883978472763,0,0,7004.179,6855.546,148.6329999999998,0.5053620472267668,0.5046501230864221,0.46660105347165515,29.33100000000195,399.36040000000065,327789,1,0,0,0
2025-03-02 08:00:00+00:00,86232.42,86263.23,85633.13,86105.89,2080.95926,-2.783e-05,-4.735000000000031e-05,0.00017167999999999998,-1.3732433341560422,0,0,8096.917,8600.116999999998,-503.199999999998,0.4849314554908375,0.5054757600078524,-0.7074894646502431,-471.5749999999962,246.52340000000095,320303,1,0,0,0
2025-03-02 12:00:00+00:00,86105.88,88673.09,85050.6,87427.99,9943.16012,-2.783e-05,-4.735000000000031e-05,0.00017167999999999998,-1.3732433341560422,0,0,39379.298,35216.344000000005,4162.953999999998,0.5279034665322674,0.5075538527537864,1.5953652124399538,3808.3869999999997,737.8170000000003,1250496,1,0,0,0
2025-03-02 16:00:00+00:00,87428.0,95000.0,87278.51,93522.0,30318.42056,-2.869e-05,-6.74600000000003e-05,4.866e-05,-1.2940465880269083,0,0,99448.195,93424.285,6023.9100000000035,0.5156163025435251,0.5060917095171925,0.8880734188372926,9683.664000000004,1943.057800000001,3092783,1,0,0,0
2025-03-02 20:00:00+00:00,93522.01,94883.51,93502.0,94270.0,7926.56913,-2.869e-05,-6.74600000000003e-05,4.866e-05,-1.2940465880269083,0,0,23862.188,24294.567,-432.3790000000008,0.4955107128792212,0.5080227479451518,-0.19158216256168129,9754.485,1879.9836000000003,841654,0,1,0,0
2025-03-03 00:00:00+00:00,94269.99,94416.46,92433.5,92709.98,6622.76466,-2.869e-05,-6.74600000000003e-05,4.866e-05,-1.2940465880269083,0,0,17516.452,19912.668,-2396.2160000000003,0.4679899500709608,0.5051827070876549,-1.581334591076172,3195.3150000000023,1371.0138000000004,834665,1,0,0,0
2025-03-03 04:00:00+00:00,92709.98,93361.46,91181.0,92363.58,5852.51871,-5.518e-05,-0.0001117000000000003,-0.00010096,-1.7345551183985095,0,0,18873.08,21286.479999999996,-2413.399999999994,0.4699523600358172,0.5014413075707076,-1.4084740104399898,-5241.994999999995,988.9738000000012,763075,1,0,0,0
2025-03-03 08:00:00+00:00,92363.58,92917.99,91142.0,92739.99,6314.25279,7.91e-06,-7.596000000000031e-05,-0.00018826000000000002,-0.4347486711016991,0,0,19377.581,17730.123,1647.4579999999987,0.5221983284118036,0.4986233405134655,1.1641318596134083,-3162.157999999996,485.87460000000135,855192,1,0,0,0
2025-03-03 12:00:00+00:00,92740.0,93721.37,89117.0,90035.37,14548.25192,7.91e-06,-7.596000000000031e-05,-0.00018826000000000002,-0.4347486711016991,0,0,55417.405,59866.568,-4449.1630000000005,0.4807034625706385,0.49670108105641597,-0.8805587328706914,-5215.104999999996,-1608.7399999999993,2149766,1,0,0,0
2025-03-03 16:00:00+00:00,90035.38,91000.0,85555.45,85606.0,16115.70068,5.272e-05,5.449999999999685e-06,-0.00013181,0.4425374739527843,0,0,58446.325,63749.759000000005,-5303.434000000008,0.47829949280535045,0.4948467578567189,-1.0238241889414879,-8105.13900000001,-2582.951000000001,2371913,1,0,0,0
2025-03-03 20:00:00+00:00,85606.01,87038.46,85117.11,86220.61,9717.61342,5.272e-05,5.449999999999685e-06,-0.00013181,0.4425374739527843,0,0,42678.954,41177.007,1501.9470000000001,0.5089555171873827,0.49520610485278044,0.4768415221741869,-8250.650000000009,-1803.3184000000008,1690280,1,0,0,0
2025-03-04 00:00:00+00:00,86221.16,86807.98,82464.84,83983.72,13267.80873,5.272e-05,5.449999999999685e-06,-0.00013181,0.4425374739527843,0,0,50497.588,55632.037,-5134.448999999993,0.47581048175756774,0.4942940074794534,-1.1432830936177878,-8935.936000000002,-2347.5282000000007,2187031,1,0,0,0
2025-03-04 04:00:00+00:00,83983.73,84581.6,83140.0,83186.4,4955.79624,-1.526e-05,4.536999999999968e-05,-0.00014693000000000003,-0.8872214540449492,0,0,16157.914,15988.609,169.3050000000003,0.5026333330046301,0.4917669941266897,0.22582955928621948,-3463.196999999993,-2643.1588,846928,0,1,0,0
2025-03-04 08:00:00+00:00,83186.4,84373.84,83040.29,83937.94,4466.29804,-1.526e-05,4.536999999999968e-05,-0.00014693000000000003,-0.8872214540449492,0,0,13643.135,12956.034999999998,687.1000000000022,0.5129158165461555,0.4914969455269528,0.7346444699153933,-4278.043999999991,-1615.9062,676824,1,0,0,0
2025-03-04 12:00:00+00:00,83937.93,84977.65,81500.0,82985.06,14268.19869,-2.7e-06,3.475999999999969e-05,-8.855e-05,-0.5808331650000073,0,0,59159.317,59691.539,-532.2219999999943,0.49776096690460525,0.4917219709294912,-0.04245157836358727,324.1830000000082,-661.663799999997,2444217,1,0,0,0
2025-03-04 16:00:00+00:00,82985.05,88487.91,82013.11,88206.19,12128.06081,1.306e-05,-4.9000000000003105e-06,-6.691e-05,-0.2426412074899041,0,0,46875.798,44579.289,2296.5090000000055,0.5125553923534073,0.49617851515773587,0.6688313171598528,2451.3870000000134,-502.7513999999959,1930176,1,0,0,0
2025-03-04 20:00:00+00:00,88206.19,88967.52,86582.27,87281.98,6522.94455,1.306e-05,-4.9000000000003105e-06,-6.691e-05,-0.2426412074899041,0,0,28409.722,28843.814999999995,-434.0929999999935,0.4962090289723062,0.4988041820513847,-0.14386364958808068,1330.1940000000177,437.319800000004,1065443,1,0,0,0
2025-03-05 00:00:00+00:00,87281.98,87888.88,86334.53,86843.4,4769.77721,4.113e-05,5.148999999999969e-05,-1.4839999999999993e-05,0.34604021212877933,0,0,15418.869,16354.239,-935.369999999999,0.48528047681076714,0.49511239689128106,-0.7433701392035051,927.046000000013,216.3848000000042,839622,1,0,0,0
2025-03-05 04:00:00+00:00,86843.4,87727.27,86722.81,87619.49,3883.84662,4.113e-05,5.148999999999969e-05,-1.4839999999999993e-05,0.34604021212877933,0,0,8049.851,7849.3640000000005,200.48699999999917,0.5063049339228383,0.49767254402650113,0.327016611570917,-1168.9759999999933,119.06220000000357,414807,1,0,0,0
2025-03-05 08:00:00+00:00,87619.49,90660.0,87600.0,89814.26,6751.29829,2.722e-05,8.14099999999997e-05,4.021e-05,0.05725718798762378,0,0,26136.666,24791.935999999998,1344.7300000000032,0.5132021098870926,0.5011628057346752,0.6588026094961468,609.8470000000034,494.4526000000031,962509,1,0,0,0
2025-03-05 12:00:00+00:00,89814.26,90933.82,87926.06,88344.25,12224.27232,2.722e-05,8.14099999999997e-05,4.021e-05,0.05725718798762378,0,0,45377.388,48515.839,-3138.451000000001,0.48328712783510996,0.49859596679944806,-0.8327437274425205,-1593.2339999999986,-592.5393999999982,1784392,1,0,0,0
2025-03-05 16:00:00+00:00,88344.25,90475.3,87600.0,89750.0,7755.99208,5.028e-05,0.0001186299999999997,0.00011918000000000001,0.5141370133281861,0,0,32524.206,30993.272000000004,1530.9339999999938,0.5120512813811656,0.5022200467618079,0.5965876946118475,-262.7870000000039,-199.53400000000073,1390177,1,0,0,0
2025-03-05 20:00:00+00:00,89750.0,91000.0,89677.8,90606.01,2878.82511,5.028e-05,0.0001186299999999997,0.00011918000000000001,0.5141370133281861,0,0,11519.366,11470.094,49.272000000000844,0.5010716215169908,0.5020638756130438,0.032023649353764394,-1558.2450000000063,-2.605600000000777,568502,1,0,0,0
2025-03-06 00:00:00+00:00,90606.0,92025.0,89986.73,91605.01,5338.79627,3.538e-05,0.00011287999999999968,0.00020974,0.16130247968281103,0,0,18568.743,18578.661000000004,-9.918000000005122,0.4998665048034042,0.5007589444387687,0.022927543447095185,1570.2879999999896,-44.68660000000163,928362,0,1,0,0
2025-03-06 04:00:00+00:00,91605.02,92810.64,91265.96,91346.48,4492.39994,3.538e-05,0.00011287999999999968,0.00020974,0.16130247968281103,0,0,16443.496,15775.378,668.1179999999986,0.5103684256625479,0.502019690314563,0.5506996607851065,707.4719999999943,-180.00900000000257,692746,0,1,0,0
2025-03-06 08:00:00+00:00,91346.49,91667.5,90613.17,91350.0,3894.92912,3.538e-05,0.00011287999999999968,0.00020974,0.16130247968281103,0,0,15425.896,15247.141,178.75500000000102,0.5029138784007596,0.5010555389192982,0.11880030981167054,836.9549999999945,483.4321999999978,666235,1,0,0,0
2025-03-06 12:00:00+00:00,91350.0,91457.03,89117.68,90820.69,8433.9883,6.413e-05,0.0001497899999999997,0.00026596,0.7822003768010234,0,0,39778.662,40013.269,-234.6070000000036,0.49852988267698395,0.501287624289766,-0.11188445311879602,612.265999999996,130.32399999999834,1559525,1,0,0,0
2025-03-06 16:00:00+00:00,90820.69,91066.44,87836.0,88526.18,7147.7059,6.818e-05,0.0001676899999999997,0.00028142,0.8251630253962029,0,0,35921.354,37903.89400000001,-1982.5400000000081,0.486572750829093,0.5014168516915987,-0.779138256965548,-2038.3920000000107,-276.03840000000343,1372395,1,0,0,0
2025-03-06 20:00:00+00:00,88526.23,90781.2,88461.22,89931.89,5034.62949,6.818e-05,0.0001676899999999997,0.00028142,0.8251630253962029,0,0,25455.209,23946.929,1508.2799999999988,0.5152653312291868,0.5023128914222335,1.0582374570445492,-708.8670000000129,27.601199999997334,842422,1,0,0,0
2025-03-07 00:00:00+00:00,89931.88,91283.02,84667.03,86991.25,18693.33541,-6.12e-06,0.00012618999999999968,0.00029056000000000004,-0.6984693988708098,0,0,64384.592,68145.688,-3761.0959999999977,0.4858104276245398,0.4995737231959782,-0.8126342579582284,-4235.356000000007,-858.2416000000019,2303422,1,0,0,0
2025-03-07 04:00:00+00:00,86991.26,88612.96,86857.14,88365.18,3950.73454,-6.12e-06,0.00012618999999999968,0.00029056000000000004,-0.6984693988708098,0,0,13252.468,13016.571,235.89700000000084,0.5044900196006409,0.5016940123725313,0.38314584503011734,-2016.918999999998,-846.813200000002,519379,1,0,0,0
2025-03-07 08:00:00+00:00,88365.19,89704.0,87985.3,88966.96,3368.87599,-6.12e-06,0.00012618999999999968,0.00029056000000000004,-0.6984693988708098,0,0,13993.351,13350.655,642.6959999999999,0.5117520454025647,0.5016640887746712,0.7921921835023383,-2882.502999999997,-671.3526000000013,540207,1,0,0,0
2025-03-07 12:00:00+00:00,88966.96,91100.0,88022.47,88457.99,12333.35824,-1.539e-05,4.666999999999969e-05,0.00027787000000000005,-0.8463592246095909,0,0,52707.327,53305.996999999996,-598.6699999999983,0.4971764398218473,0.5012745706051568,-0.08139894689479467,279.9230000000025,-394.57859999999926,1892180,1,0,0,0
2025-03-07 16:00:00+00:00,88457.99,89023.41,86554.77,87820.1,11414.32329,2.028e-05,-1.2300000000003118e-06,0.00028509,-0.07435529362237808,0,0,44363.899,42702.768000000004,1661.130999999994,0.5095394199481645,0.5022418621196328,0.7877371430024698,1705.1569999999956,-364.0084000000003,1666822,0,1,0,0
2025-03-07 20:00:00+00:00,87820.09,88511.0,85573.07,86801.75,8219.72966,2.028e-05,-1.2300000000003118e-06,0.00028509,-0.07435529362237808,0,0,35053.331,38197.548,-3144.217000000004,0.47853802546178315,0.4990588220995564,-1.281759666190631,-2081.7560000000085,-240.63260000000156,1293917,1,0,0,0
2025-03-08 00:00:00+00:00,86801.74,86897.25,85218.47,85919.12,3430.23845,5.328e-05,5.816999999999969e-05,0.00029724,0.6278445281751001,0,0,13289.11,13877.345000000001,-588.2350000000006,0.48917350460337944,0.49768478471981836,-0.6576106701916572,-2071.321000000011,-405.4590000000018,551010,1,0,0,0
2025-03-08 04:00:00+00:00,85919.12,86662.0,85653.66,86197.14,1971.12967,5.328e-05,5.816999999999969e-05,0.00029724,0.6278445281751001,0,0,7280.116,7222.275,57.84100000000035,0.5019941884065876,0.4980312152927787,0.2043030755880265,-3674.6110000000044,-522.4300000000018,315888,1,0,0,0
2025-03-08 08:00:00+00:00,86197.14,86450.01,85762.72,85955.88,1775.33163,5.328e-05,5.816999999999969e-05,0.00029724,0.6278445281751001,0,0,6114.359,6297.5650000000005,-183.20600000000013,0.4926197582260413,0.4986359160324735,-0.4757199274316508,-713.6000000000004,-439.3372000000021,291002,1,0,0,0
2025-03-08 12:00:00+00:00,85955.89,86627.51,85808.82,86400.0,2447.16492,3.73e-06,7.728999999999969e-05,0.00027375,-0.4079668095822271,0,0,7452.6,7380.473,72.12700000000041,0.5024312898615142,0.49735251189570634,0.2842799604104034,-53.237999999999374,-757.1380000000008,334291,1,0,0,0
2025-03-08 16:00:00+00:00,86400.0,86500.0,85661.76,86233.52,2221.39349,3.73e-06,7.728999999999969e-05,0.00027375,-0.4079668095822271,0,0,8941.476,9669.414999999999,-727.9389999999985,0.48044319855508266,0.4968157889887605,-1.6228793668084034,-839.0179999999982,-273.8823999999997,365644,1,0,0,0
2025-03-08 20:00:00+00:00,86233.52,86500.0,85852.12,86222.45,1143.97238,1.208e-05,6.908999999999969e-05,0.00023555,-0.17057559089517968,0,0,4220.014,4361.438999999999,-141.42499999999927,0.49175984533155404,0.49554277156185184,-0.5971621557408482,-797.2369999999974,-184.52039999999943,185448,1,0,0,0
2025-03-09 00:00:00+00:00,86222.46,86500.0,85939.85,86115.71,1223.4792,1.208e-05,6.908999999999969e-05,0.00023555,-0.17057559089517968,0,0,5096.946,5567.253000000001,-470.3070000000007,0.47794925807367244,0.4921624928289626,-1.8296050463206257,-1339.6709999999985,-290.14999999999964,214314,1,0,0,0
2025-03-09 04:00:00+00:00,86115.71,86158.83,85809.48,86004.61,1375.32537,-2.779e-05,-1.1980000000000312e-05,0.00017238,-1.0311581149022535,0,0,4401.874,4306.864,95.01000000000022,0.5054548661355985,0.4929903354603378,0.587002777969209,-516.7219999999998,-234.50679999999957,181949,0,1,0,0
2025-03-09 08:00:00+00:00,86004.61,86098.0,84625.01,85024.01,2983.48178,3.218e-05,1.6469999999999688e-05,0.00014043,0.3690594400403464,0,0,13386.25,15309.884999999998,-1923.6349999999984,0.46648268137852017,0.48868466160337337,-2.461352600280768,-2298.931999999999,-633.6591999999994,485557,1,0,0,0
2025-03-09 12:00:00+00:00,85024.0,85058.34,82711.5,83080.41,6724.19753,3.218e-05,1.6469999999999688e-05,0.00014043,0.3690594400403464,0,0,27208.481,29646.993000000002,-2438.5120000000024,0.47855516955148414,0.48868637601234344,-1.392837557912615,-4267.137000000001,-975.7738000000002,1005444,1,0,0,0
2025-03-09 16:00:00+00:00,83080.4,83758.22,82223.0,82640.86,6255.15784,0.0001,0.0001043899999999997,0.00017225,1.9677435885699102,0,0,26202.206,27758.875,-1556.6690000000017,0.4855760024525824,0.48832662579726377,-0.7941105420165043,-5918.8160000000025,-1258.8226000000006,1101420,1,0,0,0
2025-03-09 20:00:00+00:00,82640.86,83539.66,80000.0,80734.37,7553.75173,0.0001,0.0001043899999999997,0.00017225,1.9677435885699102,0,0,29817.153,32906.568,-3089.415000000001,0.47537283382789103,0.485664490339394,-1.4794382099978514,-7084.596000000005,-1782.6442000000006,1098960,1,0,0,0
2025-03-10 00:00:00+00:00,80734.48,82744.0,80037.62,82047.49,6631.01803,3.952e-05,0.0001716999999999997,0.00021789000000000002,0.612668756943299,0,0,26355.956,25085.044,1270.9119999999966,0.5123531035555297,0.4876378248723429,1.2191542155185313,-3375.172000000006,-1547.4638000000014,1051654,1,0,0,0
2025-03-10 04:00:00+00:00,82047.49,82797.95,81977.27,82318.77,2861.97669,3.952e-05,0.0001716999999999997,0.00021789000000000002,0.612668756943299,0,0,8948.906,9208.499999999998,-259.5939999999973,0.49285156701348204,0.48667985258753965,-0.1943289488177215,-2078.0970000000016,-1214.6556000000012,410758,0,1,0,0
2025-03-10 08:00:00+00:00,82318.78,84123.46,81151.0,83582.0,6692.07202,1.344e-05,0.0001529599999999997,0.00024672,0.0290193751875214,0,0,39474.185,36664.493,2809.6919999999955,0.5184511477858862,0.49048064751062015,1.6741739797437372,3821.0099999999948,-165.01480000000157,1284551,1,0,0,0
2025-03-10 12:00:00+00:00,83582.0,83771.94,79177.03,80043.85,12861.56913,1.344e-05,0.0001529599999999997,0.00024672,0.0290193751875214,0,0,62390.671,62270.166,120.50500000000466,0.500483331425089,0.49135299611997363,0.3185017912770388,2670.603000000003,170.4199999999997,2142329,0,1,0,0
2025-03-10 16:00:00+00:00,80043.84,80250.0,77459.91,79060.84,13469.61921,4.037e-05,9.332999999999969e-05,0.00026681000000000003,0.7151455860265817,0,0,51830.391,54625.918999999994,-2795.527999999991,0.4868700690452262,0.492245077217129,-0.6420284715878547,134.66900000000896,229.19740000000166,1855276,1,0,0,0
2025-03-10 20:00:00+00:00,79060.84,79886.03,78409.4,78595.86,5117.12897,4.037e-05,9.332999999999969e-05,0.00026681000000000003,0.7151455860265817,0,0,19813.895,19718.671,95.22400000000198,0.5012043741354912,0.4918200280171182,0.44191874794398345,-2579.7989999999845,-5.940199999997276,759606,0,1,0,0
2025-03-11 00:00:00+00:00,78595.86,79938.27,76606.0,79522.29,11122.24369,4.705e-05,0.00010085999999999968,0.00026058,0.8440432337839459,0,0,38025.28,40210.451,-2185.171000000002,0.48603469941374994,0.4937752298206412,-0.6666226927750653,-4885.474999999991,-391.0555999999982,1519849,0,1,0,0
2025-03-11 04:00:00+00:00,79522.29,80614.89,79439.9,80424.95,4567.35903,4.705e-05,0.00010085999999999968,0.00026058,0.8440432337839459,0,0,16924.201,16744.214,179.987000000001,0.5026729354500353,0.49618700641049635,0.6146174975492354,-1909.9599999999991,-916.9965999999971,610949,1,0,0,0
2025-03-11 08:00:00+00:00,80424.94,82092.34,80325.22,81720.34,5598.25972,3.26e-05,0.00012001999999999968,0.00028945,0.40545211351928573,0,0,21177.64,20431.244,746.3960000000006,0.5089691903296422,0.4985263251982023,1.0666362473866395,-1258.7880000000005,-791.818399999998,723341,1,0,0,0
2025-03-11 12:00:00+00:00,81720.33,82225.21,79058.0,81232.24,16633.75229,3.26e-05,0.00012001999999999968,0.00028945,0.40545211351928573,0,0,70215.229,69480.64399999999,734.585000000021,0.5026292294261263,0.5012519647580258,0.5748818139695956,1660.9680000000226,-85.79579999999551,2098144,0,1,0,0
2025-03-11 16:00:00+00:00,81232.23,83617.4,80609.96,83104.01,8085.50399,3.26e-05,0.00012001999999999968,0.00028945,0.40545211351928573,0,0,38516.111,36088.636000000006,2427.4749999999913,0.5162689044438419,0.501643544846857,1.4759747692537586,3908.456000000013,380.65440000000234,1298190,1,0,0,0
2025-03-11 20:00:00+00:00,83104.01,83306.87,82550.52,82932.99,2762.94981,8.746e-05,0.0001671099999999997,0.00036483,1.8013657977905118,0,0,10975.698,11989.821,-1014.1229999999996,0.4779207471862491,0.5001504628641338,-1.2326866321363936,2147.9370000000126,614.8640000000029,449748,1,0,0,0
2025-03-12 00:00:00+00:00,82932.99,83783.26,82100.61,82127.72,4711.9387,5.76e-06,0.00012581999999999969,0.00039838,-0.4580525728430936,0,0,17501.207,18497.906,-996.6990000000005,0.4861566172477638,0.4969210098103215,-0.6298333062937165,416.65299999999115,379.52680000000254,670980,1,0,0,0
2025-03-12 04:00:00+00:00,82127.73,82541.47,81296.0,82447.79,4065.50034,5.76e-06,0.00012581999999999969,0.00039838,-0.4580525728430936,0,0,18559.677,18538.647,21.029999999998836,0.5002834359848709,0.4969010202662997,0.4196983236994681,-1989.7920000000013,234.45360000000218,665313,1,0,0,0
2025-03-12 08:00:00+00:00,82447.78,83076.79,82000.29,83004.45,4874.62168,5.815e-05,0.00015136999999999968,0.00042435000000000004,0.9323558117878066,0,0,18646.123,19229.811,-583.6880000000019,0.49229473786705824,0.49744348714848285,-0.12585611686537398,-1559.3570000000036,-29.201000000002388,719562,0,1,0,0
2025-03-12 12:00:00+00:00,83004.45,84539.85,80607.65,81738.97,11813.60583,5.815e-05,0.00015136999999999968,0.00042435000000000004,0.9323558117878066,0,0,60667.717,62049.117000000006,-1381.4000000000087,0.4943715953428198,0.4967602092692157,0.03917018382960194,-1944.0580000000118,-790.9760000000024,1920564,1,0,0,0
2025-03-12 16:00:00+00:00,81738.97,83165.46,81626.64,82915.93,4215.51153,5.815e-05,0.00015136999999999968,0.00042435000000000004,0.9323558117878066,0,0,26991.953,26137.049,854.9040000000023,0.5080455492086977,0.49896129424871055,1.0883793061621656,-1110.1840000000084,-417.170600000002,858906,1,0,0,0
2025-03-12 20:00:00+00:00,82915.94,83887.26,82709.36,83680.12,2252.80792,4.013e-05,0.00010403999999999969,0.00036448000000000003,0.37311201455173915,0,0,9278.903,10073.014000000001,-794.1110000000008,0.47948236859428445,0.4966422375631354,-1.1004809210456326,-1320.6070000000072,-376.65300000000207,368781,0,1,0,0
2025-03-13 00:00:00+00:00,83680.12,84336.33,83312.92,83577.14,3767.48722,4.3e-06,0.00010257999999999969,0.00032926,-0.8227855462736017,0,0,11521.373,12480.578000000001,-959.2050000000017,0.48001818685489356,0.49374713721566055,-1.0189735457293236,-898.4120000000003,-572.7000000000022,509885,1,0,0,0
2025-03-13 04:00:00+00:00,83577.14,83709.03,82851.0,83151.99,3084.39535,4.3e-06,0.00010257999999999969,0.00032926,-0.8227855462736017,0,0,11667.275,12569.136,-901.8610000000008,0.4813945018509547,0.4916236644581435,-0.8582685287210726,-2655.1770000000033,-636.334600000002,442206,1,0,0,0
2025-03-13 08:00:00+00:00,83152.0,83522.61,82400.04,82975.86,3199.56767,2.069e-05,6.511999999999969e-05,0.00033651000000000004,-0.3024302083132968,0,0,14583.213,15977.484,-1394.2710000000006,0.4771884947519358,0.48771562348895275,-1.1097294700459643,-3255.337000000003,-638.9088000000004,533714,1,0,0,0
2025-03-13 12:00:00+00:00,82975.86,83900.0,80954.29,81044.72,7631.10248,2.069e-05,6.511999999999969e-05,0.00033651000000000004,-0.3024302083132968,0,0,43917.268,44882.341,-965.073000000004,0.4945660064786997,0.48938014941819785,0.18459506011746302,-3261.2050000000054,-1002.9042000000015,1340660,1,0,0,0
2025-03-13 16:00:00+00:00,81044.72,81264.73,79939.9,80211.4,7395.86973,3.19e-05,5.6889999999999694e-05,0.00032804,0.09099617504724561,0,0,28733.081,29464.527000000002,-731.4460000000036,0.49371584137959756,0.49013607183138125,0.09017884460625704,-3090.790000000008,-990.3712000000021,919605,1,0,0,0
2025-03-13 20:00:00+00:00,80210.4,81484.23,80189.89,81115.78,2467.85167,3.19e-05,5.6889999999999694e-05,0.00032804,0.09099617504724561,0,0,11659.783,10503.993000000002,1155.7899999999972,0.5260738513148662,0.49271511336438073,2.2082602075501536,-540.7290000000103,-567.3722000000023,390087,1,0,0,0
2025-03-14 00:00:00+00:00,81115.78,82270.51,80818.84,81888.77,2746.60637,5.386e-05,0.00010644999999999969,0.00033485000000000003,0.7684159177884422,0,0,13560.059,13548.859000000002,11.19999999999709,0.5002065740875382,0.4935062969864288,0.40282136800149915,435.5439999999908,-384.7600000000028,468806,1,0,0,0
2025-03-14 04:00:00+00:00,81888.77,82454.5,81780.08,82170.85,2021.59745,5.386e-05,0.00010644999999999969,0.00033485000000000003,0.7684159177884422,0,0,7780.963,9638.443,-1857.4799999999996,0.44668360103668286,0.4887374975558151,-2.7431119260212706,-690.4900000000052,-477.40180000000254,297821,0,1,0,0
2025-03-14 08:00:00+00:00,82170.84,83348.46,82170.84,83253.15,3340.43802,5.331e-05,0.0001390699999999997,0.00035556,0.696807729011277,0,0,15889.378,14319.528999999999,1569.849000000002,0.5259832141560103,0.4905312640505463,1.8541762328359757,-276.4310000000005,29.58259999999864,468540,1,0,0,0
2025-03-14 12:00:00+00:00,83253.15,85309.71,82640.59,84724.58,11416.8729,5.331e-05,0.0001390699999999997,0.00035556,0.696807729011277,0,0,49302.168,48208.592,1093.576000000001,0.5056074632173926,0.4931437735128572,0.6096356914014028,805.9450000000033,394.58699999999953,1407621,1,0,0,0
2025-03-14 16:00:00+00:00,84724.58,84950.0,83949.19,84554.0,4662.53549,3.57e-06,0.0001107399999999997,0.00027167,-1.0176014190287248,0,0,20443.494,19657.065000000002,786.4289999999964,0.5098057111872181,0.49612252594608963,0.8060148837071502,3449.8539999999994,320.7147999999994,670874,0,1,0,0
2025-03-14 20:00:00+00:00,84554.0,84554.01,83717.69,83983.2,2670.47732,3.57e-06,0.0001107399999999997,0.00027167,-1.0176014190287248,0,0,10035.908,11160.25,-1124.3420000000006,0.47347769345746527,0.49533084510674064,-1.325157453171468,755.6629999999968,93.60639999999985,354436,1,0,0,0
2025-03-15 00:00:00+00:00,83983.19,84676.28,83964.57,84491.99,1801.07938,-6.035e-05,-3.470000000000304e-06,0.00020556,-2.683885315271262,0,0,7062.571,6913.585000000001,148.98599999999897,0.5053300063336442,0.49814499626491154,0.5630578084494611,-188.92700000000514,494.89959999999957,271650,1,0,0,1
2025-03-15 04:00:00+00:00,84492.0,84559.0,83791.09,83827.31,1787.51614,-6.035e-05,-3.470000000000304e-06,0.00020556,-2.683885315271262,0,0,5818.455,7083.169,-1264.714,0.4509862479328184,0.4937870204103233,-2.317948533387216,-2240.0700000000015,-72.01300000000083,222786,1,0,0,1
2025-03-15 08:00:00+00:00,83827.32,84184.58,83618.0,84103.74,2551.69547,-2.389e-05,-8.067000000000031e-05,0.00012352,-1.483875555851256,0,0,10135.938,8375.078,1760.8600000000006,0.5475624892766556,0.4991716852000292,2.5212558299899506,645.1319999999996,61.4437999999991,296427,1,0,0,0
2025-03-15 12:00:00+00:00,84103.74,84499.74,84010.58,84346.02,2795.90086,-2.389e-05,-8.067000000000031e-05,0.00012352,-1.483875555851256,0,0,8699.517,7441.6990000000005,1257.8179999999993,0.5389629257176163,0.5004605926403041,1.9082292075438374,1753.964,155.72159999999968,271764,1,0,0,0
2025-03-15 16:00:00+00:00,84346.03,84498.72,84076.92,84299.98,1681.69068,-3.21e-06,-8.74500000000003e-05,8.018000000000002e-05,-0.8362953053773758,0,0,4771.459,4949.188000000001,-177.72900000000118,0.49085817024319467,0.4995257522558698,-0.26996715510150826,2840.9489999999987,345.04419999999953,181963,1,0,0,0
2025-03-15 20:00:00+00:00,84299.99,84467.7,84237.58,84338.44,706.85067,-3.21e-06,-8.74500000000003e-05,8.018000000000002e-05,-0.8362953053773758,0,0,2558.973,2865.3379999999997,-306.3649999999998,0.4717600078609062,0.5020333929382922,-1.067977060646942,773.7239999999983,253.9739999999998,116211,0,1,0,0
2025-03-16 00:00:00+00:00,84338.44,84393.72,83733.86,84332.34,1213.99013,4.32e-06,-2.2780000000000307e-05,8.020000000000001e-05,-0.5893913949890692,0,0,7102.612,6891.786999999999,210.82500000000073,0.5075324778148744,0.5001883193041785,0.4861430816753796,-273.26900000000023,549.0817999999999,243528,0,1,0,0
2025-03-16 04:00:00+00:00,84332.35,84418.0,83972.57,84273.96,964.71247,4.32e-06,-2.2780000000000307e-05,8.020000000000001e-05,-0.5893913949890692,0,0,4812.512,6023.45,-1210.938,0.4441241119154903,0.4940399841739883,-2.0627730411641303,-1306.4779999999992,-45.277800000000205,184929,1,0,0,0
2025-03-16 08:00:00+00:00,84273.95,84335.43,82381.46,82410.02,2982.64569,4.236e-05,4.346999999999969e-05,0.00010187000000000003,0.5181605791013657,0,0,17875.525,19918.403,-2042.877999999997,0.47297346282715047,0.4903567593379816,-0.8297713068624255,-3042.9909999999963,-705.4169999999995,547726,1,0,0,0
2025-03-16 12:00:00+00:00,82410.01,83508.95,82400.0,83320.83,3782.45365,4.236e-05,4.346999999999969e-05,0.00010187000000000003,0.5181605791013657,0,0,19432.041,16609.813,2822.228000000003,0.5391520924534016,0.49692419923757514,1.7148030993433672,-431.5879999999943,-105.42559999999867,596652,1,0,0,0
2025-03-16 16:00:00+00:00,83320.83,85117.04,82562.36,83098.47,5881.93983,1.247e-05,5.9149999999999696e-05,8.244000000000002e-05,-0.29841931961609924,0,0,25178.46,26081.772000000004,-903.3120000000054,0.49118895911356775,0.4955100945155676,-0.10142815782243149,-123.96199999999953,-224.81499999999977,914165,1,0,0,0
2025-03-16 20:00:00+00:00,83098.47,83453.01,81981.12,82574.53,2770.38354,1.247e-05,5.9149999999999696e-05,8.244000000000002e-05,-0.29841931961609924,0,0,12787.891,11916.434000000001,871.4569999999985,0.517637741569543,0.5021752438792401,0.8722109290600156,2790.372999999996,-92.68860000000022,474719,0,1,0,0
2025-03-17 00:00:00+00:00,82574.52,83725.39,82523.0,83675.65,2140.41723,1.065e-05,6.547999999999969e-05,3.9230000000000016e-05,-0.3728679255941368,0,0,11227.649,10395.329,832.3199999999997,0.5192461926382204,0.4993436142153965,0.8812390227505759,800.4649999999929,315.96299999999974,400075,1,0,0,0
2025-03-17 04:00:00+00:00,83675.64,83869.77,82682.62,83567.87,2436.57299,1.065e-05,6.547999999999969e-05,3.9230000000000016e-05,-0.3728679255941368,0,0,11814.751,12166.493999999999,-351.7429999999986,0.492666289844418,0.49471395062807677,-0.1261801988803338,1352.0339999999997,654.1899999999994,402343,1,0,0,0
2025-03-17 08:00:00+00:00,83567.88,83783.02,83220.11,83514.73,1904.26795,8.474e-05,0.00010785999999999969,7.066000000000002e-05,1.6957501735319616,0,0,8290.141,9733.145,-1443.0040000000008,0.4599683431756007,0.4916249679213173,-1.296151331825373,-962.4269999999997,-198.85640000000132,333760,1,0,0,0
2025-03-17 12:00:00+00:00,83514.73,84000.0,82456.0,83531.06,5473.06801,8.474e-05,0.00010785999999999969,7.066000000000002e-05,1.6957501735319616,0,0,31722.535,32537.818000000003,-815.2830000000031,0.4936564073963303,0.49381460787485965,-0.044744776257572415,-2610.0300000000025,-181.25060000000084,1067397,0,1,0,0
2025-03-17 16:00:00+00:00,83531.07,84756.83,83103.6,84482.55,3834.07195,8.59e-06,0.00010397999999999969,7.568000000000002e-05,-0.505529684308363,0,0,19419.634,19811.112,-391.4780000000028,0.4950105715552796,0.49256241724890026,0.021742386183878026,-2649.7650000000067,-433.8376000000011,643035,0,1,0,0
2025-03-17 20:00:00+00:00,84482.55,84506.8,83746.12,84010.03,1426.34545,8.59e-06,0.00010397999999999969,7.568000000000002e-05,-0.505529684308363,0,0,7428.066,8115.408,-687.3420000000006,0.4778896918410903,0.49593897524146013,-0.6137878322009168,-1894.1030000000064,-737.7700000000011,279666,1,0,0,0
2025-03-18 00:00:00+00:00,84010.02,84021.74,82960.0,83147.6,2227.16043,7.03e-06,0.0001003599999999997,0.00014306,-0.5094005137588186,0,0,11526.488,11487.057999999999,39.43000000000029,0.5008566693720299,0.49872729589594816,0.21642965945007225,-1039.390000000003,-659.5354000000013,417154,0,1,0,0
2025-03-18 04:00:00+00:00,83147.6,83280.0,82244.68,83163.81,3791.82354,7.03e-06,0.0001003599999999997,0.00014306,-0.5094005137588186,0,0,16817.912,16905.052,-87.13999999999942,0.4987080020605544,0.49468288685666345,0.11501213854609225,-735.0519999999997,-388.3626000000011,529152,0,1,0,0
2025-03-18 08:00:00+00:00,83163.81,83452.3,82500.0,82581.1,1859.60834,2.059e-05,3.620999999999969e-05,0.00018754000000000004,-0.13123292424646693,0,0,10114.469,11141.802000000001,-1027.3330000000024,0.47583459017811724,0.49314744996311843,-0.7415037788372433,-1075.0430000000015,-430.772600000001,371830,1,0,0,0
2025-03-18 12:00:00+00:00,82581.09,82821.6,81134.66,81610.21,5242.8777,2.059e-05,3.620999999999969e-05,0.00018754000000000004,-0.13123292424646693,0,0,30033.967,31000.923,-966.9559999999983,0.4920786618932221,0.4905915419954862,-0.1289847656084471,-2081.429,-545.8682000000001,962781,1,0,0,0
2025-03-18 16:00:00+00:00,81610.22,82476.26,81245.65,82317.21,3040.4539,3.514e-05,6.275999999999969e-05,0.00022589000000000002,0.2734705639025512,0,0,17231.757,16684.48,547.2770000000019,0.5080680678107068,0.48947372951273493,0.45112225971146236,-1447.0119999999988,-298.9443999999996,630687,1,0,0,0
2025-03-18 20:00:00+00:00,82317.2,82810.95,81870.23,82715.03,1448.97492,3.514e-05,6.275999999999969e-05,0.00022589000000000002,0.2734705639025512,0,0,7981.651,7972.1900000000005,9.46099999999933,0.5002965116676291,0.49023675169505604,0.1971684700186495,-410.2179999999971,-304.93819999999977,322831,1,0,0,0
2025-03-19 00:00:00+00:00,82715.03,83280.0,82547.16,83037.17,2751.69748,2e-06,5.7729999999999686e-05,0.00022357,-0.7560558470116634,0,0,9664.392,10508.846000000001,-844.4540000000015,0.47906994405161923,0.49214691178265796,-0.583896266672571,-287.71600000000035,-456.4010000000002,398314,0,1,0,0
2025-03-19 04:00:00+00:00,83037.17,83364.16,82792.91,83190.0,1888.77416,2e-06,5.7729999999999686e-05,0.00022357,-0.7560558470116634,0,0,7847.082,8415.716,-568.634,0.48251733803740293,0.4910330048467652,-0.5277570355602923,-1403.6270000000022,-364.6611999999997,282436,0,1,0,0
2025-03-19 08:00:00+00:00,83190.0,84119.09,83178.74,83881.4,3556.56382,5.961e-05,9.67499999999997e-05,0.00024082000000000002,0.9552069306434698,0,0,15379.528,13879.833,1499.6949999999997,0.525627610254373,0.49409470871667444,1.2089400351537205,86.60699999999815,128.66899999999987,457014,1,0,0,0
2025-03-19 12:00:00+00:00,83881.4,84888.0,83510.21,84733.05,5832.94768,5.961e-05,9.67499999999997e-05,0.00024082000000000002,0.9552069306434698,0,0,23804.552,23951.424000000003,-146.87200000000303,0.4984622657486887,0.4961519661074343,0.12460557542195198,784.1889999999967,-10.160800000001109,817093,0,1,0,0
2025-03-19 16:00:00+00:00,84733.05,85950.0,83578.32,85433.38,9865.43804,5.024e-05,0.00011184999999999968,0.00027859,0.7847479269563026,0,0,53671.465,48773.731,4897.733999999997,0.5239041662822335,0.49845671579845463,1.114528599370655,6250.556999999993,967.4937999999984,1472107,1,0,0,0
2025-03-19 20:00:00+00:00,85433.38,87000.0,85200.1,86845.94,4255.63256,5.024e-05,0.00011184999999999968,0.00027859,0.7847479269563026,0,0,20086.779,15978.393,4108.385999999999,0.5569578040553917,0.5042816959979384,2.1481870270565038,8859.247999999992,1958.0617999999984,614042,1,0,0,0
2025-03-20 00:00:00+00:00,86845.93,87453.67,85619.56,85891.02,4306.12355,1.944e-05,0.00012928999999999968,0.00028738,-0.19446622553793352,0,0,23044.94,23123.308,-78.36800000000221,0.49915127816849364,0.506613364796976,0.02682734462626774,8927.751999999993,2056.114999999998,711572,1,0,0,0
2025-03-20 04:00:00+00:00,85891.01,86013.05,85430.38,85816.39,2389.67499,1.944e-05,0.00012928999999999968,0.00028738,-0.19446622553793352,0,0,8662.268,8447.523000000001,214.74499999999898,0.5062755003845458,0.5080330486461084,0.23448618522889333,4244.762999999995,1799.1249999999977,293192,0,1,0,0
2025-03-20 08:00:00+00:00,85816.39,86300.0,84755.14,85502.17,3049.10665,3.79e-05,0.00010757999999999968,0.00024054000000000002,0.38027580635603114,0,0,19655.598,20229.694999999996,-574.0969999999943,0.49280314927108604,0.5065065567921463,-0.23451216093112287,-437.7199999999975,1713.6799999999996,561805,1,0,0,0
2025-03-20 12:00:00+00:00,85502.16,86532.04,84565.16,84691.76,5937.94941,3.79e-05,0.00010757999999999968,0.00024054000000000002,0.38027580635603114,0,0,32105.621,33542.395000000004,-1436.774000000005,0.4890569884092156,0.505382604466305,-0.3380677058008482,-1796.1260000000002,446.77839999999924,987313,1,0,0,0
2025-03-20 16:00:00+00:00,84691.27,84908.0,83655.23,84174.79,4615.68665,1.086e-05,6.819999999999968e-05,0.00024281,-0.46843839295898576,0,0,29474.588,26478.301000000003,2996.2869999999966,0.5267750875205032,0.5101531188131934,1.2281395380149507,985.4159999999974,224.35859999999883,816462,0,1,0,0
2025-03-20 20:00:00+00:00,84176.87,84609.21,83922.01,84223.39,1791.76338,1.086e-05,6.819999999999968e-05,0.00024281,-0.46843839295898576,0,0,9458.848,8720.407000000001,738.4409999999989,0.5203099907009391,0.513932384079547,0.890921009498346,2297.9539999999906,387.7203999999991,277265,1,0,0,0
2025-03-21 00:00:00+00:00,84223.38,84850.33,84180.09,84451.96,1402.80368,1.615e-05,6.490999999999967e-05,0.00025193000000000004,-0.2646574683177653,0,0,7792.515,7728.152999999999,64.36200000000099,0.5020734287982966,0.5115769659339394,0.11469408985835744,3799.0899999999965,357.6437999999995,295511,1,0,0,0
2025-03-21 04:00:00+00:00,84451.97,84798.93,83700.47,83937.98,2156.9138,1.615e-05,6.490999999999967e-05,0.00025193000000000004,-0.2646574683177653,0,0,9206.672,11385.257,-2178.584999999999,0.4471009976772939,0.5064408391267999,-2.28158051004032,-1375.7819999999992,36.746199999998495,344454,1,0,0,0
2025-03-21 08:00:00+00:00,83937.99,84337.66,83732.09,84046.52,1486.42515,5.324e-05,8.024999999999967e-05,0.00028458,0.9174579997237585,0,0,10177.455,9598.22,579.2350000000006,0.5146451385350943,0.505514936352086,0.6090942050174901,-1534.9879999999976,439.9479999999996,328667,1,0,0,0
2025-03-21 12:00:00+00:00,84046.52,84358.51,83175.25,83565.48,3473.84885,5.324e-05,8.024999999999967e-05,0.00028458,0.9174579997237585,0,0,26132.439,25956.694000000003,175.74499999999534,0.5016869641504688,0.4999878523615937,0.09522374587080276,-1423.6050000000032,-124.16040000000066,806415,0,1,0,0
2025-03-21 16:00:00+00:00,83565.47,84435.87,83379.0,83956.36,2229.62892,2.518e-05,9.456999999999969e-05,0.00027462,0.0825286091373491,0,0,13004.688,12228.993,775.6949999999997,0.5153702307641918,0.5016097476211635,0.6933795261369327,1530.6749999999956,-116.7096000000005,415979,1,0,0,0
2025-03-21 20:00:00+00:00,83956.35,84584.0,83813.21,84088.79,1207.35403,2.518e-05,9.456999999999969e-05,0.00027462,0.0825286091373491,0,0,6113.657,5097.527999999999,1016.1290000000008,0.5453176448341545,0.5055139620661244,1.9250724974505888,1967.5689999999959,73.64379999999946,188700,1,0,0,0
2025-03-22 00:00:00+00:00,84088.79,84338.98,83989.58,84256.74,1006.94162,2.836e-05,0.00010677999999999968,0.00030098,0.1685375487238711,0,0,3554.581,3996.8779999999997,-442.29699999999957,0.4707144672307696,0.5033050938620927,-1.2504004648396243,1349.527000000001,420.9013999999994,157080,0,1,0,0
2025-03-22 04:00:00+00:00,84256.73,84429.09,84153.21,84274.72,754.99674,2.836e-05,0.00010677999999999968,0.00030098,0.1685375487238711,0,0,2913.272,3480.3239999999996,-567.0519999999997,0.4556546894736546,0.49996486396853657,-1.7453231368307276,6.780000000001564,191.64399999999932,122127,0,1,0,0
2025-03-22 08:00:00+00:00,84274.71,84539.17,84109.0,84239.25,871.57177,2.836e-05,0.00010677999999999968,0.00030098,0.1685375487238711,0,0,4916.889,4230.2789999999995,686.6100000000006,0.5375312883725324,0.5010404840537396,1.4896114388175508,-322.73899999999867,293.81700000000035,160435,0,1,0,0
2025-03-22 12:00:00+00:00,84239.24,84296.39,83975.42,84109.09,1017.55631,-1.77e-05,3.5839999999999684e-05,0.00022367000000000003,-1.356420909425767,0,0,4402.196,4574.9490000000005,-172.7530000000006,0.4903781770262149,0.4980473026862671,-0.4339004461578517,-53.19499999999971,104.1274000000003,154066,1,0,0,0
2025-03-22 16:00:00+00:00,84109.08,84320.0,84063.53,84171.59,818.77482,5.092e-05,6.157999999999968e-05,0.00022435,1.0217768385558992,0,0,3296.252,3156.903,139.34900000000016,0.5107969667550214,0.49891965648193964,0.37782509431032835,653.2060000000001,-71.22859999999983,111970,1,0,0,0
2025-03-22 20:00:00+00:00,84171.59,84204.19,83625.1,83840.59,950.37988,5.092e-05,6.157999999999968e-05,0.00022435,1.0217768385558992,0,0,5574.192,8121.937000000001,-2547.745000000001,0.4069903255146034,0.4949085892656705,-3.0990600478969257,-2581.1490000000013,-492.31820000000005,176182,1,0,0,0
2025-03-23 00:00:00+00:00,83840.59,84277.07,83809.75,84224.39,735.1977,2.099e-05,5.420999999999968e-05,0.00022590000000000002,-0.033982205563439415,0,0,3862.919,3203.267,659.652,0.5466766654599808,0.49811174195815927,1.4840726480680404,-1748.7440000000006,-246.97740000000013,134153,1,0,0,0
2025-03-23 04:00:00+00:00,84224.39,84328.24,84070.22,84279.82,537.08204,2.099e-05,5.420999999999968e-05,0.00022590000000000002,-0.033982205563439415,0,0,2621.833,2444.3089999999997,177.52400000000034,0.5175206300968271,0.49969510855279503,0.5203315355647894,-1710.5690000000004,-348.7946000000002,99952,1,0,0,0
2025-03-23 08:00:00+00:00,84279.82,85027.32,84263.05,84679.99,1637.95361,-1.84e-06,7.006999999999969e-05,0.00018616,-0.7941907272275173,0,0,11578.428,8482.32,3096.108,0.5771683089783093,0.5058749163742069,2.1526019093686157,3933.2840000000006,304.9776,272558,1,0,0,0
2025-03-23 12:00:00+00:00,84680.0,85254.17,84573.4,85189.41,1965.74104,-1.84e-06,7.006999999999969e-05,0.00018616,-0.7941907272275173,0,0,9307.985,9264.262999999999,43.72200000000157,0.501177078832891,0.5014608597740804,-0.11389266878170494,3317.354000000002,285.85220000000027,306512,1,0,0,0
2025-03-23 16:00:00+00:00,85189.41,85413.05,84800.0,85011.19,1581.19041,4.02e-05,5.9349999999999674e-05,0.0002155,0.6413064696213288,0,0,8780.137,10275.654,-1495.5169999999998,0.4607595139976084,0.5004653644507643,-1.2353646555736604,1644.313000000002,496.29780000000045,281315,1,0,0,0
2025-03-23 20:00:00+00:00,85011.2,86129.64,84923.91,86082.5,2004.81333,4.02e-05,5.9349999999999674e-05,0.0002155,0.6413064696213288,0,0,12207.096,8871.662000000002,3335.4339999999975,0.5791183712057417,0.5128117326239731,1.9647806326646249,1883.6389999999992,1031.4542,300713,1,0,0,0
2025-03-24 00:00:00+00:00,86082.5,86641.13,85519.09,86532.07,3571.64325,2.039e-05,5.874999999999967e-05,0.00021974,0.0005141599821513768,0,0,17890.979,16719.801,1171.1779999999999,0.516919266193943,0.5107505304061142,0.26041809902659274,3011.0949999999975,1230.185,524756,1,0,0,0
2025-03-24 04:00:00+00:00,86532.07,87300.0,86532.06,86874.52,4177.26747,2.039e-05,5.874999999999967e-05,0.00021974,0.0005141599821513768,0,0,15563.849,15834.517999999998,-270.66899999999805,0.49568975991649505,0.5112816886951421,-0.32913636553249787,4235.942999999999,556.8296000000003,488811,0,1,0,0
2025-03-24 08:00:00+00:00,86874.52,87909.99,86838.76,87689.52,3734.28314,5.512e-05,0.00011570999999999968,0.00022162000000000004,1.2127655493185132,0,0,13886.55,12656.467,1230.0829999999987,0.5231714993062017,0.5125191419502602,0.4233120106764305,2130.5920000000006,794.1017999999997,448074,1,0,0,0
2025-03-24 12:00:00+00:00,87689.52,88765.43,87138.6,88350.01,8345.49659,5.512e-05,0.00011570999999999968,0.00022162000000000004,1.2127655493185132,0,0,28760.497,29733.77,-973.273000000001,0.4916806120504083,0.5209881706038406,-0.4296331520928731,-13.859000000000378,898.5505999999993,884671,0,1,0,0
2025-03-24 16:00:00+00:00,88350.01,88536.0,87690.59,88222.0,5650.83508,-3.422e-05,4.1289999999999674e-05,0.00016222000000000003,-1.770563560343892,0,0,17705.456,16867.615000000005,837.8409999999931,0.512116959468252,0.5175322000046677,0.13845411124011453,1094.6509999999907,399.0319999999985,532228,0,1,0,0
2025-03-24 20:00:00+00:00,88222.01,88481.14,87050.6,87498.16,4636.09558,-3.422e-05,4.1289999999999674e-05,0.00016222000000000003,-1.770563560343892,0,0,12785.216,12502.766,282.4500000000007,0.5055846686382488,0.5163386038588099,0.006908523210974857,147.01799999999275,221.28639999999868,403976,0,1,0,0
2025-03-25 00:00:00+00:00,87498.16,87679.25,86330.66,86520.88,2967.91856,-3.422e-05,4.1289999999999674e-05,0.00016222000000000003,-1.770563560343892,0,0,14036.314,14233.151,-196.83699999999953,0.4965185580979336,0.5082736287707723,-0.24701410511241145,923.4539999999943,236.0527999999984,459971,1,0,0,0
2025-03-25 04:00:00+00:00,86520.89,86879.77,86310.0,86436.82,2925.77929,-2.47e-06,1.8429999999999673e-05,0.00013139000000000003,-0.888714486858207,0,0,11258.299,10935.152,323.14700000000084,0.5072802332543956,0.5088839442129228,0.0563897934979045,408.76000000000204,54.66559999999881,347991,0,1,0,0
2025-03-25 08:00:00+00:00,86436.82,87500.0,86406.49,87370.43,2680.08356,1.15e-05,-2.5190000000000326e-05,0.00016059,-0.42777605375243644,0,0,11812.606,10313.181,1499.4249999999993,0.5338841054557742,0.5161964033587394,0.7636705767008122,1625.7350000000006,549.2051999999989,336727,1,0,0,0
2025-03-25 12:00:00+00:00,87370.44,88258.8,86929.46,87774.37,5630.54013,1.15e-05,-2.5190000000000326e-05,0.00016059,-0.42777605375243644,0,0,23077.649,24501.628,-1423.9789999999994,0.4850357225898998,0.5067881384971552,-0.6013280552345218,398.59300000000076,96.84120000000038,760234,0,1,0,0
2025-03-25 16:00:00+00:00,87774.37,88321.27,87588.59,88116.23,3269.38058,-3.776e-05,-2.8730000000000323e-05,7.191000000000001e-05,-2.1705816126170565,0,0,11599.652,11875.819000000001,-276.1670000000013,0.49411796679180575,0.5045080085569416,-0.3179316519238577,-200.72100000000137,-14.882200000000012,420232,0,1,0,1
2025-03-25 20:00:00+00:00,88116.23,88539.63,87132.65,87392.87,5169.55036,-3.776e-05,-2.8730000000000323e-05,7.191000000000001e-05,-2.1705816126170565,0,0,14872.517,14989.321,-116.80400000000009,0.49804425970029037,0.504743458535321,-0.18722353261097371,-1816.9500000000007,1.1243999999998777,443553,1,0,0,1
2025-03-26 00:00:00+00:00,87392.88,87892.14,87030.56,87153.51,2376.15356,-2.99e-05,-5.6160000000000316e-05,2.1020000000000016e-05,-1.7477854731007874,0,0,8000.994,8889.195,-888.201,0.4737065997307668,0.49979696857777756,-0.8356204340046409,-1281.1720000000014,-241.1452000000003,282418,1,0,0,0
2025-03-26 04:00:00+00:00,87153.5,88275.0,87052.0,88140.45,2854.78166,-2.99e-05,-5.6160000000000316e-05,2.1020000000000016e-05,-1.7477854731007874,0,0,12071.222,10594.835000000001,1476.3869999999988,0.5325682362838847,0.5038857310011251,0.7492297025585919,471.3819999999987,-245.75280000000038,304211,1,0,0,0
2025-03-26 08:00:00+00:00,88140.45,88259.81,87837.49,87954.96,2414.73419,1.659e-05,-5.1070000000000316e-05,3.945000000000001e-05,-0.09008599123136886,0,0,6807.054,8512.489,-1705.4349999999995,0.4443379283572624,0.49710782789002617,-1.6443258004860373,-1117.2490000000007,-302.04400000000044,249588,1,0,0,0
2025-03-26 12:00:00+00:00,87954.97,88000.0,86434.36,86752.52,5637.1011,1.659e-05,-5.1070000000000316e-05,3.945000000000001e-05,-0.09008599123136886,0,0,30240.894,33029.849,-2788.9550000000017,0.4779601529256579,0.4943453763187671,-0.6938702048379615,-3018.0030000000024,-804.6016000000005,839026,1,0,0,0
2025-03-26 16:00:00+00:00,86752.52,87058.4,85860.0,86567.19,3006.95989,1.659e-05,-5.1070000000000316e-05,3.945000000000001e-05,-0.09008599123136886,0,0,19177.329,21814.736999999997,-2637.407999999996,0.4678302625683712,0.4914765467658109,-0.9141956395626215,-7131.797999999997,-1308.7223999999997,570737,1,0,0,0
2025-03-26 20:00:00+00:00,86567.18,87404.34,86520.1,86909.17,2119.05445,-3.082e-05,-4.4130000000000325e-05,-3.1569999999999984e-05,-1.6356352717101577,0,0,14619.883,14198.214000000002,421.66899999999805,0.5073160451920194,0.4914801279595732,0.18454670065452766,-5004.6939999999995,-1046.7484,374361,1,0,0,0
2025-03-27 00:00:00+00:00,86909.17,87756.39,86796.26,87670.18,1891.16422,-3.082e-05,-4.4130000000000325e-05,-3.1569999999999984e-05,-1.6356352717101577,0,0,9454.083,9201.796,252.28700000000026,0.5067615950982529,0.4887678769238211,0.1378613670316903,-1963.4519999999975,-1291.5683999999997,297286,1,0,0,0
2025-03-27 04:00:00+00:00,87670.17,87691.34,87249.68,87399.99,1775.1179,3.136e-05,1.712999999999967e-05,-2.0599999999999986e-05,0.4365621530046895,0,0,4818.426,5840.435999999999,-1022.0099999999984,0.45205820283628784,0.48547012494845987,-1.3754877803652912,-348.0540000000001,-1154.8833999999995,190874,1,0,0,0
2025-03-27 08:00:00+00:00,87399.99,87597.6,86787.0,86943.52,2195.77495,3.136e-05,1.712999999999967e-05,-2.0599999999999986e-05,0.4365621530046895,0,0,9487.082,10628.844,-1141.7619999999988,0.4716204464064941,0.4832203729099288,-0.7778840840749794,-1911.484999999997,-825.444799999999,301862,1,0,0,0
2025-03-27 12:00:00+00:00,86943.51,87575.0,85800.0,86974.07,7540.76727,5.512e-05,5.5659999999999674e-05,-2.0599999999999986e-05,1.352934685419005,0,0,36966.865,40126.956,-3160.0910000000003,0.47950490091806447,0.4813664370317062,-0.5454402122174073,-5323.862999999998,-929.9813999999999,1041431,0,1,0,0
2025-03-27 16:00:00+00:00,86974.07,87429.21,86796.0,87060.41,2215.08868,5.512e-05,5.5659999999999674e-05,-2.0599999999999986e-05,1.352934685419005,0,0,11021.635,12021.883,-1000.2479999999996,0.47829654308860303,0.48182543136748973,-0.5470038954966486,-5302.100999999999,-1214.3647999999994,396899,0,1,0,0
2025-03-27 20:00:00+00:00,87060.4,87728.27,86943.04,87232.01,1480.12595,-3.76e-05,4.8879999999999674e-05,-2.3979999999999984e-05,-1.8052967156949662,0,0,7760.009,6123.674000000001,1636.3349999999991,0.5589301484339566,0.484461622582497,1.6685721109478315,-2524.004000000001,-937.5551999999996,223084,1,0,0,0
2025-03-28 00:00:00+00:00,87232.01,87515.67,86750.0,86787.16,1911.72045,-3.76e-05,4.8879999999999674e-05,-2.3979999999999984e-05,-1.8052967156949662,0,0,9096.982,10343.413,-1246.4310000000005,0.46794224088553754,0.48682205383532456,-0.9861399315114813,-610.344000000001,-982.4394,297190,1,0,0,0
2025-03-28 04:00:00+00:00,86787.17,86832.64,85162.48,85212.99,5671.09628,1.584e-05,3.335999999999968e-05,-5.669999999999981e-06,-0.010407274733175676,0,0,24232.476,26405.833000000002,-2173.3570000000036,0.47854038727873,0.4868800772706317,-0.6242470357935646,-1783.453000000005,-1188.758400000001,709751,1,0,0,0
2025-03-28 08:00:00+00:00,85212.98,85441.25,84800.0,85255.26,4950.75977,1.584e-05,3.335999999999968e-05,-5.669999999999981e-06,-0.010407274733175676,0,0,18029.799,18285.706,-255.90699999999924,0.4964766151537752,0.4897447125291722,-0.0007320658127840618,-3675.6950000000033,-607.9216000000008,534691,0,1,0,0
2025-03-28 12:00:00+00:00,85255.25,85609.74,83953.86,84051.16,8382.63832,-4.57e-06,-2.6330000000000326e-05,-2.1739999999999985e-05,-0.6673423948560933,0,0,31863.535,34718.04299999999,-2854.5079999999907,0.4785638303736208,0.4868694910473323,-0.5769177719031574,-5283.771999999994,-978.773599999999,1013045,1,0,0,0
2025-03-28 16:00:00+00:00,84051.15,84217.61,83585.0,83790.73,3857.86312,8.118e-05,9.244999999999967e-05,9.720000000000002e-05,2.013494968161143,0,0,17292.411,15667.006000000001,1625.4049999999988,0.5246576721912284,0.48865909875662983,0.9086707259699568,-1485.0099999999911,-980.959599999999,585257,0,1,1,0
2025-03-28 20:00:00+00:00,83790.74,84538.69,83697.83,84424.38,2408.65375,8.118e-05,9.244999999999967e-05,9.720000000000002e-05,2.013494968161143,0,0,8485.866,7863.49,622.3760000000002,0.5190336549035938,0.49535664396336043,0.9067695576608638,-606.7269999999917,-607.1981999999989,290054,1,0,1,0
2025-03-29 00:00:00+00:00,84424.38,84624.73,83709.67,84166.3,1526.01379,5.364e-05,0.00013024999999999967,0.00018074000000000003,1.0788516978706104,0,0,8691.644,9626.832999999999,-935.1889999999985,0.47447416070670073,0.49564201539338104,-0.7832361586406138,1312.5920000000006,-359.5645999999979,311047,1,0,0,0
2025-03-29 04:00:00+00:00,84166.3,84258.45,83662.86,83731.82,1103.52164,5.364e-05,0.00013024999999999967,0.00018074000000000003,1.0788516978706104,0,0,5781.959,5699.1050000000005,82.85399999999936,0.5036082892665696,0.4980523542282316,0.3476173882843373,-229.95899999999892,-291.81239999999815,218033,0,1,0,0
2025-03-29 08:00:00+00:00,83731.83,83947.42,82007.0,82293.56,3638.90117,8.214e-05,0.00021695999999999966,0.00024629000000000003,1.8625758874761007,0,0,19968.681,23635.007999999998,-3666.3269999999975,0.45795852272957915,0.4960185521923292,-1.3387946262674264,-4518.661999999997,-454.17619999999954,625493,1,0,0,0
2025-03-29 12:00:00+00:00,82293.56,82882.01,82145.22,82414.23,1960.74799,8.214e-05,0.00021695999999999966,0.00024629000000000003,1.8625758874761007,0,0,11336.68,11060.136999999999,276.5430000000015,0.5061737120948928,0.49074290855842284,0.5064200338410837,-3306.9299999999967,-723.948599999999,369580,1,0,0,0
2025-03-29 16:00:00+00:00,82414.22,82758.41,81644.81,82758.4,2509.70729,2.53e-05,0.00016107999999999964,0.00030241,0.20500305894360152,0,0,14727.913,14748.315999999999,-20.40299999999843,0.4996539075605635,0.4939140752259254,0.2735095116986004,-3410.1869999999944,-852.5043999999987,483992,0,1,0,0
2025-03-29 20:00:00+00:00,82758.4,82787.29,82258.86,82648.54,957.50676,2.53e-05,0.00016107999999999964,0.00030241,0.20500305894360152,0,0,4901.5,5335.929,-434.4290000000001,0.47878231927176246,0.4939382684252286,-0.5027513174180965,-178.28899999999703,-752.3523999999991,208775,1,0,0,0
2025-03-30 00:00:00+00:00,82648.53,83503.53,82500.0,83088.81,1605.64112,3.41e-06,0.00011084999999999965,0.00027446,-0.4358903297778755,0,0,9838.761,10011.355999999998,-172.59499999999753,0.4956525445164883,0.49385586136149995,0.15390574529183135,-627.426999999996,-803.4421999999984,346491,0,1,0,0
2025-03-30 04:00:00+00:00,83088.82,83321.16,82868.96,83076.59,1238.4393,3.41e-06,0.00011084999999999965,0.00027446,-0.4358903297778755,0,0,6426.081,6703.414999999999,-277.3339999999989,0.48943851310057906,0.4949433296341958,-0.06490107103912147,-884.3579999999965,-125.6435999999987,212090,1,0,0,0
2025-03-30 08:00:00+00:00,83076.58,83534.64,82975.36,83111.76,1206.11965,4.27e-06,3.297999999999965e-05,0.00022361,-0.37796221615448206,0,0,6787.329,7463.398999999999,-676.0699999999997,0.47627945744245487,0.4901055081593184,-0.5291447197172745,-1125.9989999999962,-316.1661999999989,251747,0,1,0,0
2025-03-30 12:00:00+00:00,83111.76,83268.05,82543.83,82729.57,2154.4379,4.27e-06,3.297999999999965e-05,0.00022361,-0.37796221615448206,0,0,9503.124,9401.289,101.83499999999913,0.5026934187271511,0.48847148454167416,0.5279751742831869,-851.5689999999995,-291.7185999999994,351793,0,1,0,0
2025-03-30 16:00:00+00:00,82729.57,82908.11,82050.4,82548.81,1581.53343,4.588e-05,5.355999999999965e-05,0.00030709,0.8292464386541283,0,0,9674.091,10248.147,-574.0560000000005,0.48559258252009635,0.48958332672301375,-0.15886482159697643,-1148.291000000001,-319.6439999999995,354537,1,0,0,0
2025-03-30 20:00:00+00:00,82548.8,82757.7,81565.0,82389.99,2078.32368,4.588e-05,5.355999999999965e-05,0.00030709,0.8292464386541283,0,0,11625.667,11883.266000000001,-257.599000000002,0.4945212528361027,0.48867462307996706,0.21092942163927966,-729.8200000000033,-336.6448000000004,427401,1,0,0,0
2025-03-31 00:00:00+00:00,82390.0,82444.89,81278.52,81530.0,3137.45901,2.643e-05,7.657999999999965e-05,0.00031768000000000003,0.24038012041324142,0,0,15527.909,16009.046999999999,-481.137999999999,0.49237183829663206,0.49211595463667235,0.09826702705125867,-1312.7930000000015,-377.4056000000004,613990,1,0,0,0
2025-03-31 04:00:00+00:00,81530.0,82305.57,81400.0,81933.51,2427.84969,2.643e-05,7.657999999999965e-05,0.00031768000000000003,0.24038012041324142,0,0,10210.574,9615.696,594.8780000000006,0.5150022671939806,0.49299881014658115,1.093769524017787,-143.85900000000038,-123.21600000000035,416168,1,0,0,0
2025-03-31 08:00:00+00:00,81933.51,82272.0,81290.88,82205.51,3422.93239,6.02e-05,0.00013250999999999964,0.00038245000000000005,1.2269145680411397,0,0,14235.04,14599.612999999998,-364.5729999999967,0.4936782141959538,0.4924012408101201,0.12069931683872345,-250.83299999999508,-216.49759999999952,526394,0,1,0,0
2025-03-31 12:00:00+00:00,82205.5,83943.08,81656.0,83418.78,6957.92675,6.02e-05,0.00013250999999999964,0.00038245000000000005,1.2269145680411397,0,0,40782.616,39238.53399999999,1544.0820000000094,0.5096479618200939,0.4954878050649533,0.8004077789317344,1774.3870000000134,207.13000000000247,1219031,1,0,0,0
2025-03-31 16:00:00+00:00,83418.78,83694.29,82400.0,82462.27,2934.61931,1.845e-05,0.00010507999999999965,0.00031972,0.003037757084411524,0,0,15887.17,17019.081,-1131.9109999999982,0.4828009729823067,0.4942026479115351,-0.4554735563408136,47.59800000001451,32.26760000000322,593875,1,0,0,0
2025-03-31 20:00:00+00:00,82462.26,82886.8,82265.1,82550.01,1688.3517,1.845e-05,0.00010507999999999965,0.00031972,0.003037757084411524,0,0,10539.472,8399.823999999999,2139.648000000001,0.5564869993055709,0.5009074965320343,2.5552183833135236,2551.8190000000122,556.4248000000032,331037,1,0,0,0
2025-04-01 00:00:00+00:00,82550.0,83256.8,82432.74,82962.84,2015.98624,3.961e-05,0.00011825999999999964,0.00030569,0.6128584833082841,0,0,7262.915,7981.304999999999,-718.3899999999994,0.4764372988581902,0.5009232806736078,-0.686728108213455,289.3470000000034,293.7712000000032,338675,0,1,0,0
2025-04-01 04:00:00+00:00,82962.84,83597.07,82886.87,83445.5,1822.06805,3.961e-05,0.00011825999999999964,0.00030569,0.6128584833082841,0,0,7634.571,7597.456,37.11499999999978,0.5012183211072302,0.5007757709116156,0.27355917385927,1458.3730000000014,374.10880000000253,283322,1,0,0,0
2025-04-01 08:00:00+00:00,83445.5,84504.74,83410.0,83930.3,4005.56934,3.961e-05,0.00011825999999999964,0.00030569,0.6128584833082841,0,0,17991.251,17996.387,-5.135999999998603,0.4999286421631784,0.5022093768759239,0.18050940499585233,-686.4109999999982,64.26520000000092,546571,0,1,0,0
2025-04-01 12:00:00+00:00,83930.31,85499.55,82544.0,85280.87,6895.46482,2.889e-05,8.694999999999965e-05,0.00025244000000000004,0.25777114352039915,0,0,41350.675,39795.95599999999,1554.7190000000119,0.5095796891432253,0.5037152205066362,0.5616839710085678,1586.698000000013,601.5912000000029,1190784,1,0,0,0
2025-04-01 16:00:00+00:00,85280.88,85493.0,84720.0,84972.01,3624.09611,3.573e-05,0.00010422999999999964,0.00026287,0.4828883324201558,0,0,16051.188,15942.015000000001,109.17299999999886,0.5017061905305323,0.5046486557300262,0.182989763824877,1658.7560000000121,195.4962000000025,543225,0,1,0,0
2025-04-01 20:00:00+00:00,84972.0,85579.46,84773.58,85158.34,1827.21241,3.573e-05,0.00010422999999999964,0.00026287,0.4828883324201558,0,0,9694.419,7965.037999999999,1729.3810000000012,0.5489647275111573,0.5080449017617439,2.3949121157663518,3393.273000000012,685.0504000000026,302407,1,0,0,0
2025-04-02 00:00:00+00:00,85158.35,85255.95,84504.21,84550.0,2397.00391,3.573e-05,0.00010422999999999964,0.00026287,0.4828883324201558,0,0,8972.403,10283.789999999999,-1311.3869999999988,0.4659489547077141,0.5052719758129199,-1.4409620186589276,527.1670000000013,415.3500000000029,367709,1,0,0,0
2025-04-02 04:00:00+00:00,84550.0,84726.42,83904.72,84426.33,2284.55226,-2.112e-05,4.3499999999999634e-05,0.00023834000000000003,-1.1653016807749126,0,0,11969.799,12252.6,-282.8009999999995,0.49416240728261474,0.5037234203591721,-0.16602434418079778,135.19300000000294,359.81700000000274,383144,1,0,0,0
2025-04-02 08:00:00+00:00,84426.32,85450.0,84262.73,84566.91,2502.47319,3.036e-05,4.4969999999999646e-05,0.00026443,0.3237825819740509,0,0,15043.434,15000.63,42.80400000000009,0.500712353694893,0.5055145584304307,0.1333173301571829,-1551.3839999999982,57.43400000000038,457568,1,0,0,0
2025-04-02 12:00:00+00:00,84566.91,87333.0,84462.69,86757.67,11182.5669,3.036e-05,4.4969999999999646e-05,0.00026443,0.3237825819740509,0,0,51739.172,49664.73,2074.4419999999955,0.5102286103349356,0.5008887195333671,0.533541358913848,1834.444999999996,450.4877999999997,1509258,1,0,0,0
2025-04-02 16:00:00+00:00,86757.67,87333.0,86186.19,86900.02,6072.59633,7.33e-06,1.6569999999999643e-05,0.00022588000000000005,-0.3280773282250432,0,0,21915.841,20880.320999999996,1035.520000000004,0.5120982811496041,0.5044548177625084,0.6539469905247676,3152.7659999999996,311.7156000000003,859892,1,0,0,0
2025-04-02 20:00:00+00:00,86900.01,88500.0,82320.0,82516.29,15492.26441,7.33e-06,1.6569999999999643e-05,0.00022588000000000005,-0.3280773282250432,0,0,65409.267,65832.391,-423.12400000000343,0.4983879965917529,0.5041717853109609,0.02845933787794853,2686.837999999996,489.3681999999993,2122953,1,0,0,0
2025-04-03 00:00:00+00:00,82516.28,83998.02,82175.98,83483.97,5644.57078,5.862e-05,9.630999999999965e-05,0.00025807000000000005,1.1349986874944686,0,0,21475.085,22063.701,-588.6160000000018,0.4932403259934716,0.5035029536939901,-0.25982149166064344,23.779999999998836,428.20519999999885,706086,0,1,0,0
2025-04-03 04:00:00+00:00,83483.97,83735.85,83000.0,83456.75,2431.18004,5.862e-05,9.630999999999965e-05,0.00025807000000000005,1.1349986874944686,0,0,9134.97,8877.228000000001,257.74199999999837,0.5071546515311457,0.5032604499327821,0.4297252819725843,-753.9980000000069,471.19279999999856,377045,0,1,0,0
2025-04-03 08:00:00+00:00,83456.76,83788.23,83047.0,83096.01,3208.79996,5.038e-05,0.00011632999999999964,0.00024825000000000004,0.9039752674051776,0,0,13229.799,12615.447999999999,614.3510000000024,0.5118851833762703,0.5042783492173559,0.6194485809965603,283.47699999999895,179.1745999999999,447293,0,1,0,0
2025-04-03 12:00:00+00:00,83096.01,83147.95,81211.24,82039.31,8823.0587,5.038e-05,0.00011632999999999964,0.00024825000000000004,0.9039752674051776,0,0,45520.609,46614.943,-1094.3340000000026,0.49406128266317867,0.498788004732558,-0.31582654746305117,-222.2410000000018,-246.79620000000142,1428632,1,0,0,0
2025-04-03 16:00:00+00:00,82039.32,82448.21,81540.0,82008.7,4137.47371,6.484e-05,0.00017383999999999965,0.00029464,1.2515545264809134,0,0,18021.818,17311.155,710.6630000000005,0.510056654445693,0.503198774706356,0.5217671257782399,230.6800000000003,-20.038800000000627,703158,0,1,0,0
2025-04-03 20:00:00+00:00,82009.76,83332.2,81800.0,83213.09,3092.75816,6.484e-05,0.00017383999999999965,0.00029464,1.2515545264809134,0,0,13676.729,10622.034,3054.6949999999997,0.562857006342257,0.5100682346123202,2.7827586414563177,2671.0239999999976,708.6233999999997,404295,1,0,0,0
2025-04-04 00:00:00+00:00,83213.09,83413.46,82577.63,82818.52,3041.69884,4.283e-05,0.00015804999999999964,0.00029786000000000005,0.5545622452935366,0,0,9728.076,13338.486000000003,-3610.4100000000035,0.4217393125165336,0.5021709304944842,-3.0224684873476164,154.94799999999668,-65.0070000000007,421887,1,0,0,0
2025-04-04 04:00:00+00:00,82818.53,84000.0,82615.36,83992.85,3091.86585,4.283e-05,0.00015804999999999964,0.00029786000000000005,0.5545622452935366,0,0,13063.78,11278.582,1785.1980000000003,0.5366685451477552,0.5048149239757662,1.2851628617881827,1229.4829999999965,169.16239999999888,393701,1,0,0,0
2025-04-04 08:00:00+00:00,83992.85,84720.0,81659.0,82680.45,9682.53553,4.736e-05,0.00015502999999999963,0.00031633000000000003,0.6509355755002778,0,0,44269.637,46691.270000000004,-2421.6330000000016,0.4866886056885954,0.5022739564296653,-0.5977487416805249,-4246.845000000005,-96.29740000000092,1308666,1,0,0,0
2025-04-04 12:00:00+00:00,82680.44,83716.0,81849.05,82860.0,10092.60459,4.736e-05,0.00015502999999999963,0.00031633000000000003,0.6509355755002778,0,0,64829.436,63229.386,1600.050000000003,0.5062473243741068,0.5030598892079008,0.13479682788042702,963.6150000000016,81.57999999999956,1897600,1,0,0,0
2025-04-04 16:00:00+00:00,82860.0,84620.01,82736.0,84009.99,5374.18478,8.038e-05,0.00017056999999999966,0.00036098,1.5501720087510524,0,0,33660.016,33413.181,246.8350000000064,0.5018400420066454,0.5039198608092181,-0.05201939893642779,-574.7479999999923,-479.9919999999991,1149199,1,0,0,0
2025-04-04 20:00:00+00:00,84010.0,84450.0,83492.95,83889.87,1632.65017,8.038e-05,0.00017056999999999966,0.00036098,1.5501720087510524,0,0,9641.307,9966.048999999999,-324.74199999999837,0.4917188732636874,0.5023762829824723,-0.43198224549655595,1522.143000000011,177.14160000000192,324080,1,0,0,0
2025-04-05 00:00:00+00:00,83889.87,84266.0,83395.46,83624.01,1705.75257,8.559e-05,0.00021332999999999964,0.00046769,1.6123634593091112,0,0,8023.14,9000.632000000001,-977.4920000000011,0.47129038147362406,0.49831680279220764,-1.1545894166381485,-1055.398999999993,-375.3963999999984,281100,1,0,0,0
2025-04-05 04:00:00+00:00,83624.01,83868.0,83297.66,83525.34,1280.95023,8.559e-05,0.00021332999999999964,0.00046769,1.6123634593091112,0,0,5428.238,5192.576,235.66200000000026,0.5110943473824134,0.5000201092641311,0.32746793269636987,-1066.5719999999992,156.06260000000202,188920,0,1,0,0
2025-04-05 08:00:00+00:00,83525.33,83894.7,83359.64,83452.69,1233.29028,7.437e-05,0.00024033999999999964,0.0005117,1.1824403149935787,0,0,5457.841,6060.715,-602.8739999999998,0.47383031345248483,0.4963974751648103,-1.0157127372502368,-1344.7040000000006,-284.5221999999985,204189,1,0,0,0
2025-04-05 12:00:00+00:00,83452.69,83550.68,82379.95,82618.26,2576.97263,7.437e-05,0.00024033999999999964,0.0005117,1.1824403149935787,0,0,14702.978,18408.945000000003,-3705.967000000004,0.4440387832503717,0.48451565285562176,-1.893563849106323,-4073.1790000000037,-1075.0826000000006,510410,1,0,0,0
2025-04-05 16:00:00+00:00,82618.25,83146.0,82607.05,82860.0,974.18344,4.08e-06,0.00016403999999999963,0.00050845,-1.030496308935995,0,0,6553.781,5840.919000000001,712.8619999999992,0.5287567266654295,0.4952173942705114,0.9402196790442603,-3595.979000000005,-867.5618000000011,225188,1,0,0,0
2025-04-05 20:00:00+00:00,82859.99,83688.0,82833.0,83537.99,1589.25553,4.08e-06,0.00016403999999999963,0.00050845,-1.030496308935995,0,0,8998.834,5905.605,3093.229000000001,0.6037687161522819,0.5019274113709641,3.0124473361005526,100.12399999999616,-53.417600000000675,263224,1,0,0,0
2025-04-06 00:00:00+00:00,83537.99,83817.63,83163.45,83344.14,1209.45565,2.21e-06,8.065999999999964e-05,0.00045204,-1.0390622046092783,0,0,5958.554,7749.111000000001,-1790.5570000000007,0.43468774587064973,0.49672732538916947,-1.8706531803680524,2015.5339999999997,-458.66140000000087,232347,1,0,0,0
2025-04-06 04:00:00+00:00,83344.14,83533.01,83024.96,83024.96,1005.20003,2.21e-06,8.065999999999964e-05,0.00045204,-1.0390622046092783,0,0,5220.445,5707.9310000000005,-487.4860000000008,0.47769632011197266,0.4938722249629561,-0.633514763338228,815.1859999999997,-435.5838000000011,186585,1,0,0,0
2025-04-06 08:00:00+00:00,83024.97,83172.0,82666.0,82855.99,1208.00762,5.363e-05,5.991999999999965e-05,0.00045529,0.5742002193869249,0,0,8889.769,7941.135999999999,948.6330000000016,0.5281812831811481,0.4965063490804063,0.743436325291985,-1329.4099999999999,495.3362000000001,271477,0,1,0,0
2025-04-06 12:00:00+00:00,82855.99,82981.14,82217.83,82548.36,2530.9727,5.363e-05,5.991999999999965e-05,0.00045529,0.5742002193869249,0,0,14187.605,15414.377,-1226.7720000000008,0.4792788874744941,0.495262350501487,-0.5786248632024769,-765.625,107.40940000000009,462435,1,0,0,0
2025-04-06 16:00:00+00:00,82548.36,82554.15,78694.99,79614.35,10204.27054,5.363e-05,5.991999999999965e-05,0.00045529,0.5742002193869249,0,0,50512.504,58275.561,-7763.057000000001,0.4643202726328481,0.49456533961740945,-0.9408849502816182,-8041.196,-2063.8478000000005,1577613,1,0,0,0
2025-04-06 20:00:00+00:00,79614.34,79890.16,77153.83,78430.0,11784.80782,-6.03e-06,4.980999999999965e-05,0.00038442,-1.4205470813845045,0,0,51084.646,50250.113999999994,834.5320000000065,0.5041176986060855,0.4938676747397766,0.1836610327477392,-8155.296999999995,-1538.8299999999988,1728201,0,1,0,0
2025-04-07 00:00:00+00:00,78430.0,79347.46,77354.0,77707.77,8315.40751,4.946e-05,9.705999999999964e-05,0.00039105000000000005,0.4030813311948067,0,0,35104.865,34347.814000000006,757.0509999999922,0.5054501209377394,0.4970296554883021,0.18661268738050338,-6171.474000000002,-1289.9226000000003,1242611,0,1,0,0
2025-04-07 04:00:00+00:00,77707.78,77984.0,74508.0,75126.01,18943.308,4.946e-05,9.705999999999964e-05,0.00039105000000000005,0.4030813311948067,0,0,57660.479,63016.858,-5356.379000000001,0.4778070218768583,0.5004064793509507,-0.579194941634337,-3764.796000000002,-2550.9250000000006,1955626,1,0,0,0
2025-04-07 08:00:00+00:00,75126.01,77577.88,75085.74,76685.62,10044.53318,6.857e-05,0.00011199999999999965,0.00041226,0.9838258604487604,0,0,45099.195,46060.039,-960.8439999999973,0.49472985918244994,0.4970037926026528,-0.09596933714809121,-5560.172000000006,-2497.7394,1402335,0,1,0,0
2025-04-07 12:00:00+00:00,76685.62,81243.58,75789.01,78479.9,27708.97146,6.857e-05,0.00011199999999999965,0.00041226,0.9838258604487604,0,0,142666.243,141793.90800000002,872.3349999999627,0.5015333166999548,0.48678025265742003,0.10439526319588979,-5444.888000000035,-770.6610000000073,3829163,1,0,0,0
2025-04-07 16:00:00+00:00,78479.91,79365.46,77313.2,78130.44,8830.92097,4.998e-05,0.00016800999999999963,0.00038186000000000003,0.39421848477595794,0,0,46609.685,44926.244999999995,1683.4400000000023,0.5091955148104138,0.49423102955139653,0.32409462183702814,1594.9309999999678,-600.8794000000082,1486255,0,1,0,0
2025-04-07 20:00:00+00:00,78130.43,80218.88,78102.91,79163.24,4544.38977,4.998e-05,0.00016800999999999963,0.00038186000000000003,0.39421848477595794,0,0,18923.438,17634.734,1288.703999999998,0.5176253889280897,0.49822393643300816,0.5416722688847488,3844.478999999963,-494.548800000007,605248,1,0,0,0
2025-04-08 00:00:00+00:00,79163.24,80867.99,78772.14,79904.0,4941.96291,4.074e-05,0.00015928999999999965,0.00033701,0.08135326482707943,0,0,22575.042,21858.528,716.5140000000029,0.508062755254642,0.4962120836403575,0.2583304558102815,3688.658000000003,720.0297999999937,776430,1,0,0,0
2025-04-08 04:00:00+00:00,79904.0,80413.49,79219.9,79496.0,3302.12711,4.074e-05,0.00015928999999999965,0.00033701,0.08135326482707943,0,0,12434.347,13434.424,-1000.0770000000011,0.4806701872307733,0.49635121361598555,-0.4858128430592049,1005.1409999999996,712.1831999999929,502337,1,0,0,0
2025-04-08 08:00:00+00:00,79496.01,80077.65,78819.65,79982.0,4257.73055,3.575e-05,0.00012646999999999965,0.00029839000000000005,-0.04361913622109126,0,0,17665.055,16231.137999999999,1433.9170000000013,0.5211515936317687,0.5020343457158776,0.6376425869893237,1150.354000000003,824.4996000000007,584221,1,0,0,0
2025-04-08 12:00:00+00:00,79982.0,80375.0,78175.14,78497.99,8857.72421,3.575e-05,0.00012646999999999965,0.00029839000000000005,-0.04361913622109126,0,0,44430.073,48056.935000000005,-3626.8620000000083,0.4803925865998389,0.49966183451525287,-0.4853093378752742,-3193.022000000008,-237.56080000000148,1366469,1,0,0,0
2025-04-08 16:00:00+00:00,78498.0,78522.72,76334.65,76854.05,10762.74484,3.134e-05,0.00010782999999999965,0.00032565000000000003,-0.21657598395761765,0,0,50467.596,49707.187,760.4089999999997,0.5037954112663263,0.4994963635481116,0.17134960011546269,-1432.5360000000073,-343.2198000000011,1534816,0,1,0,0
2025-04-08 20:00:00+00:00,76854.05,77285.5,76239.9,76322.42,3195.03101,3.134e-05,0.00010782999999999965,0.00032565000000000003,-0.21657598395761765,0,0,16584.202,14965.006999999998,1619.1950000000033,0.5256614199107179,0.5042818033514975,0.855863771607265,-1247.2580000000053,-162.68360000000104,592996,0,1,0,0
2025-04-09 00:00:00+00:00,76322.42,76868.28,74620.0,75073.33,9779.68513,9.568e-05,0.00016276999999999966,0.00041912000000000004,1.9853879827788727,0,0,37664.332,41433.238000000005,-3768.9060000000027,0.4761755892121591,0.5024263763544684,-0.7014480061101108,-1389.3019999999997,-716.4494000000013,1363758,1,0,0,0
2025-04-09 04:00:00+00:00,75073.34,77979.3,75000.0,77694.12,9140.27184,9.568e-05,0.00016276999999999966,0.00041912000000000004,1.9853879827788727,0,0,37867.727,37248.913,618.8139999999985,0.504119020765572,0.5026849467610301,0.2283803710134812,-1530.8970000000008,-879.4700000000018,1214539,1,0,0,0
2025-04-09 08:00:00+00:00,77694.12,77880.0,75756.86,76230.01,7898.75408,9.568e-05,0.00016276999999999966,0.00041912000000000004,1.9853879827788727,0,0,34397.481,38236.880000000005,-3839.399000000005,0.473570367060846,0.4991224319860733,-0.7496383981298257,-6989.491000000009,-921.9774000000012,1082561,1,0,0,0
2025-04-09 12:00:00+00:00,76230.01,78318.46,76010.21,77258.0,9835.2769,-2.252e-05,0.00010449999999999967,0.00034297000000000006,-2.0942923495920276,0,0,49958.446,48061.98399999999,1896.462000000014,0.5096738098373983,0.4983272740770042,0.4165269514054897,-1324.1229999999923,-694.7667999999983,1591939,1,0,0,1
2025-04-09 16:00:00+00:00,77258.01,82990.0,77136.0,82332.08,26584.65756,6.856e-05,0.00014171999999999964,0.00041756,0.950751817730118,0,0,93597.921,90238.532,3359.3889999999956,0.5091368957167597,0.49843468812321606,0.3903902451945474,1416.4520000000048,-346.7279999999999,2714885,1,0,0,0
2025-04-09 20:00:00+00:00,82332.08,83588.0,81987.89,82615.22,12249.64221,6.856e-05,0.00014171999999999964,0.00041756,0.950751817730118,0,0,25574.464,26369.944000000003,-795.4800000000032,0.49234296788982557,0.4996019661891212,-0.15276663348133546,4460.3710000000065,247.9572,831492,0,1,0,0
2025-04-10 00:00:00+00:00,82615.22,82753.21,81472.84,81775.2,5457.92235,7.705e-05,0.00012308999999999964,0.00044515000000000006,1.1536250466015705,0,0,15814.559,18695.788999999997,-2881.2299999999977,0.4582555643889769,0.49331236326484207,-1.221677476926291,-317.32100000000537,-452.0515999999992,608065,1,0,0,0
2025-04-10 04:00:00+00:00,81775.2,82344.3,81292.99,81595.81,3599.59614,7.705e-05,0.00012308999999999964,0.00044515000000000006,1.1536250466015705,0,0,14201.982,14010.166000000001,191.8159999999989,0.5033995284584498,0.4956130574507031,0.22404932887715673,-3484.894000000002,354.1914000000015,503686,0,1,0,0
2025-04-10 08:00:00+00:00,81595.81,82130.43,81349.0,81882.01,3109.18957,1.14e-06,0.00014674999999999964,0.00037772,-1.2355951037331507,0,0,14617.855,13208.415,1409.4399999999987,0.5253257084043244,0.497766087164503,0.8655248644452502,-1279.9740000000002,256.78699999999844,521195,1,0,0,0
2025-04-10 12:00:00+00:00,81882.0,82466.35,78606.06,78757.0,12186.07063,1.14e-06,0.00014674999999999964,0.00037772,-1.2355951037331507,0,0,55912.829,59382.666,-3469.8369999999995,0.4849524172648723,0.4936951868999184,-0.4855387887001102,-1868.581000000002,-1109.0582000000006,1754045,1,0,0,0
2025-04-10 16:00:00+00:00,78757.24,80058.96,78464.36,79649.34,6868.94347,6.775e-05,0.00014593999999999965,0.0003954900000000001,0.8384602372699818,0,0,34452.204,33255.53600000001,1196.6679999999906,0.5088370103624784,0.4969613290149503,0.3411877267594028,-863.7290000000103,-710.6286000000018,1253611,1,0,0,0
2025-04-10 20:00:00+00:00,79647.37,80035.54,79377.04,79607.3,2063.08502,6.775e-05,0.00014593999999999965,0.0003954900000000001,0.8384602372699818,0,0,9666.056,10444.042999999998,-777.9869999999974,0.48065680830313173,0.49461510776870626,-0.6407759526867448,-3051.1560000000063,-289.9800000000017,348629,1,0,0,0
2025-04-11 00:00:00+00:00,79607.3,80906.63,78969.58,80842.99,4616.06429,6.775e-05,0.00014593999999999965,0.0003954900000000001,0.8384602372699818,0,0,21099.573,20573.369000000002,526.2039999999979,0.5063134971368232,0.4978894207763041,0.4903879013059685,944.8849999999911,-223.10240000000195,699377,1,0,0,0
2025-04-11 04:00:00+00:00,80843.0,81440.73,80512.22,81266.76,3739.3645,2.065e-05,8.953999999999965e-05,0.0003754,-0.636591599470245,0,0,14971.44,15286.890000000001,-315.4500000000007,0.494787385820698,0.49640077837463403,-0.154976899931778,-567.2330000000002,-568.0804000000019,506851,0,1,0,0
2025-04-11 08:00:00+00:00,81266.76,82985.71,80782.43,82129.67,7672.7781,-4.294e-05,4.545999999999964e-05,0.00029671000000000005,-2.317637589338187,0,0,35799.208,32956.785,2842.422999999995,0.5206703654181825,0.4975541253447762,1.2860312139831709,3053.1769999999924,694.3715999999971,988525,1,0,0,1
2025-04-11 12:00:00+00:00,82129.67,83333.0,81341.22,82521.74,8580.71054,-4.294e-05,4.545999999999964e-05,0.00029671000000000005,-2.317637589338187,0,0,40425.266,39499.74799999999,925.5180000000109,0.5057899145316385,0.4988988200089575,0.4211056220826666,3452.4910000000054,640.1416000000012,1323352,1,0,0,1
2025-04-11 16:00:00+00:00,82521.74,84220.0,82015.08,83858.28,6974.07284,3.29e-05,1.060999999999965e-05,0.00029827000000000006,-0.1537717381242881,0,0,27994.132,26205.952,1788.1800000000003,0.5164960998953433,0.5047228735595942,0.9736601479184603,5556.1210000000065,1153.3750000000007,926912,1,0,0,0
2025-04-11 20:00:00+00:00,83858.28,84300.0,83162.0,83423.84,2852.4477,3.29e-05,1.060999999999965e-05,0.00029827000000000006,-0.1537717381242881,0,0,10282.592,10682.916000000001,-400.3240000000005,0.49045279513379786,0.503428200227129,-0.5365397981805344,2313.3740000000107,968.069400000001,377186,1,0,0,0
2025-04-12 00:00:00+00:00,83423.83,83572.0,82792.95,82973.13,2097.25786,3.654e-05,2.6499999999999648e-05,0.00023913000000000002,-0.11061316200021766,0,0,9252.581,9452.869,-200.28800000000047,0.49464626619514634,0.5003602560062113,-0.26872585719341513,1187.5679999999993,991.101800000001,328877,1,0,0,0
2025-04-12 04:00:00+00:00,82973.14,83830.62,82856.86,83724.92,2219.56474,3.654e-05,2.6499999999999648e-05,0.00023913000000000002,-0.11061316200021766,0,0,12127.981,9430.342,2697.638999999999,0.5625660678708636,0.5081216210668102,3.0173042672952826,2097.026999999998,962.1450000000019,364969,1,0,0,0
2025-04-12 08:00:00+00:00,83724.92,84031.87,83305.91,83528.3,2026.01827,3.654e-05,2.6499999999999648e-05,0.00023913000000000002,-0.11061316200021766,0,0,7997.178,8182.614,-185.4359999999997,0.49426951842149763,0.5066648718727123,-0.38608831116343006,2311.914999999999,739.9541999999998,299758,1,0,0,0
2025-04-12 12:00:00+00:00,83528.3,85402.9,83474.94,85008.4,7502.18643,5.64e-05,0.00012583999999999965,0.00031805000000000006,0.45923246446654115,0,0,32215.045,26666.944000000003,5548.100999999995,0.5471120379442345,0.5133103948368225,2.009016613373293,8060.303999999995,1491.9383999999986,939201,1,0,0,0
2025-04-12 16:00:00+00:00,85008.4,85258.29,84421.95,84943.4,2205.95168,5.388e-05,0.00014681999999999965,0.00030337,0.3427339499216598,0,0,10347.959,11490.474,-1142.5149999999994,0.4738416442241987,0.5100632095455601,-1.2774606983798564,4220.149999999996,1343.500199999999,417221,1,0,0,0
2025-04-12 20:00:00+00:00,84943.39,85905.0,84877.61,85276.9,2419.76539,5.388e-05,0.00014681999999999965,0.00030337,0.3427339499216598,0,0,11056.637,9782.212999999998,1274.4240000000027,0.5305780789247008,0.5136422788559604,1.221469784363347,5680.009999999998,1638.4425999999996,400473,1,0,0,0
2025-04-13 00:00:00+00:00,85276.91,86100.0,84724.91,85432.31,6091.99475,5.057e-05,0.00016084999999999965,0.00027689,0.2507728046022475,0,0,17534.326,16709.512000000002,824.8139999999985,0.5120432470215517,0.5127795670162972,0.4001428387899377,956.7230000000018,1263.8775999999993,538739,1,0,0,0
2025-04-13 04:00:00+00:00,85432.31,85436.68,84399.42,84413.1,5329.09879,5.057e-05,0.00016084999999999965,0.00027689,0.2507728046022475,0,0,14909.389,13976.41,932.9789999999994,0.5161494407684551,0.513815519639979,0.5348766226800757,3032.2170000000006,1487.5605999999993,470799,0,1,0,0
2025-04-13 08:00:00+00:00,84413.1,84949.86,84216.15,84528.66,2109.38782,8.429e-05,0.00018873999999999963,0.00036004,1.2155704232788334,0,0,11159.675,9945.187000000002,1214.4879999999976,0.528772706497678,0.5150431803002123,1.0727319614222819,2972.2809999999954,620.8379999999997,372283,1,0,0,0
2025-04-13 12:00:00+00:00,84528.66,84700.0,83480.67,83849.66,3752.76,8.429e-05,0.00018873999999999963,0.00036004,1.2155704232788334,0,0,19409.911,21000.091999999997,-1590.1809999999969,0.48032441373488644,0.5140303421603213,-1.0558998404090676,557.2860000000001,531.3048000000002,629323,1,0,0,0
2025-04-13 16:00:00+00:00,83849.66,84990.22,83050.0,83981.31,4094.28687,9.642e-05,0.00023127999999999967,0.00038871,1.4937219856146813,0,0,21241.625,21612.527000000002,-370.90200000000186,0.49567250799875817,0.5141329663406825,-0.3687789548995628,-746.5950000000012,202.23959999999934,699889,0,1,0,0
2025-04-13 20:00:00+00:00,83981.32,84446.31,83034.23,83760.0,3302.51358,9.642e-05,0.00023127999999999967,0.00038871,1.4937219856146813,0,0,20430.207,19109.519000000004,1320.6879999999946,0.5167007732931684,0.509546436882913,0.5718560333285276,-640.3950000000041,301.4143999999986,666709,0,1,0,0
2025-04-14 00:00:00+00:00,83760.0,85544.3,83678.0,84566.03,9144.98601,8.113e-05,0.0002618399999999997,0.00044919000000000003,0.998410711229916,0,0,28049.652,25861.171,2188.4809999999998,0.5202972323386715,0.5121492082746303,0.678850590886831,3138.2669999999925,552.5147999999987,824704,1,0,0,0
2025-04-14 04:00:00+00:00,84566.04,85110.0,84211.06,84580.76,3626.62247,8.113e-05,0.0002618399999999997,0.00044919000000000003,0.998410711229916,0,0,10110.094,10085.189,24.904999999998836,0.5006166043823204,0.5074996649184389,-0.20412186413454916,3534.0739999999932,314.5981999999989,422859,1,0,0,0
2025-04-14 08:00:00+00:00,84580.77,84965.34,84250.0,84927.55,2672.53505,7.127e-05,0.00024881999999999964,0.0005634,0.6910449915164891,0,0,10516.328,10928.85,-412.52200000000084,0.4903819404063701,0.509153694536656,-0.7110154919589289,1800.8639999999978,550.1299999999981,417236,0,1,0,0
2025-04-14 12:00:00+00:00,84927.56,85799.99,83709.25,84101.16,6912.0794,7.127e-05,0.00024881999999999964,0.0005634,0.6910449915164891,0,0,34484.999,34815.967,-330.9679999999935,0.49761209677798723,0.5058570963219846,-0.3562087635794818,-718.5849999999955,558.1167999999998,1097082,1,0,0,0
2025-04-14 16:00:00+00:00,84101.16,85208.1,83863.63,84923.07,4493.01122,2.428e-05,0.00017667999999999967,0.00055478,-0.5801601926481805,0,0,16580.502,15781.105,799.3970000000008,0.5123510090212764,0.5058878725219572,0.32131871365696174,55.90700000000652,453.85860000000105,598432,1,0,0,0
2025-04-14 20:00:00+00:00,84923.07,84971.7,84424.52,84591.58,1809.85933,2.428e-05,0.00017667999999999967,0.00055478,-0.5801601926481805,0,0,5885.58,6249.919,-364.33899999999994,0.4849887095701627,0.5027717994021279,-0.9251901274431531,104.09000000000742,-56.70539999999892,271807,1,0,0,0
2025-04-15 00:00:00+00:00,84591.58,85415.1,84347.97,85379.96,2777.45814,-2.073e-05,7.481999999999967e-05,0.0004975099999999999,-1.702831839668378,0,0,12551.75,9779.854,2771.8960000000006,0.5620621787848289,0.506100746630843,2.3927204512279414,3206.9540000000015,492.69280000000145,436259,1,0,0,0
2025-04-15 04:00:00+00:00,85379.97,85879.1,85157.6,85716.77,3160.5593,-2.073e-05,7.481999999999967e-05,0.0004975099999999999,-1.702831839668378,0,0,12587.155,11716.107999999998,871.0470000000023,0.5179203714332516,0.5098603424006796,0.39393234389402837,3278.604000000003,749.4066000000021,382833,1,0,0,0
2025-04-15 08:00:00+00:00,85716.77,86000.0,85351.0,85589.23,3075.38498,6.606e-05,6.960999999999967e-05,0.00050717,0.6950273003882622,0,0,13635.864,13730.215000000002,-94.35100000000239,0.4982761322877128,0.5101207048295751,-0.446363963947749,3548.5920000000006,796.7300000000002,429812,1,0,0,0
2025-04-15 12:00:00+00:00,85589.23,86496.42,84623.73,84918.14,6756.03523,6.606e-05,6.960999999999967e-05,0.00050717,0.6950273003882622,0,0,31710.604,33869.427,-2158.823000000004,0.48354054605433167,0.5068046821056913,-1.1041302418091428,-1382.127000000004,205.08599999999933,1035965,1,0,0,0
2025-04-15 16:00:00+00:00,84918.15,85146.55,83921.19,83998.52,2674.08979,6.606e-05,6.960999999999967e-05,0.00050717,0.6950273003882622,0,0,12656.252,13560.708999999999,-904.4569999999985,0.48275053695201364,0.5030500125670255,-1.0775474920407122,-3157.631000000005,97.06239999999961,480414,1,0,0,0
2025-04-15 20:00:00+00:00,83998.51,84235.85,83600.0,83643.99,2467.46784,1.883e-05,6.415999999999966e-05,0.00047212,-0.6325546250076286,0,0,9602.037,9122.206999999999,479.83000000000175,0.5128130673793826,0.5042696588667318,0.2003664225641231,-2583.4500000000007,-361.35080000000016,355898,0,1,0,0
2025-04-16 00:00:00+00:00,83643.99,83960.0,83111.64,83695.66,2463.72865,2.428e-05,0.00010916999999999966,0.00044583000000000003,-0.5093429044115111,0,0,12831.145,12722.322,108.82300000000032,0.5021293196731387,0.5054443967934086,-0.2737396592013657,-315.80399999999645,-513.7956000000006,453171,1,0,0,0
2025-04-16 04:00:00+00:00,83695.66,83814.0,83212.64,83363.17,3071.39491,2.428e-05,0.00010916999999999966,0.00044583000000000003,-0.5093429044115111,0,0,10249.382,10290.008,-40.626000000000204,0.4990110222358113,0.5055842893391911,-0.4216207945168965,548.0270000000019,-503.05060000000014,365667,1,0,0,0
2025-04-16 08:00:00+00:00,83363.17,84127.05,83140.89,84048.11,2832.84259,6.917e-05,0.00011227999999999966,0.00043071000000000006,0.748218368445775,0,0,14399.393,14000.651000000002,398.74199999999837,0.5070200947575997,0.5050511979128233,-0.040177198849410636,466.9389999999985,8.462400000000343,463714,1,0,0,0
2025-04-16 12:00:00+00:00,84048.36,85270.27,83512.2,84846.58,4587.02932,6.917e-05,0.00011227999999999966,0.00043071000000000006,0.748218368445775,0,0,25678.317,25665.483000000004,12.833999999995285,0.5001249810103654,0.5065648250568436,-0.34357563432252164,370.94999999999345,191.9205999999991,807767,1,0,0,0
2025-04-16 16:00:00+00:00,84846.58,85500.0,83275.0,84334.01,6228.17039,1.978e-05,0.00011322999999999967,0.00035407,-0.6892141068250635,0,0,34246.958,34802.276,-555.3179999999993,0.4959788257752432,0.49995648975588497,-0.499428450187205,-143.74200000000565,-15.109000000001107,1114278,1,0,0,0
2025-04-16 20:00:00+00:00,84334.0,84679.53,84024.0,84030.38,1684.07933,1.978e-05,0.00011322999999999967,0.00035407,-0.6892141068250635,0,0,6907.843,7647.64,-739.7970000000005,0.47458699927717957,0.4956231525402778,-1.4044502828813035,-1282.2810000000045,-184.83300000000128,295664,1,0,0,0
2025-04-17 00:00:00+00:00,84030.38,84496.0,83814.48,83994.23,1420.43568,1.978e-05,0.00011322999999999967,0.00035407,-0.6892141068250635,0,0,7770.241,8409.158,-638.9169999999995,0.48025523074126547,0.49382106238563306,-1.1139682802977757,-1934.0319999999992,-304.49120000000113,305107,1,0,0,0
2025-04-17 04:00:00+00:00,83994.23,85053.38,83900.0,84669.98,2038.72764,1.404e-05,0.00010298999999999966,0.00028698000000000005,-0.8121585211512367,0,0,10905.011,9870.908999999998,1034.1020000000026,0.5248870326801413,0.49795571104821407,0.9639853504662734,-344.61199999999735,-177.41920000000027,342968,1,0,0,0
2025-04-17 08:00:00+00:00,84669.98,84764.44,84191.17,84562.0,1333.31709,5.679e-05,9.060999999999965e-05,0.0002725,0.42793828901963704,0,0,7819.633,7305.276,514.357,0.5170036394929715,0.5013810213023099,0.5494476252590065,909.5420000000031,-77.11459999999934,278468,0,1,0,0
2025-04-17 12:00:00+00:00,84562.0,84862.93,83736.26,84531.71,3721.70869,5.679e-05,9.060999999999965e-05,0.0002725,0.42793828901963704,0,0,17692.067,18776.761000000002,-1084.6940000000031,0.48512847739444764,0.49861256230381634,-0.9323450355839057,463.7649999999994,-182.98980000000012,620370,1,0,0,0
2025-04-17 16:00:00+00:00,84531.72,85470.01,84393.59,84849.06,4072.8227,5.679e-05,9.060999999999965e-05,0.0002725,0.42793828901963704,0,0,22927.838,19778.678000000004,3149.159999999996,0.536869783524369,0.5020866086889394,1.5847808218647128,2578.822999999993,594.8015999999992,654480,1,0,0,0
2025-04-17 20:00:00+00:00,84849.05,85140.0,84720.21,84947.91,1141.83592,3.425e-05,0.00010507999999999965,0.00028247000000000005,-0.20778984453487803,0,0,4895.756,4881.866999999999,13.889000000001033,0.5007102441973883,0.502256530885097,-0.20086065378596607,2078.354999999994,725.3627999999993,196842,1,0,0,0
2025-04-18 00:00:00+00:00,84947.92,85132.08,84724.6,84828.0,1247.74402,1.788e-05,0.00010891999999999966,0.00032108,-0.6535142555373024,0,0,4251.505,4079.2660000000005,172.23899999999958,0.510337518580213,0.5025882732673586,0.3039483665197998,3335.287999999997,552.9901999999987,189937,0,1,0,0
2025-04-18 04:00:00+00:00,84827.99,84838.52,84413.23,84654.68,1523.46331,1.788e-05,0.00010891999999999966,0.00032108,-0.6535142555373024,0,0,6286.283,6122.308,163.97500000000036,0.5066073174625548,0.5032365069125774,0.12680751433937776,350.103000000001,482.9137999999988,218811,0,1,0,0
2025-04-18 08:00:00+00:00,84654.68,84764.0,84472.25,84669.11,1166.67376,7.071e-05,0.00012283999999999966,0.00032573000000000004,0.8175223350225352,0,0,4701.362,4198.071999999999,503.2900000000009,0.5282765173605423,0.5064662760711073,1.2663417881570942,839.5040000000008,800.5105999999996,166285,1,0,0,0
2025-04-18 12:00:00+00:00,84669.11,84769.95,84338.0,84374.59,1234.717,7.071e-05,0.00012283999999999966,0.00032573000000000004,0.8175223350225352,0,0,5334.43,6275.511999999999,-941.0819999999985,0.4594708569603535,0.5049546618394247,-2.1706662865186703,-273.8169999999973,-17.537799999999333,195735,1,0,0,0
2025-04-18 16:00:00+00:00,84374.6,84649.99,84303.96,84562.83,718.53494,2.995e-05,0.00011853999999999966,0.00033685000000000003,-0.3355700681356474,0,0,3840.462,4215.4580000000005,-374.99600000000055,0.4767254391801309,0.5046016826833112,-1.2550557566379101,-812.7879999999982,-95.31479999999965,134083,0,1,0,0
2025-04-18 20:00:00+00:00,84562.83,84684.49,84342.15,84474.69,638.83012,2.995e-05,0.00011853999999999966,0.00033685000000000003,-0.3355700681356474,0,0,2992.635,2921.549,71.08600000000024,0.5060097893471018,0.5027139583500073,0.17030286692938024,-1244.9919999999988,-115.54539999999952,121404,0,1,0,0
2025-04-19 00:00:00+00:00,84474.7,84986.76,84364.45,84883.71,1105.44308,2.93e-05,0.00012995999999999966,0.00034187000000000003,-0.30372522629521786,0,0,5693.901,4729.719999999999,964.1810000000005,0.5462498108862553,0.5056385754893358,1.955505882825144,660.2710000000002,44.49580000000051,191621,1,0,0,0
2025-04-19 04:00:00+00:00,84883.72,85300.0,84883.71,85217.39,2259.71458,2.93e-05,0.00012995999999999966,0.00034187000000000003,-0.30372522629521786,0,0,7153.854,6671.066,482.78800000000047,0.5174607881998594,0.5088718065698769,0.6134286857065875,1518.0550000000012,40.39540000000043,231278,1,0,0,0
2025-04-19 08:00:00+00:00,85217.38,85436.72,85115.45,85217.4,1378.37688,6.024e-05,0.00011948999999999964,0.00033294000000000005,0.5598166767520671,0,0,6473.131,6357.853,115.27800000000025,0.5044921730087109,0.505634045518311,0.004734563418844995,1562.2470000000012,251.66740000000019,217583,1,0,0,0
2025-04-19 12:00:00+00:00,85217.4,85677.99,85070.0,85191.19,2584.44918,6.024e-05,0.00011948999999999964,0.00033294000000000005,0.5598166767520671,0,0,7679.078,7546.7429999999995,132.33500000000095,0.5043457426696399,0.5059975953655361,-0.01219945560165481,730.4010000000017,353.13360000000046,252885,0,1,0,0
2025-04-19 16:00:00+00:00,85191.18,85330.06,84694.49,85085.55,1789.11723,-1.953e-05,7.000999999999965e-05,0.00029363,-1.7605192838081047,0,0,7846.199,8615.847999999998,-769.6489999999985,0.47662353290571946,0.5026261967980867,-1.195220831603631,-522.0359999999973,184.98660000000072,276201,1,0,0,0
2025-04-19 20:00:00+00:00,85085.56,85367.93,85015.63,85077.01,549.48058,-1.953e-05,7.000999999999965e-05,0.00029363,-1.7605192838081047,0,0,2258.179,2354.9939999999997,-96.8149999999996,0.4895066801093304,0.5009161330627643,-0.6305256792602221,-734.1289999999972,-27.21259999999929,108816,1,0,0,0
2025-04-20 00:00:00+00:00,85077.0,85320.76,85050.27,85168.81,882.54344,-2.98e-06,3.772999999999964e-05,0.00027661,-1.18347518620579,0,0,2682.799,2791.634,-108.83500000000004,0.4900597011599192,0.49709445144270215,-0.5700546232759766,-975.2989999999982,-145.5371999999994,129963,0,1,0,0
2025-04-20 04:00:00+00:00,85168.82,85248.0,84678.18,84784.01,1167.69622,-2.98e-06,3.772999999999964e-05,0.00027661,-1.18347518620579,0,0,6403.873,8839.892,-2436.0190000000002,0.4200978564022733,0.49315715138689403,-3.2144397703134526,-2641.669,-655.7965999999994,192516,1,0,0,0
2025-04-20 08:00:00+00:00,84784.01,84785.0,83949.52,84129.83,1885.40107,-1.078e-05,-3.3290000000000354e-05,0.00020904000000000002,-1.3832980816561768,0,0,11306.9,12170.775,-863.875,0.48160220294386047,0.493644827763267,-0.645915582867171,-3408.7290000000003,-855.0385999999996,346073,1,0,0,0
2025-04-20 12:00:00+00:00,84129.82,84664.0,84099.3,84344.66,1721.01989,-1.078e-05,-3.3290000000000354e-05,0.00020904000000000002,-1.3832980816561768,0,0,9056.884,8039.300000000001,1017.5839999999989,0.529760559432444,0.4960199047718012,1.237508039470862,-2282.3100000000013,-497.5920000000002,276791,1,0,0,0
2025-04-20 16:00:00+00:00,84344.65,84664.09,84272.74,84651.61,769.05869,-2.258e-05,-3.6340000000000353e-05,0.00015221000000000004,-1.5898202731480569,0,0,4131.029,3141.901999999999,989.1270000000013,0.5680005763838541,0.49819498132156104,2.388935763660878,1142.8360000000002,-280.4036,131068,1,0,0,0
2025-04-20 20:00:00+00:00,84651.61,85298.0,84616.73,85179.24,1665.95794,-2.258e-05,-3.6340000000000353e-05,0.00015221000000000004,-1.5898202731480569,0,0,11382.585,10704.245000000003,678.3399999999965,0.5153562100129352,0.4979845235028687,0.487226783660504,2685.0509999999967,-122.96860000000069,349629,1,0,0,0
2025-04-21 00:00:00+00:00,85179.24,87640.0,85144.76,87205.56,9533.33738,5.232e-05,1.895999999999965e-05,0.00018665,0.5085805219797582,0,0,39235.592,32971.661,6263.930999999997,0.543374666254095,0.501872772827407,1.3953262752123519,7931.397999999995,1617.0213999999987,1049981,1,0,0,0
2025-04-21 04:00:00+00:00,87205.56,87738.0,87038.0,87434.78,2859.73764,5.232e-05,1.895999999999965e-05,0.00018665,0.5085805219797582,0,0,9768.406,10027.821999999998,-259.41599999999744,0.4934478426900317,0.5007829828294463,-0.331645029153882,6682.854999999996,1737.913199999999,350559,0,1,0,0
2025-04-21 08:00:00+00:00,87434.79,87795.26,86644.29,86971.92,3305.90555,5.232e-05,1.895999999999965e-05,0.00018665,0.5085805219797582,0,0,13615.141,15834.808,-2219.6670000000013,0.4623145866907953,0.49935208820795396,-1.317213587192136,3784.847999999998,1090.4629999999993,406233,1,0,0,0
2025-04-21 12:00:00+00:00,86971.92,88465.99,86779.97,88044.8,8328.4863,5.403e-05,8.376999999999965e-05,0.00016997000000000003,0.5089815773572312,0,0,36982.682,35504.041,1478.6410000000033,0.5101993919631324,0.5014213593933341,0.279855628462522,-1000.4419999999955,1188.3657999999996,1061536,1,0,0,0
2025-04-21 16:00:00+00:00,88044.81,88270.88,86389.78,87415.1,5561.20336,5.403e-05,8.376999999999965e-05,0.00016997000000000003,0.5089815773572312,0,0,29269.711,28170.838,1098.8729999999996,0.5095653072535918,0.5033719200027014,0.24329941173347985,357.8470000000016,1272.4724,811210,0,1,0,0
2025-04-21 20:00:00+00:00,87415.09,87625.68,86887.15,87516.23,2184.70239,1.553e-05,0.00012187999999999965,0.00015555,-0.6624684584637125,0,0,13437.651,9251.518000000002,4186.132999999998,0.5922495883388237,0.5205870931963564,2.5638842248575036,6763.647000000001,856.9128000000004,282721,1,0,0,0
2025-04-22 00:00:00+00:00,87516.22,88877.0,87076.03,88157.55,5948.6986,1.553e-05,0.00012187999999999965,0.00015555,-0.6624684584637125,0,0,28419.364,23736.144,4683.220000000001,0.5448966962415551,0.5269165425261259,1.077045189697643,9968.225999999999,1845.44,750578,1,0,0,0
2025-04-22 04:00:00+00:00,88157.55,88486.0,87953.86,88476.83,2721.14964,7.749e-05,0.00014704999999999964,0.00020374000000000002,1.1734218612431369,0,0,9309.077,9390.616,-81.53900000000067,0.4978197770412594,0.5237224642870074,-0.2859396226253193,8787.813999999998,2273.0656000000004,343085,0,1,0,0
2025-04-22 08:00:00+00:00,88476.82,88701.93,88241.33,88614.1,2659.83331,-7.44e-06,8.557999999999967e-05,0.00013606000000000002,-1.2804929227473316,0,0,9200.783,10492.243000000002,-1291.4600000000028,0.46721021949597785,0.5136434285982198,-1.118178007703222,3310.2209999999977,1719.045399999999,326360,0,1,0,0
2025-04-22 12:00:00+00:00,88614.09,91439.46,88482.0,90934.61,15352.18318,-7.44e-06,8.557999999999967e-05,0.00013606000000000002,-1.2804929227473316,0,0,66770.859,57428.398,9342.460999999996,0.5376107765282364,0.5158688852497499,0.8636389469762027,7969.461999999992,3367.762999999998,1632984,1,0,0,0
2025-04-22 16:00:00+00:00,90934.61,91695.0,90624.03,91414.79,6380.71134,-7.045e-05,-4.0000000000034854e-07,8.514000000000004e-05,-2.6225167847145623,0,0,24488.453,25590.932999999997,-1102.479999999996,0.4889926765475919,0.5104306862790996,-0.4925804687545652,6948.520999999997,2310.0403999999994,712783,0,1,0,1
2025-04-22 20:00:00+00:00,91414.78,93888.0,91060.0,93442.99,10810.17098,-7.045e-05,-4.0000000000034854e-07,8.514000000000004e-05,-2.6225167847145623,0,0,39417.014,29761.196999999993,9655.81700000001,0.5697894384692892,0.5180648458570254,1.6909204948204377,17895.79800000001,3304.5598000000014,1064086,1,0,0,1
2025-04-23 00:00:00+00:00,93442.99,93909.05,92580.18,93168.91,5215.33691,-1.389e-05,-9.178000000000036e-05,7.423000000000003e-05,-1.1015302306676362,0,0,16036.568,17903.518000000004,-1866.9500000000044,0.472496386721,0.5190830258600457,-0.93426908705928,6686.38700000001,2947.4776000000006,600529,1,0,0,0
2025-04-23 04:00:00+00:00,93168.91,94264.0,93017.46,94133.82,3753.14233,-1.389e-05,-9.178000000000036e-05,7.423000000000003e-05,-1.1015302306676362,0,0,15837.057,13148.892,2688.165000000001,0.5463701395458883,0.5227001006183214,1.0100934361687213,10477.032000000007,3743.4026000000013,485741,1,0,0,0
2025-04-23 08:00:00+00:00,94133.82,94521.79,93324.45,93466.01,4309.7212,-1.389e-05,-9.178000000000036e-05,7.423000000000003e-05,-1.1015302306676362,0,0,17054.71,18671.124000000003,-1616.4140000000043,0.47737751902446834,0.5194813217954091,-0.773127106434609,-795.1990000000078,1551.6276000000012,536331,1,0,0,0
2025-04-23 12:00:00+00:00,93466.01,94696.05,91935.41,93195.28,8544.8591,1.374e-05,-7.060000000000036e-05,9.875000000000003e-05,-0.36020535286139865,0,0,43169.196,43661.198,-492.00199999999313,0.4971668791460281,0.5099730508761294,-0.2913913159819039,579.7490000000034,1673.7232000000017,1383503,1,0,0,0
2025-04-23 16:00:00+00:00,93195.28,94219.93,92913.04,93497.88,4018.92317,4.587e-05,4.571999999999965e-05,0.00016720000000000005,0.5453691112960296,0,0,16831.228,17123.945000000003,-292.7170000000042,0.49568965529935594,0.5050523467819096,-0.35238228187201365,-2401.1330000000016,-315.98360000000105,624720,0,1,0,0
2025-04-23 20:00:00+00:00,93497.88,93917.53,93238.1,93691.08,1562.18537,4.587e-05,4.571999999999965e-05,0.00016720000000000005,0.5453691112960296,0,0,6577.654,6733.338,-155.6839999999993,0.4941520511769521,0.5046855741954788,-0.38274175788010073,-940.4029999999966,26.26959999999999,269254,0,1,0,0
2025-04-24 00:00:00+00:00,93691.07,93787.65,92650.0,92673.95,2768.12366,-2.671e-05,3.2899999999999655e-05,8.817000000000005e-05,-1.3550908205196561,0,0,9394.57,9911.419000000002,-516.849000000002,0.48661428326722855,0.5066259805726039,-0.5423764884721552,-965.2500000000055,-614.7332000000006,361959,1,0,0,0
2025-04-24 04:00:00+00:00,92673.95,92903.94,92101.63,92203.55,3429.85771,-2.671e-05,3.2899999999999655e-05,8.817000000000005e-05,-1.3550908205196561,0,0,11953.339,12183.098000000002,-229.75900000000183,0.4952404118304619,0.5023889441028264,-0.28248100271859355,-902.2920000000031,-337.4022000000001,400608,1,0,0,0
2025-04-24 08:00:00+00:00,92203.54,92657.69,91660.01,92619.94,3940.58829,-2.671e-05,3.2899999999999655e-05,8.817000000000005e-05,-1.3550908205196561,0,0,15463.267,14678.086,785.1810000000005,0.5130249793365281,0.5047921743817201,0.20327666459613572,38.57299999999668,-81.96560000000136,491786,1,0,0,0
2025-04-24 12:00:00+00:00,92619.94,93450.0,92434.78,93202.51,4447.23602,5.21e-05,7.125999999999965e-05,8.624000000000004e-05,0.8563413475303213,0,0,18209.85,17880.535000000003,329.31499999999505,0.5045623647406365,0.49826946700885477,-0.031724612495230786,884.7369999999937,42.44079999999849,652545,1,0,0,0
2025-04-24 16:00:00+00:00,93202.52,93649.56,92666.62,93556.12,2504.05999,5.21e-05,7.125999999999965e-05,8.624000000000004e-05,0.8563413475303213,0,0,13694.06,12752.148,941.9120000000003,0.5178080729002812,0.5028006356267829,0.3007310846924825,2056.407999999996,261.9599999999984,475811,1,0,0,0
2025-04-24 20:00:00+00:00,93556.12,94005.0,93024.0,93980.47,2407.19504,-2.165e-05,3.7399999999996457e-06,4.9060000000000035e-05,-1.1511312802976619,0,0,11587.314,9385.042,2202.272000000001,0.5525041630992722,0.5034140379821214,1.1885145834247233,3473.498999999996,805.7841999999989,301023,1,0,0,0
2025-04-25 00:00:00+00:00,93980.47,94444.0,92855.96,93311.83,4492.13804,-2.165e-05,3.7399999999996457e-06,4.9060000000000035e-05,-1.1511312802976619,0,0,14952.259,14924.749999999998,27.509000000001834,0.5004603707151543,0.5057223231511899,-0.24961827648097043,3171.693000000003,857.2377999999997,536662,0,1,0,0
2025-04-25 04:00:00+00:00,93311.83,93860.0,93013.56,93772.26,3463.8711,-1.764e-05,1.2809999999999645e-05,-4.606999999999997e-05,-1.046967100462833,0,0,8497.233,8265.937999999998,231.2950000000019,0.5068989035547034,0.5066955255920573,-0.17160581233808284,2461.0760000000046,746.4606,305489,1,0,0,0
2025-04-25 08:00:00+00:00,93772.27,94660.0,93539.82,94635.67,3498.44872,-1.764e-05,1.2809999999999645e-05,-4.606999999999997e-05,-1.046967100462833,0,0,12141.272,12062.93,78.34200000000055,0.5016183553582969,0.5072883955979515,-0.3616588609565299,337.1460000000043,696.2660000000011,378850,1,0,0,0
2025-04-25 12:00:00+00:00,94635.67,95758.04,93929.41,95061.22,10872.54033,1.7e-06,-3.759000000000035e-05,-3.692999999999997e-05,-0.4656112615046245,0,0,37635.136,40631.691000000006,-2996.5550000000076,0.48085680028909306,0.5059588705091655,-0.9539501685118612,-2686.918000000005,-91.42740000000049,1246103,0,1,0,0
2025-04-25 16:00:00+00:00,95061.21,95554.99,94370.35,95291.0,3536.11021,1.7e-06,-3.759000000000035e-05,-3.692999999999997e-05,-0.4656112615046245,0,0,15435.752,15667.375,-231.6229999999996,0.4962765319384125,0.5069250953762839,-0.4214703027364804,-3149.8360000000066,-578.2064000000006,595835,0,1,0,0
2025-04-25 20:00:00+00:00,95291.0,95345.45,94441.61,94638.68,1637.55808,1.2e-06,-1.4740000000000357e-05,3.4720000000000033e-05,-0.4613705570111556,0,0,5670.367,5945.773999999999,-275.40699999999924,0.48814550374345494,0.5062156045675833,-0.6549915049706821,-3503.5850000000064,-638.7896000000007,225632,1,0,0,0
2025-04-26 00:00:00+00:00,94638.68,95199.0,94527.84,94739.99,2542.70188,1.2e-06,-1.4740000000000357e-05,3.4720000000000033e-05,-0.4613705570111556,0,0,6478.348,6613.454,-135.10599999999977,0.49484005334025066,0.5043971119679556,-0.3912693104819195,-642.1359999999986,-712.0698000000011,253075,0,1,0,0
2025-04-26 04:00:00+00:00,94739.99,94830.93,94380.72,94570.31,1410.05819,-0.00010085,-9.795000000000035e-05,-5.223999999999996e-05,-2.7537821171780377,0,0,4798.399,5968.193,-1169.7939999999999,0.4456748244941389,0.4985083579433057,-1.8619619988929117,-1580.3069999999989,-961.6970000000013,210545,1,0,0,1
2025-04-26 08:00:00+00:00,94570.31,94733.54,93990.6,94144.06,1747.48781,-2.774e-05,-0.00012739000000000036,-9.371999999999996e-05,-0.9298129031704017,0,0,8719.478,9148.579000000002,-429.1010000000024,0.48799251088128937,0.4955268017414066,-0.5748915119963983,-1734.001000000002,-448.2062000000002,289950,1,0,0,0
2025-04-26 12:00:00+00:00,94144.07,94394.0,93870.69,94373.24,1638.82978,-2.774e-05,-0.00012739000000000036,-9.371999999999996e-05,-0.9298129031704017,0,0,6761.535,6121.156000000001,640.378999999999,0.5248542404688585,0.4927618094783652,0.5955524886694981,-958.5160000000033,-273.80580000000043,250365,1,0,0,0
2025-04-26 16:00:00+00:00,94373.24,94378.87,94041.0,94307.5,832.25743,-2.774e-05,-0.00012739000000000036,-9.371999999999996e-05,-0.9298129031704017,0,0,3422.07,3224.06,198.01000000000022,0.5148966390967376,0.4942054363165235,0.27007174514166066,409.2879999999968,-179.12240000000057,141529,0,1,0,0
2025-04-26 20:00:00+00:00,94307.51,94888.0,94087.0,94628.0,1243.73366,2.855e-05,-0.00010004000000000036,-0.00011103999999999998,0.4430241841684799,0,0,5691.885,5591.052,100.83300000000054,0.5044683844286288,0.49396238440391615,0.03467636429392901,939.2219999999998,-131.9346000000005,195251,1,0,0,0
2025-04-27 00:00:00+00:00,94628.0,95369.0,94041.6,94156.21,3925.87324,2.855e-05,-0.00010004000000000036,-0.00011103999999999998,0.4430241841684799,0,0,12740.762,12612.088999999998,128.6730000000025,0.5025376435967696,0.4940543132277634,0.01592106059377236,427.51600000000326,127.75879999999998,408586,0,1,0,0
2025-04-27 04:00:00+00:00,94156.22,94288.65,93655.0,94065.98,1858.72082,-1.5e-05,-1.4190000000000366e-05,-9.932999999999997e-05,-0.595418590452921,0,0,6010.622,6209.693,-199.0709999999999,0.49185491536020143,0.4951541247348743,-0.39434468344612683,30.43500000000313,173.76480000000046,240281,1,0,0,0
2025-04-27 08:00:00+00:00,94065.99,94331.85,93883.81,93920.01,1343.02543,-6.6e-06,6.949999999999633e-06,-0.00015802999999999998,-0.347287156643222,0,0,4406.517,4801.885,-395.3680000000004,0.4785322143842113,0.4933796929794541,-0.9471305144366456,-465.7659999999978,-33.38459999999941,175649,1,0,0,0
2025-04-27 12:00:00+00:00,93920.0,94173.91,93602.58,93901.08,1432.64566,-6.6e-06,6.949999999999633e-06,-0.00015802999999999998,-0.347287156643222,0,0,8037.631,7084.128,953.5030000000006,0.5315275160779906,0.49771789421290774,1.184691891128457,359.0640000000003,117.71400000000067,262477,0,1,0,0
2025-04-27 16:00:00+00:00,93901.09,94434.79,93727.08,94433.5,1354.62397,-4.21e-06,-2.5810000000000364e-05,-0.00014058999999999998,-0.25774432313612244,0,0,5614.103,4221.785999999999,1392.317000000001,0.5707773847386851,0.5053116273527511,2.3831290974889234,1950.4520000000011,376.01080000000076,188110,1,0,0,0
2025-04-27 20:00:00+00:00,94433.49,94545.45,93641.7,93749.3,1247.95188,-4.21e-06,-2.5810000000000364e-05,-0.00014058999999999998,-0.25774432313612244,0,0,5243.383,6833.584000000001,-1590.201000000001,0.43416389230839164,0.5041605341341764,-2.3818799079035156,755.6190000000006,32.23600000000006,228481,1,0,0,0
2025-04-28 00:00:00+00:00,93749.29,93987.3,92800.01,93849.93,3829.2548,-4.21e-06,-2.5810000000000364e-05,-0.00014058999999999998,-0.25774432313612244,0,0,17622.386,16620.810000000005,1001.5759999999937,0.5146244526941935,0.5068237283154668,0.47143408600205744,803.6919999999936,272.3653999999988,540975,1,0,0,0
2025-04-28 04:00:00+00:00,93849.93,94800.0,93849.93,94692.49,3173.45503,3.73e-06,-7.080000000000366e-06,-0.00011921999999999997,-0.04722934298387031,0,0,9994.748,9213.097000000002,781.650999999998,0.5203471810606551,0.5063730223746465,0.741161885840701,193.02599999999074,507.7691999999985,334686,1,0,0,0
2025-04-28 08:00:00+00:00,94692.49,95550.0,94339.48,95319.99,4407.81686,3.73e-06,-7.080000000000366e-06,-0.00011921999999999997,-0.04722934298387031,0,0,18296.093,17850.46,445.63300000000163,0.5061642530616959,0.5054997837711424,0.16786715001330596,2228.8599999999933,406.19519999999864,486168,1,0,0,0
2025-04-28 12:00:00+00:00,95319.99,95630.0,93583.9,93833.51,6874.85491,2.46e-06,1.9799999999996346e-06,-0.00011845999999999997,-0.023158501968962082,0,0,29441.752,31054.413999999997,-1612.6619999999966,0.4866713702154282,0.5037200823498222,-0.567050479067014,-385.377999999997,-194.80060000000086,879907,1,0,0,0
2025-04-28 16:00:00+00:00,93833.5,94920.0,93444.0,94787.2,2284.50465,2.46e-06,1.9799999999996346e-06,-0.00011845999999999997,-0.023158501968962082,0,0,14014.392,13643.757000000001,370.6349999999984,0.5067002856915696,0.5041363465593023,0.18693976259011882,-796.3939999999966,197.366599999999,430490,1,0,0,0
2025-04-28 20:00:00+00:00,94786.73,95180.0,94305.95,95011.18,1587.64726,-5.821e-05,-5.2020000000000366e-05,-0.00017786999999999998,-1.4950614804416975,0,0,8367.856,8300.951000000001,66.90499999999884,0.502006892274894,0.5051515442507715,-0.0031226133171200023,-1175.1219999999994,10.432400000000053,254036,1,0,0,0
2025-04-29 00:00:00+00:00,95011.18,95461.53,94443.7,94658.76,2355.42851,-7.73e-06,-6.348000000000036e-05,-8.474999999999997e-05,-0.17752943160218113,0,0,17862.164,14673.595999999998,3188.568000000003,0.5490009761566965,0.51219842042802,1.647190809573046,3626.108,491.81580000000105,467048,0,1,0,0
2025-04-29 04:00:00+00:00,94658.75,94960.0,94200.0,94917.61,3096.90198,-7.73e-06,-6.348000000000036e-05,-8.474999999999997e-05,-0.17752943160218113,0,0,9628.386,8319.426999999998,1308.9590000000026,0.5364656964054618,0.5126922384607672,1.1129072918449392,4564.432000000004,664.4810000000012,311320,1,0,0,0
2025-04-29 08:00:00+00:00,94917.61,95285.71,94743.01,95129.74,2370.90825,4.13e-06,-6.181000000000037e-05,-5.287999999999997e-05,0.1841607240892601,0,0,7803.713,9458.095000000001,-1654.3820000000014,0.4520797010371103,0.5008224700906097,-1.7492550614921074,2843.145000000004,656.1370000000003,310271,0,1,0,0
2025-04-29 12:00:00+00:00,95129.74,95300.0,94531.85,94843.1,2872.24836,4.13e-06,-6.181000000000037e-05,-5.287999999999997e-05,0.1841607240892601,0,0,12658.247,12608.749,49.49799999999959,0.5009794991062649,0.5075040307703971,-0.08201084633526973,-295.9249999999993,591.9096000000005,471102,0,1,0,0
2025-04-29 16:00:00+00:00,94843.1,95459.99,94658.99,95300.79,3091.57412,4.13e-06,-6.181000000000037e-05,-5.287999999999997e-05,0.1841607240892601,0,0,12752.34,12662.184000000001,90.15599999999904,0.5017737101824138,0.506218956519219,-0.03698200409725685,-1514.7280000000028,596.5598000000006,436792,1,0,0,0
2025-04-29 20:00:00+00:00,95300.79,95408.0,93742.54,94256.82,3168.27898,1.305e-05,9.449999999999633e-06,-6.837999999999997e-05,0.39559668217865307,0,0,13765.322,15639.571,-1874.2489999999998,0.46813032103194524,0.500997270516348,-1.1243589217655257,-1734.5950000000012,-416.0036,484579,1,0,0,0
2025-04-30 00:00:00+00:00,94256.82,95111.01,94136.48,95032.84,1764.9576,1.305e-05,9.449999999999633e-06,-6.837999999999997e-05,0.39559668217865307,0,0,9573.642,8523.683,1049.958999999999,0.5290086794595333,0.5032817131561318,0.9702253050465907,-734.1340000000018,-467.80360000000076,311088,1,0,0,0
2025-04-30 04:00:00+00:00,95032.84,95180.0,94500.0,94620.99,1847.65644,-5.181e-05,-3.4630000000000365e-05,-0.00010518999999999997,-1.2714138546994505,0,0,7047.53,8025.642000000001,-978.112000000001,0.46755453994686713,0.5013700301292757,-1.0897882077914351,-1802.4020000000019,-332.5496000000006,244672,1,0,0,0
2025-04-30 08:00:00+00:00,94620.99,95228.45,94527.58,95176.66,1661.24557,2.939e-05,-9.370000000000366e-06,-6.919999999999997e-05,0.8102855079809056,0,0,8144.214,6521.235000000001,1622.9789999999994,0.555333423477181,0.5062333439078368,1.7270256692418928,1694.8259999999973,-17.853400000000693,217957,1,0,0,0
2025-04-30 12:00:00+00:00,95176.66,95214.9,92910.0,94004.63,8257.162,2.939e-05,-9.370000000000366e-06,-6.919999999999997e-05,0.8102855079809056,0,0,39461.164,42126.49,-2665.326000000001,0.4836658742510233,0.5043992421054497,-0.5751606225512493,-2020.4590000000026,-568.9498000000007,1087410,1,0,0,0
2025-04-30 16:00:00+00:00,94004.63,94500.0,93528.71,94152.01,2035.58804,2.939e-05,-9.370000000000366e-06,-6.919999999999997e-05,0.8102855079809056,0,0,11572.025,10791.307999999999,780.7170000000006,0.5174552916597898,0.5012446736557591,0.4859209960661937,-261.630000000001,-37.95660000000062,397222,1,0,0,0
2025-04-30 20:00:00+00:00,94152.01,94784.1,94005.0,94172.0,2094.66545,-3.797e-05,-6.039000000000036e-05,-0.00010295999999999998,-0.9113104678833047,0,0,10119.942,9022.435000000001,1097.5069999999978,0.528666946638863,0.5004647986790991,0.7953652912679776,-787.1020000000026,-28.447000000000845,329704,1,0,0,0
2025-05-01 00:00:00+00:00,94172.0,95040.3,94130.43,94782.6,2877.4378,3.519e-05,2.660999999999964e-05,-7.149999999999996e-05,0.996917079967743,0,0,10563.21,8799.981,1763.2289999999994,0.5455304345239377,0.5098098720277819,1.2433162575597867,3641.4529999999977,519.8211999999992,283014,1,0,0,0
2025-05-01 04:00:00+00:00,94782.6,95180.0,94714.38,95025.84,1880.34885,3.519e-05,2.660999999999964e-05,-7.149999999999996e-05,0.996917079967743,0,0,8526.1,7816.7080000000005,709.3919999999998,0.5217034918356748,0.511882271300723,0.45523902542070815,3570.127999999997,337.1037999999993,243445,1,0,0,0
2025-05-01 08:00:00+00:00,95025.84,96396.31,94913.04,96180.01,4237.08588,5.755e-05,5.476999999999964e-05,-1.640999999999996e-05,1.5700636896817828,0,0,23035.707,18726.386000000002,4309.320999999996,0.5515936904790667,0.5168642693303882,1.3337807470772431,6781.9419999999955,1732.0331999999987,600583,1,0,0,0
2025-05-01 12:00:00+00:00,96180.01,97424.02,95769.66,96854.3,7399.49215,5.755e-05,5.476999999999964e-05,-1.640999999999996e-05,1.5700636896817828,0,0,32009.115,30724.175,1284.9400000000023,0.5102412929403193,0.5210753665212257,0.02443274935828159,6303.652999999998,1832.877799999999,952828,1,0,0,0
2025-05-01 16:00:00+00:00,96854.31,97367.26,96424.44,96523.26,3200.80242,5.755e-05,5.476999999999964e-05,-1.640999999999996e-05,1.5700636896817828,0,0,14693.423,14206.01,487.41300000000047,0.5084329163136176,0.519017790206634,-0.02683118939611686,6081.673999999999,1710.8589999999997,462351,0,1,0,0
2025-05-01 20:00:00+00:00,96523.26,96885.77,96184.19,96489.91,1785.28633,-8.028e-05,1.2459999999999633e-05,-3.8479999999999964e-05,-1.8184711337468589,0,0,7697.865,7728.075000000001,-30.210000000000946,0.49902080521511166,0.5221644167334585,-0.3234987897527948,1742.1430000000018,1352.1711999999995,283147,1,0,0,0
2025-05-02 00:00:00+00:00,96489.9,97233.1,96466.21,97102.32,2134.18118,-0.00012232,-0.00014505000000000035,-0.00015306999999999997,-2.551511514388253,0,0,9011.213,8188.805,822.4079999999994,0.5239071842831792,0.5190217928140584,0.4522528878422183,1279.610999999999,1374.7743999999996,329416,1,0,0,1
2025-05-02 04:00:00+00:00,97102.32,97309.78,96350.0,96350.0,2432.89056,-0.00012232,-0.00014505000000000035,-0.00015306999999999997,-2.551511514388253,0,0,8179.636,11162.006,-2982.369999999999,0.4229028745336099,0.5129454928423169,-2.4247536333286774,-2190.1720000000005,-83.56379999999953,307796,1,0,0,1
2025-05-02 08:00:00+00:00,96350.01,97100.0,96350.0,96928.97,1860.2708,-9.382e-05,-0.0002964200000000004,-0.00025101999999999996,-1.7223649058284187,0,0,7846.745,6939.5289999999995,907.2160000000003,0.5306776406280582,0.5142677277391438,0.6179950722246474,-1252.7459999999992,-159.10859999999994,257905,1,0,0,0
2025-05-02 12:00:00+00:00,96928.97,97895.68,96650.94,97330.19,5047.18173,-9.382e-05,-0.0002964200000000004,-0.00025101999999999996,-1.7223649058284187,0,0,26559.521,27669.209000000003,-1109.688000000002,0.48976844930722147,0.5103778780059797,-0.5223461696774129,-3184.8420000000006,-478.5288000000004,747557,0,1,0,0
2025-05-02 16:00:00+00:00,97330.19,97783.02,96769.84,96924.23,2332.70775,-9.382e-05,-0.0002964200000000004,-0.00025101999999999996,-1.7223649058284187,0,0,11747.314,11557.171,190.14300000000003,0.5040795366213843,0.5062327882157243,-0.04744789441586097,-12.329000000001543,-434.4582000000002,409640,0,1,0,0
2025-05-02 20:00:00+00:00,96924.23,97136.0,96561.57,96887.14,1098.51609,-8.689e-05,-0.0003030300000000004,-0.00035096,-1.5314761919203979,0,0,5389.973,4946.404,443.5689999999995,0.5214566960938054,0.5062081086415373,0.43565447032181165,-475.9760000000024,-510.2260000000002,187933,0,1,0,0
2025-05-03 00:00:00+00:00,96887.13,96935.67,96300.02,96337.5,2058.72462,-5.953e-05,-0.0002402400000000004,-0.00035868,-0.8932168225377416,0,0,6111.999,6676.795,-564.7960000000003,0.4779183244330935,0.4988405720369401,-0.9744120381745175,68.91599999999926,-26.711200000000463,213964,1,0,0,0
2025-05-03 04:00:00+00:00,96337.5,96593.0,96132.67,96322.68,1508.87428,-5.953e-05,-0.0002402400000000004,-0.00035868,-0.8932168225377416,0,0,5621.007,5188.141,432.866,0.5200231322579726,0.4998187559687054,0.42199717094031247,311.6389999999992,-121.58120000000054,193385,0,1,0,0
2025-05-03 08:00:00+00:00,96322.68,96421.91,95852.29,95942.02,2622.43769,3.198e-05,-0.0001144400000000004,-0.00035609,1.0349167118981044,0,0,7329.177,8583.808,-1254.6310000000012,0.4605783892839715,0.4950333032657407,-1.442180284958097,-1386.5610000000015,-150.56980000000038,246634,1,0,0,0
2025-05-03 12:00:00+00:00,95942.01,96509.44,95880.65,96418.68,1447.96366,3.198e-05,-0.0001144400000000004,-0.00035609,1.0349167118981044,0,0,5872.605,5702.154,170.4509999999991,0.5073630474725218,0.4958675274914818,0.028770927832595605,-651.3140000000021,-154.50820000000058,198205,1,0,0,0
2025-05-03 16:00:00+00:00,96418.68,96428.33,95869.68,96354.34,899.94616,-1.483e-05,-4.238000000000038e-05,-0.00033295,0.09288253987621932,0,0,4926.958,5208.079000000001,-281.121000000001,0.4861312297133202,0.4920899320344959,-0.6267426280294179,-1365.3010000000031,-299.44620000000066,195442,1,0,0,0
2025-05-03 20:00:00+00:00,96354.34,96441.49,95753.01,95856.42,1185.40197,-1.483e-05,-4.238000000000038e-05,-0.00033295,0.09288253987621932,0,0,4498.832,5701.0740000000005,-1202.2420000000002,0.44106602551043117,0.49390624713217807,-1.8708079759215117,-1312.912000000002,-426.93540000000064,159494,1,0,0,0
2025-05-04 00:00:00+00:00,95856.42,96304.48,95588.0,95722.23,1523.29654,-1.483e-05,-4.238000000000038e-05,-0.00033295,0.09288253987621932,0,0,7588.635,7065.742,522.893,0.5178408471407553,0.4926225677834477,0.4651699927833202,-960.4700000000012,-408.93000000000063,286812,0,1,0,0
2025-05-04 04:00:00+00:00,95722.22,96142.86,95692.7,95879.99,1780.05807,3.7e-06,2.0849999999999622e-05,-0.00036444,0.4729543818508477,0,0,5423.181,4371.201,1051.9799999999996,0.5537032351811477,0.49901604637084035,1.5147398498094298,372.6309999999994,52.392199999999505,187513,1,0,0,0
2025-05-04 08:00:00+00:00,95879.99,95923.54,95286.78,95423.2,2146.9622,3.7e-06,2.0849999999999622e-05,-0.00036444,0.4729543818508477,0,0,7842.83,9290.862,-1448.0319999999992,0.4577431414081682,0.49438240684951873,-1.3858713839585088,126.84100000000035,-271.30440000000016,279893,1,0,0,0
2025-05-04 12:00:00+00:00,95423.19,95690.48,95209.07,95467.6,1981.94879,3.229e-05,2.1159999999999618e-05,-0.0003897,1.130467546354888,0,0,7041.081,6311.343000000001,729.7379999999994,0.5273260495622367,0.49496934219636185,0.6903024484274825,333.6859999999997,-69.1326000000001,215220,1,0,0,0
2025-05-04 16:00:00+00:00,95467.6,95640.98,95239.33,95584.07,863.77274,3.229e-05,2.1159999999999618e-05,-0.0003897,1.130467546354888,0,0,4884.649,4530.9039999999995,353.7450000000008,0.5187851419879428,0.4990560239518468,0.41538088155407615,-364.54899999999907,242.0648000000001,156908,1,0,0,0
2025-05-04 20:00:00+00:00,95584.07,95758.08,94151.38,94277.62,2740.34508,3.745e-05,7.343999999999962e-05,-0.00027196999999999996,1.1714559338660746,0,0,13279.144,16631.305,-3352.161,0.443963378817884,0.491450048607838,-1.7401071074130825,-2268.678,-532.9459999999999,423834,1,0,0,0
2025-05-05 00:00:00+00:00,94277.61,94808.4,93514.1,94031.47,4140.14024,-2.404e-05,4.569999999999961e-05,-0.00017368999999999997,-0.15243386454337174,0,0,16666.644,18503.35,-1836.7059999999983,0.4738881672825989,0.49278102640770066,-0.8189925401597784,-4835.121999999998,-1110.6831999999995,528030,1,0,0,0
2025-05-05 04:00:00+00:00,94031.47,94825.46,94020.66,94761.91,2335.74375,-2.404e-05,4.569999999999961e-05,-0.00017368999999999997,-0.15243386454337174,0,0,9320.643,9564.34,-243.69700000000012,0.49354786287072644,0.4913995079475212,-0.28152382566173956,-5432.5639999999985,-869.8161999999996,272539,0,1,0,0
2025-05-05 08:00:00+00:00,94761.91,94798.01,93888.0,94038.18,2541.09717,3.636e-05,4.976999999999962e-05,-4.3509999999999975e-05,1.1054661276094424,0,0,8951.419,9083.747000000001,-132.32800000000134,0.4963313894643387,0.492419523922623,-0.14844857607470854,-2212.7309999999998,-1042.2293999999997,274155,1,0,0,0
2025-05-05 12:00:00+00:00,94038.19,94531.74,93613.66,93770.31,4184.72517,3.636e-05,4.976999999999962e-05,-4.3509999999999975e-05,1.1054661276094424,0,0,19027.856,18396.278,631.5780000000013,0.5084381110862846,0.4991567324802083,0.19802716957958033,255.55299999999988,-986.6627999999997,569151,0,1,0,0
2025-05-05 16:00:00+00:00,93770.32,94900.0,93759.63,94347.17,2339.27872,3.636e-05,4.976999999999962e-05,-4.3509999999999975e-05,1.1054661276094424,0,0,12828.72,11189.550000000001,1639.1699999999983,0.534123398562844,0.5007849876224173,0.9591256028485297,2138.4199999999983,11.603399999999965,376910,1,0,0,0
2025-05-05 20:00:00+00:00,94347.16,95199.0,93876.0,94733.68,1710.19684,-2.247e-05,-1.0150000000000382e-05,2.091000000000003e-05,-0.12426638928092149,0,0,11824.341,9545.487000000001,2278.8539999999994,0.5533194277464469,0.5007466068789471,1.4740867442743328,4549.601999999999,834.7153999999995,343364,1,0,0,0
2025-05-06 00:00:00+00:00,94733.68,94926.99,94012.78,94454.01,1586.4337,-2.247e-05,-1.0150000000000382e-05,2.091000000000003e-05,-0.12426638928092149,0,0,7815.312,8185.085999999999,-369.77399999999943,0.4884448499343579,0.5038167777315661,-0.39466842969479327,3548.249999999998,809.4999999999997,298320,1,0,0,0
2025-05-06 04:00:00+00:00,94454.01,94638.01,94308.63,94400.99,1310.52658,1.978e-05,3.3669999999999615e-05,0.00010022000000000004,0.7232432253906718,0,0,4600.044,4262.289000000001,337.7549999999992,0.5190556482136249,0.502989737596705,0.5358561465691537,2246.834999999999,903.5165999999997,171851,0,1,0,0
2025-05-06 08:00:00+00:00,94400.98,94400.99,93720.63,93812.54,2666.58253,1.978e-05,3.3669999999999615e-05,0.00010022000000000004,0.7232432253906718,0,0,10517.615,13182.204,-2664.589,0.44378461286982823,0.49548968468489346,-1.6276753171594316,-2696.608,244.28319999999948,318920,1,0,0,0
2025-05-06 12:00:00+00:00,93812.53,94733.38,93377.0,94558.95,3922.63869,4.44e-05,4.1709999999999626e-05,0.00011264000000000003,1.190722982099847,0,0,24472.328,24159.669,312.65899999999965,0.503214540007477,0.5014148008038527,0.17070986051743695,-2014.175000000001,-21.019000000000233,658481,1,0,0,0
2025-05-06 16:00:00+00:00,94558.94,95157.0,94216.0,94963.5,2336.80706,7.57e-06,7.174999999999962e-05,0.00013504000000000004,0.40665997077256877,0,0,13392.275,13835.24,-442.96500000000015,0.4918654897444736,0.5032125330500402,-0.1555458050802812,-2794.8950000000004,-565.3828000000001,426969,0,1,0,0
2025-05-06 20:00:00+00:00,94963.5,96920.65,94452.75,96834.02,4299.65657,7.57e-06,7.174999999999962e-05,0.00013504000000000004,0.40665997077256877,0,0,26436.543,22824.461,3612.082000000002,0.5366626916495653,0.5075240159279241,1.1343523572914413,3481.7760000000017,230.98840000000018,682297,1,0,0,0
2025-05-07 00:00:00+00:00,96834.02,97732.0,96208.1,96506.9,5180.41253,7.57e-06,7.174999999999962e-05,0.00013504000000000004,0.40665997077256877,0,0,25639.461,23612.782000000003,2026.6789999999964,0.52057448429303,0.5099483254107933,0.6639715608176224,5195.7959999999985,568.7731999999996,687987,0,1,0,0
2025-05-07 04:00:00+00:00,96506.9,97013.53,96310.89,96994.82,2170.95622,1.218e-05,6.414999999999963e-05,0.00014352,0.48626684490935285,0,0,7888.797,7225.737,663.0599999999995,0.5219345168034952,0.5112979659825143,0.6633220959446726,6301.820999999998,1234.3029999999994,241319,1,0,0,0
2025-05-07 08:00:00+00:00,96994.82,97111.0,96833.33,97047.43,1298.75814,-2.5e-07,1.949999999999962e-05,0.00011098000000000003,0.2087648530157253,0,0,7012.378,7356.296000000001,-343.9180000000015,0.48803236819208223,0.5066888629454381,-0.39390939355361637,2345.8209999999945,1102.9875999999992,214843,0,1,0,0
2025-05-07 12:00:00+00:00,97047.43,97478.27,96713.14,96923.91,2791.58426,-2.5e-07,1.949999999999962e-05,0.00011098000000000003,0.2087648530157253,0,0,16630.779,18326.204,-1695.425000000003,0.4757498380223487,0.4989319039730282,-0.7749136790924465,-1376.283000000005,852.4955999999987,501189,1,0,0,0
2025-05-07 16:00:00+00:00,96923.91,96961.04,95784.61,96180.01,3605.87038,-2.5e-07,1.949999999999962e-05,0.00011098000000000003,0.2087648530157253,0,0,23411.221,25018.018,-1606.7969999999987,0.48341087911788166,0.49842850689138063,-0.5011479506261257,-3646.140000000003,-191.28020000000143,746850,1,0,0,0
2025-05-07 20:00:00+00:00,96180.0,97390.0,96076.92,97030.5,1597.25701,1.32e-05,2.5129999999999622e-05,8.673000000000003e-05,0.4889671002540224,0,0,11857.028,11288.441,568.5869999999995,0.5122829008131138,0.4977512321513295,0.44706992925807665,-2733.635000000002,-482.8986000000008,347100,1,0,0,0
2025-05-08 00:00:00+00:00,97030.5,99222.22,96876.29,99152.79,6410.02899,2.318e-05,3.612999999999962e-05,0.00013395000000000003,0.6878524447123701,0,0,33802.49,26815.233,6987.256999999998,0.5576337798105679,0.5091361488454036,1.7498558247805194,5949.046999999999,781.9407999999988,853862,1,0,0,0
2025-05-08 04:00:00+00:00,99152.79,99419.0,98723.25,99252.34,4129.30669,2.318e-05,3.612999999999962e-05,0.00013395000000000003,0.6878524447123701,0,0,16322.236,16623.321999999996,-301.0859999999957,0.4954305524283426,0.5083577500874902,-0.15527515827906752,7254.758000000002,790.5072,465220,0,1,0,0
2025-05-08 08:00:00+00:00,99252.34,99888.0,99209.04,99409.14,3702.67483,2.318e-05,3.612999999999962e-05,0.00013395000000000003,0.6878524447123701,0,0,15499.614,16217.884,-718.2700000000004,0.48867707030359075,0.5080389081434018,-0.40535806934939267,5967.901000000002,985.9382000000005,409400,0,1,0,0
2025-05-08 12:00:00+00:00,99409.15,101525.03,99090.66,100758.08,7963.43171,4.608e-05,8.245999999999963e-05,0.00014367000000000004,1.1275665342497072,0,0,43087.082,39992.916999999994,3094.165000000008,0.5186215998871161,0.506234798967157,0.5384364856578812,2074.809000000012,1926.1306000000018,1023790,1,0,0,0
2025-05-08 16:00:00+00:00,100758.08,101707.02,100596.0,101299.99,5099.76086,4.608e-05,8.245999999999963e-05,0.00014367000000000004,1.1275665342497072,0,0,22622.673,22224.452,398.22099999999773,0.5044397606312556,0.5046213266009795,0.06750955919970086,2774.1160000000054,1892.0574000000015,674804,1,0,0,0
2025-05-08 20:00:00+00:00,101300.0,104145.76,101285.71,103261.6,7656.82539,5.728e-05,0.00012653999999999964,0.00022342000000000003,1.2727789135128802,0,0,35720.394,28494.172,7226.222000000002,0.556266221592154,0.5080544970798454,1.640493035983739,10718.608000000007,1939.8504000000023,1018914,1,0,0,0
2025-05-09 00:00:00+00:00,103261.61,103268.44,102364.0,102451.04,3733.8534,5.728e-05,0.00012653999999999964,0.00022342000000000003,1.2727789135128802,0,0,11747.452,12596.549,-849.0970000000016,0.4825604468221965,0.5075073049428568,-0.729511520566604,6775.345999999998,1830.2482000000011,473768,1,0,0,0
2025-05-09 04:00:00+00:00,102451.04,104361.3,102374.03,103628.77,5971.49947,0.0001,0.00020335999999999963,0.00030364000000000004,1.9488751267014874,0,0,16381.641,14713.991000000002,1667.6499999999978,0.526814859398902,0.5126138070805121,0.7660638434694846,8044.774999999998,2307.4322000000006,516082,1,0,0,0
2025-05-09 08:00:00+00:00,103628.76,103930.0,102421.0,102958.31,8403.08937,0.0001,0.00020335999999999963,0.00030364000000000004,1.9488751267014874,0,0,22321.671,24100.433,-1778.7620000000024,0.4808414327795224,0.5123568624466762,-0.8373159980206833,-960.2090000000062,1332.8467999999987,824307,1,0,0,0
2025-05-09 12:00:00+00:00,102958.31,103793.66,102411.99,102895.99,5841.22214,0.0001,0.00025727999999999965,0.00035924000000000004,1.777117943319399,0,0,18648.749,20034.111,-1385.362000000001,0.4820933353945391,0.5093379059048188,-0.7419789976342915,-1496.4740000000056,976.1301999999989,745155,1,0,0,0
2025-05-09 16:00:00+00:00,102895.99,103370.54,102315.14,103189.17,2349.89886,4.378e-05,0.00024377999999999965,0.00039545000000000004,0.7161572297547447,0,0,11670.022,11754.015,-83.99299999999857,0.49820711946450563,0.5033952398702125,-0.15658117004708708,-3248.117000000002,-485.91280000000114,432622,0,1,0,0
2025-05-09 20:00:00+00:00,103189.17,103408.0,102727.25,102971.99,1317.83583,4.378e-05,0.00024377999999999965,0.00039545000000000004,0.7161572297547447,0,0,4193.98,4721.308000000001,-527.3280000000013,0.47042563291281214,0.5008947479186594,-1.2262800600190236,-1996.683000000001,-421.5590000000011,188847,1,0,0,0
2025-05-10 00:00:00+00:00,102971.99,103265.82,102818.76,103226.24,1788.89448,4.378e-05,0.00024377999999999965,0.00039545000000000004,0.7161572297547447,0,0,4353.507,4683.224,-329.71700000000055,0.48175684326555696,0.5002027252148561,-0.8245408343215473,-941.0380000000005,-821.0324000000007,201357,0,1,0,0
2025-05-10 04:00:00+00:00,103226.25,104100.0,103034.5,103759.71,2472.72488,9.657e-05,0.00024034999999999964,0.00047984000000000004,1.5499910881188779,0,0,9746.173,8387.938,1358.2350000000006,0.5374497266505096,0.5020855378911954,1.1753867535882017,501.1899999999987,-193.63300000000018,338250,1,0,0,0
2025-05-10 08:00:00+00:00,103759.71,104079.37,103366.0,103434.94,2876.2662,0.0001,0.00024034999999999964,0.0005800900000000001,1.5075723984026206,0,0,7638.274,10891.636999999999,-3253.3629999999985,0.4122132049096188,0.49286288231903175,-2.803286839237163,-2224.8449999999984,-567.2331999999997,382250,1,0,0,0
2025-05-10 12:00:00+00:00,103434.94,103825.4,103100.0,103138.77,1933.54411,0.0001,0.00024034999999999964,0.0005800900000000001,1.5075723984026206,0,0,6728.919,6878.342000000001,-149.42300000000068,0.4945094387474452,0.4866872040345608,-0.23295745425784523,-2044.5509999999986,-580.3192000000001,252474,1,0,0,0
2025-05-10 16:00:00+00:00,103138.76,103619.68,103005.33,103191.35,2330.41287,0.0001,0.00024034999999999964,0.0005800900000000001,1.5075723984026206,0,0,7544.604,7203.197999999999,341.40600000000086,0.5115748095885746,0.48958864031119864,0.32539114381771345,-3061.3799999999983,-406.5723999999997,293524,1,0,0,0
2025-05-10 20:00:00+00:00,103191.35,104984.57,103068.87,104809.53,3922.94357,4.257e-05,0.00023913999999999964,0.00060946,0.4835292188343618,0,0,17264.638,13064.083000000002,4200.554999999997,0.5692504474554004,0.4938321991168485,2.0620376623298156,4392.537999999997,499.4819999999998,511498,1,0,0,0
2025-05-11 00:00:00+00:00,104809.53,104972.0,103466.05,104007.03,3855.57081,0.0001,0.00024256999999999962,0.00068628,1.390210115680021,0,0,11941.805,15335.022,-3393.2170000000006,0.4378003717221215,0.4895280930111084,-1.796820427617259,1148.743999999997,-450.80840000000046,563566,1,0,0,0
2025-05-11 04:00:00+00:00,104007.03,104400.0,103345.06,103385.47,2952.77072,0.0001,0.00024256999999999962,0.00068628,1.390210115680021,0,0,8935.621,10043.064000000002,-1107.443000000003,0.4708240323288994,0.4884011627045444,-0.7932972527896431,-300.10500000000684,-21.624400000001334,343670,1,0,0,0
2025-05-11 08:00:00+00:00,103385.46,104777.0,103380.95,104652.01,2472.65506,0.0001,0.00024256999999999962,0.00068628,1.390210115680021,0,0,12848.729,11196.553,1652.1759999999995,0.5343555130690503,0.49201600206499896,0.9690116027023011,-2848.484000000004,338.6953999999987,376181,1,0,0,0
2025-05-11 12:00:00+00:00,104652.01,104888.0,103775.91,104150.0,4500.51294,4.15e-05,0.00018406999999999964,0.0006817,0.42480345768005234,0,0,14740.78,16172.182999999999,-1431.4029999999984,0.476847851821904,0.4926582239559081,-0.6958927617590605,-886.6700000000019,-15.866400000001159,525883,1,0,0,0
2025-05-11 16:00:00+00:00,104150.0,104832.82,103750.0,104420.0,2312.17239,4.15e-05,0.00018406999999999964,0.0006817,0.42480345768005234,0,0,10055.324,10666.302,-610.9779999999992,0.4852574793117104,0.4930082875605234,-0.44241455459486134,-390.2049999999981,-978.1730000000003,397454,0,1,0,0
2025-05-11 20:00:00+00:00,104420.0,104578.62,103569.77,104118.0,1893.44005,0.0001,0.0002414999999999996,0.00072442,1.3273491631383347,0,0,8593.379,8607.659,-14.279999999998836,0.49958490877120326,0.4892218057725928,0.012038964560067601,-2056.6609999999964,-302.38559999999995,345951,1,0,0,0
2025-05-12 00:00:00+00:00,104118.0,105086.42,103702.15,104100.13,4046.32885,0.0001,0.0002414999999999996,0.00072442,1.3273491631383347,0,0,15106.132,15316.678000000002,-210.5460000000021,0.4965396687551215,0.497654452157143,-0.055199349030479704,-835.8040000000001,-123.00619999999981,556773,1,0,0,0
2025-05-12 04:00:00+00:00,104100.13,105819.45,103750.0,104467.99,6956.58682,4.454e-05,0.00018603999999999962,0.00066896,0.3229874274613121,0,0,26896.807,25255.422,1641.385000000002,0.5157364798348313,0.49977715626588176,0.5290290391568065,1416.559000000001,-125.16439999999929,787766,1,0,0,0
2025-05-12 08:00:00+00:00,104467.99,104736.45,103625.0,103762.9,4195.60245,0.0001,0.0002445399999999996,0.00066896,1.3633036179784683,0,0,12952.966,14683.344000000001,-1730.3780000000006,0.46869375832012306,0.49548905113903646,-0.8584605287668553,-299.53900000000067,-184.95939999999973,502178,1,0,0,0
2025-05-12 12:00:00+00:00,103762.89,104629.96,102388.0,102527.26,7882.24448,0.0001,0.0002445399999999996,0.00066896,1.3633036179784683,0,0,33742.701,36413.14,-2670.4389999999985,0.48096780708537157,0.4866607871020336,-0.49975402811383396,-2759.431999999997,-596.8515999999996,1082516,1,0,0,0
2025-05-12 16:00:00+00:00,102527.27,103088.88,100718.37,101860.0,6054.64243,2.301e-05,0.00016754999999999963,0.00064819,-0.34912360021175326,0,0,26263.543,29584.064000000002,-3320.5210000000006,0.47027159104596905,0.4899079090344184,-0.799463061803182,-7721.338,-1258.0998,868090,1,0,0,0
2025-05-12 20:00:00+00:00,101859.99,103127.92,101770.2,102791.32,2137.37289,2.301e-05,0.00016754999999999963,0.00064819,-0.34912360021175326,0,0,10404.486,9923.415999999997,481.07000000000335,0.5118327508662724,0.49400878088815575,0.43201663444156685,-5509.889999999996,-1119.7765999999988,374280,1,0,0,0
2025-05-13 00:00:00+00:00,102791.32,102791.32,101429.7,101719.4,3352.34144,6.847e-05,0.00019147999999999962,0.00062009,0.6798506064681472,0,0,13147.773,12464.148,683.625,0.5133458361049918,0.4919078131917499,0.5501015566443126,-2155.8259999999973,-1311.3285999999994,558447,0,1,0,0
2025-05-13 04:00:00+00:00,101719.4,102943.28,101610.56,102665.5,3546.89229,6.847e-05,0.00019147999999999962,0.00062009,0.6798506064681472,0,0,9111.847,9346.312,-234.46500000000015,0.49364874362605715,0.4935879023721651,-0.06463459787848654,930.2300000000032,-1012.1459999999992,346614,0,1,0,0
2025-05-13 08:00:00+00:00,102665.5,103822.03,102540.18,103729.2,2797.46591,6.847e-05,0.00019147999999999962,0.00062009,0.6798506064681472,0,0,11242.618,11444.355000000001,-201.737000000001,0.49555390223279233,0.4946175446642734,-0.012185378102396782,247.42299999999886,-518.4055999999997,388530,0,1,0,0
2025-05-13 12:00:00+00:00,103729.2,103966.0,102811.32,103682.55,4451.38278,0.0001,0.00019147999999999962,0.00062009,1.3870869875097176,0,0,20932.833,23910.196000000004,-2977.363000000005,0.4668023875015222,0.4913392925373053,-0.8552802426593943,-3413.565000000006,-449.7740000000005,765094,1,0,0,0
2025-05-13 16:00:00+00:00,103682.54,104976.25,103532.18,104792.22,5053.45199,0.0001,0.00019147999999999962,0.00062009,1.3870869875097176,0,0,19327.837,16360.614999999998,2967.2220000000016,0.541571178262369,0.49584244348802997,1.3908556486795849,-211.87800000000425,47.45639999999912,618893,1,0,0,0
2025-05-13 20:00:00+00:00,104792.21,104928.0,103869.01,104103.72,2051.88968,7.256e-05,0.0002410299999999996,0.00065008,0.6508100745005104,0,0,6980.571,8099.223,-1118.652,0.4629089097636214,0.4905596864809089,-0.9314675131165294,-1128.7930000000033,-312.9990000000009,331817,1,0,0,0
2025-05-14 00:00:00+00:00,104103.72,104115.86,103453.26,103587.44,3010.71837,7.256e-05,0.0002410299999999996,0.00065008,0.6508100745005104,0,0,8281.184,8638.234000000002,-357.0500000000029,0.4894485141273771,0.49263516206163444,-0.0989698090808171,1491.5199999999986,-337.51600000000144,357368,1,0,0,0
2025-05-14 04:00:00+00:00,103587.44,103971.0,103381.02,103716.55,2102.25399,9.921e-05,0.00027176999999999963,0.00064929,1.2490459199322794,0,0,6997.758,6323.332,674.4259999999995,0.5253142197823151,0.4970698033313288,1.0412430777568655,-801.2760000000035,-162.28340000000134,264294,1,0,0,0
2025-05-14 08:00:00+00:00,103716.55,104145.0,102875.22,103944.93,3535.76301,7.542e-05,0.0002471899999999996,0.0006832100000000001,0.6005059458165274,0,0,14140.244,14927.556999999999,-787.3129999999983,0.4864573002959529,0.49868837425632717,-0.1988226992329314,-469.9370000000017,275.72659999999996,462049,0,1,0,0
2025-05-14 12:00:00+00:00,103944.93,104356.95,102833.55,103514.24,5202.04446,7.542e-05,0.0002471899999999996,0.0006832100000000001,0.6005059458165274,0,0,18638.919,21355.203,-2716.2839999999997,0.46604145979251654,0.49410924514895155,-0.8227570314261561,-2829.1709999999985,-860.9746000000002,655019,1,0,0,0
2025-05-14 16:00:00+00:00,103514.24,103720.44,102602.05,103321.72,1856.97684,7.542e-05,0.0002471899999999996,0.0006832100000000001,0.6005059458165274,0,0,10414.675,10309.405000000002,105.2699999999968,0.5025397991129159,0.49302864144974395,0.321464160027536,-3398.327000000001,-616.1902000000009,394727,0,1,0,0
2025-05-14 20:00:00+00:00,103321.73,103667.52,103304.66,103507.82,745.15143,3.175e-05,0.0002063799999999996,0.00061496,-0.5106094485399219,0,0,3199.113,3038.4730000000004,160.63999999999942,0.5128767763682938,0.4949514447239676,0.6032359409212344,-2450.3740000000034,-512.6522000000004,155568,1,0,0,0
2025-05-15 00:00:00+00:00,103507.83,103866.51,102720.0,102753.63,1797.79721,2.978e-05,0.00013694999999999962,0.0006002000000000001,-0.6468645343074662,0,0,7592.709,8980.198,-1387.4890000000005,0.45813984233423866,0.49121003873411223,-1.0765486528665684,-1121.5790000000043,-925.0352000000005,318882,1,0,0,0
2025-05-15 04:00:00+00:00,102753.62,102962.38,101724.17,101779.99,2353.66229,2.978e-05,0.00013694999999999962,0.0006002000000000001,-0.6468645343074662,0,0,11126.782,12122.088,-995.3060000000005,0.4785945295405755,0.49238925293801755,-0.39573166459086484,-2222.1550000000016,-966.6338000000009,431402,1,0,0,0
2025-05-15 08:00:00+00:00,101779.99,102441.0,101500.0,102371.61,2612.10704,2.978e-05,0.00013694999999999962,0.0006002000000000001,-0.6468645343074662,0,0,14006.636,12215.584,1791.0519999999997,0.5341514181484253,0.49164727692662324,1.3711628943435235,-591.7430000000013,-65.16660000000101,458487,1,0,0,0
2025-05-15 12:00:00+00:00,102371.62,103291.99,101383.07,103251.35,4312.54952,5.336e-05,0.00011488999999999961,0.00055356,-0.02064577124845656,0,0,23673.19,24709.124,-1035.934000000001,0.489294290471514,0.4942858149974125,-0.195528488781196,-240.18800000000192,-293.4074000000006,898727,0,1,0,0
2025-05-15 16:00:00+00:00,103251.36,104192.7,102552.35,103157.26,4442.22626,1.439e-05,9.752999999999962e-05,0.00054494,-1.1870703290131568,0,0,20357.062,20187.092999999997,169.9690000000046,0.5020960974522716,0.49555057332990193,0.2654304578360674,925.0870000000032,-291.54159999999956,745428,0,1,0,0
2025-05-15 20:00:00+00:00,103157.26,103980.84,102708.46,103763.71,2480.64372,1.439e-05,9.752999999999962e-05,0.00054494,-1.1870703290131568,0,0,10757.351,10616.288999999999,141.06200000000172,0.5032999058653557,0.493349141938206,0.44231864234412904,-724.9029999999948,14.168600000000879,403674,1,0,0,0
2025-05-16 00:00:00+00:00,103763.71,104466.01,103467.91,104023.49,3294.14952,1.439e-05,9.752999999999962e-05,0.00054494,-1.1870703290131568,0,0,11801.225,10691.320999999998,1109.9040000000023,0.5246727071270634,0.49717068262131703,1.2701269648658644,1420.9350000000086,435.2106000000014,429745,1,0,0,0
2025-05-16 04:00:00+00:00,104023.49,104190.48,103694.18,103710.17,2338.96041,4.504e-05,0.00011278999999999962,0.00052151,-0.32874648398565254,0,0,6771.715,7670.860999999999,-899.1459999999988,0.46887168881783975,0.4974537055238494,-1.1327572056070823,351.82000000000517,-102.82899999999827,299951,1,0,0,0
2025-05-16 08:00:00+00:00,103710.17,103900.0,103100.49,103651.71,3118.57852,7.535e-05,0.00013477999999999963,0.00049686,0.5332112562872237,0,0,10998.595,10527.755,470.84000000000015,0.5109363640375633,0.498293362016314,0.7429114884938522,681.5980000000036,198.525800000002,383031,0,1,0,0
2025-05-16 12:00:00+00:00,103651.72,104286.0,103343.07,104183.33,3503.77985,7.535e-05,0.00013477999999999963,0.00049686,0.5332112562872237,0,0,13168.569,13095.966,72.60299999999916,0.5013821489700846,0.49714389927649316,0.27939628841395275,-355.7029999999995,179.0526000000009,500310,1,0,0,0
2025-05-16 16:00:00+00:00,104183.32,104550.33,103587.0,104032.6,2352.84073,4.768e-05,0.00016806999999999963,0.00047198000000000004,-0.3320476031230492,0,0,10118.595,10807.675000000001,-689.0800000000017,0.4835355273538953,0.49968346777845885,-0.5274986098827337,-145.63700000000244,13.024200000000201,459014,1,0,0,0
2025-05-16 20:00:00+00:00,104032.6,104032.6,103397.5,103463.9,1075.57121,4.768e-05,0.00016806999999999963,0.00047198000000000004,-0.3320476031230492,0,0,4571.361,5289.411000000001,-718.0500000000011,0.463590578912077,0.498183072715609,-1.3338905732002666,-1334.5270000000037,-352.56660000000045,231783,1,0,0,0
2025-05-17 00:00:00+00:00,103463.9,103600.0,102612.5,103508.48,2858.83928,2.821e-05,0.00015123999999999962,0.00040098000000000005,-0.9621894958938204,0,0,12954.053,13621.036,-666.9830000000002,0.4874509733532783,0.4935130282360943,-0.2726519302750975,-2074.113000000003,-306.13400000000075,486695,0,1,0,0
2025-05-17 04:00:00+00:00,103508.48,103709.86,103285.71,103451.14,1318.92723,2.821e-05,0.00015123999999999962,0.00040098000000000005,-0.9621894958938204,0,0,5128.815,5298.2300000000005,-169.41500000000087,0.4918761739303896,0.49377121658198186,-0.044433291222869195,-1554.4480000000021,-434.18500000000097,235007,1,0,0,0
2025-05-17 08:00:00+00:00,103451.13,103568.58,102753.67,102994.17,2720.30154,2.821e-05,0.00015123999999999962,0.00040098000000000005,-0.9621894958938204,0,0,11064.624,11421.844000000001,-357.22000000000116,0.4920570006814765,0.4927673069049023,-0.07262316383030042,-1193.6180000000022,-520.149600000001,385304,1,0,0,0
2025-05-17 12:00:00+00:00,102994.18,103180.0,102640.02,102939.53,1272.66735,3.34e-05,0.00010928999999999961,0.00035895999999999996,-0.8791758560829712,0,0,5284.03,5876.044000000001,-592.014000000001,0.4734762511431375,0.4897849414326806,-0.8999501699455222,-1118.649000000003,-500.73640000000086,280947,1,0,0,0
2025-05-17 16:00:00+00:00,102939.52,103350.0,102761.9,103158.6,1287.9669,3.34e-05,0.00010928999999999961,0.00035895999999999996,-0.8791758560829712,0,0,5421.888,5524.756,-102.8680000000004,0.4953013910016622,0.4868478098201404,0.04910055043940939,-1052.1020000000026,-377.7000000000007,264611,0,1,0,0
2025-05-17 20:00:00+00:00,103158.6,103477.87,102900.72,103126.65,1792.19392,5.97e-06,6.757999999999962e-05,0.00033318000000000003,-1.74724792190342,0,0,4607.75,4169.599,438.15099999999984,0.524959187563352,0.4924565596946916,1.3642666020210314,-256.7310000000016,-156.67320000000072,247210,0,1,0,0
2025-05-18 00:00:00+00:00,103126.65,103409.98,103105.09,103295.7,913.9652,6.742e-05,0.00010678999999999962,0.00037082,0.19828129712203835,0,0,2861.158,3578.716,-717.558,0.4442878851356408,0.48579171180449937,-2.026736148484267,-382.27500000000055,-266.3018000000005,181209,0,1,0,0
2025-05-18 04:00:00+00:00,103295.7,103988.0,103295.69,103919.39,1414.68073,6.742e-05,0.00010678999999999962,0.00037082,0.19828129712203835,0,0,7716.973,5394.147000000001,2322.825999999999,0.588582287401839,0.49451172564767487,3.1516246259580263,2043.418999999999,269.7073999999995,230152,1,0,0,0
2025-05-18 08:00:00+00:00,103919.39,104088.2,103800.0,103800.54,1574.15623,5.903e-05,0.00013241999999999963,0.00037649,-0.09487648750495746,0,0,6488.374,6383.464,104.90999999999985,0.5040751755887543,0.4965656904711607,0.2792348195394702,1710.177999999999,409.0921999999997,256072,0,1,0,0
2025-05-18 12:00:00+00:00,103800.55,105680.0,103701.4,105518.0,4982.50382,5.903e-05,0.00013241999999999963,0.00037649,-0.09487648750495746,0,0,23083.263,18745.861000000004,4337.401999999995,0.5518466750582679,0.5053913000857798,1.7303815405458436,6765.137999999994,1297.1461999999988,744810,1,0,0,0
2025-05-18 16:00:00+00:00,105518.0,105980.0,103851.01,103883.97,5395.35549,0.0001,0.00022644999999999962,0.0004621,1.192379896958579,0,0,21951.767,27635.703999999998,-5683.936999999998,0.44268777086857286,0.5009149798373093,-1.6840377893383955,-1241.6250000000036,72.72859999999909,906490,1,0,0,0
2025-05-18 20:00:00+00:00,103883.98,106660.0,103285.71,106454.26,7319.32579,0.0001,0.00022644999999999962,0.0004621,1.192379896958579,0,0,27788.517,21596.340000000004,6192.176999999996,0.5626930741137915,0.5079966698556495,1.9416111920845491,4845.641999999993,1454.6755999999982,967533,1,0,0,0
2025-05-19 00:00:00+00:00,106454.27,107108.62,103534.47,103605.88,5830.4141,5.99e-05,0.0002189299999999996,0.00047696000000000007,-0.06881095854623423,0,0,24578.707,26748.167000000005,-2169.4600000000064,0.478866236817773,0.5066775934692791,-0.5876374768952227,-1661.2200000000084,556.2183999999972,1003446,1,0,0,0
2025-05-19 04:00:00+00:00,103605.9,103779.99,102000.0,103226.29,7899.03768,5.99e-05,0.0002189299999999996,0.00047696000000000007,-0.06881095854623423,0,0,27629.435,29381.685,-1752.25,0.4846323839980691,0.5077932067547722,-0.3761651367819651,2270.4669999999896,184.78639999999723,1038128,1,0,0,0
2025-05-19 08:00:00+00:00,103226.29,103425.53,102782.6,102963.41,2683.33916,5.99e-05,0.0002189299999999996,0.00047696000000000007,-0.06881095854623423,0,0,9678.313,10892.737,-1214.423999999999,0.4704822067906111,0.5053112883336672,-0.7838834452621875,-5136.1340000000055,-925.5788000000015,418883,1,0,0,0
2025-05-19 12:00:00+00:00,102963.4,104968.75,102126.16,104786.41,6071.83103,6.04e-05,0.0002202999999999996,0.00046201,-0.008368455298565954,0,0,30182.257,30497.107,-314.84999999999854,0.4974056254116309,0.502555932118495,-0.0025479703780061196,-3281.5239999999976,148.2385999999984,909973,0,1,0,0
2025-05-19 16:00:00+00:00,104786.42,105561.76,104491.53,105517.7,4503.35567,6.04e-05,0.0002202999999999996,0.00046201,-0.008368455298565954,0,0,23238.821,23922.06,-683.2390000000014,0.49275629520152514,0.5074027731250835,-0.13510675729949295,-2212.512999999999,-1226.844600000001,702139,0,1,0,0
2025-05-19 20:00:00+00:00,105517.64,105829.99,105016.27,105573.74,3272.0576,2.11e-05,0.00014139999999999962,0.00043543,-1.2991883080574917,0,0,11109.284,9967.030999999999,1142.2530000000006,0.5270980244886262,0.5012543468337622,0.8940825740119782,144.16400000000067,-564.5019999999997,383349,1,0,0,0
2025-05-20 00:00:00+00:00,105573.73,106853.27,105533.01,105761.92,5750.55327,8.378e-05,0.00016527999999999964,0.000491,0.8271292847268612,0,0,22075.067,20557.772999999997,1517.2940000000017,0.5177948970793408,0.5026263189828208,0.5628974784008012,1976.308000000001,89.40680000000066,822939,1,0,0,0
2025-05-20 04:00:00+00:00,105761.92,106399.0,104928.44,105021.71,3035.55334,8.378e-05,0.00016527999999999964,0.000491,0.8271292847268612,0,0,13361.318,13859.29,-497.9720000000016,0.49085303311373496,0.49652695478836756,-0.2861780997096542,2161.5750000000007,232.69720000000015,511646,1,0,0,0
2025-05-20 08:00:00+00:00,105021.7,105416.66,104847.16,105203.76,2326.54242,8.378e-05,0.00016527999999999964,0.000491,0.8271292847268612,0,0,10754.77,10035.368999999999,719.4010000000017,0.5173014956754258,0.5039883272690528,0.5641032363515732,1738.7230000000018,439.5474000000002,355487,1,0,0,0
2025-05-20 12:00:00+00:00,105203.75,105391.27,104184.72,105333.68,3799.70194,7.107e-05,0.00017594999999999961,0.00052867,0.44137473322448756,0,0,21674.122,19779.334,1894.7880000000005,0.5228544032613348,0.5000044601838073,0.6995181055001016,2116.2170000000006,955.1528000000005,680694,1,0,0,0
2025-05-20 16:00:00+00:00,105333.67,107238.37,105090.9,107026.47,5057.29953,1.266e-05,0.00016750999999999962,0.00053536,-1.5166261730054411,0,0,29125.881,25462.509,3663.372000000003,0.5335544975772321,0.5054732862597531,0.9852889744428883,6277.561000000005,1459.376600000001,880229,1,0,0,0
2025-05-20 20:00:00+00:00,107026.47,107320.0,105935.83,106849.99,3735.83225,1.266e-05,0.00016750999999999962,0.00053536,-1.5166261730054411,0,0,19071.177,20430.636000000002,-1359.4590000000026,0.48279244803270166,0.5052892926632163,-0.5576501119810475,4198.701000000001,884.0260000000002,689212,1,0,0,0
2025-05-21 00:00:00+00:00,106850.0,107206.94,106186.79,106843.59,2584.02606,8.767e-05,0.0001713999999999996,0.00055561,1.0532318410227073,0,0,10846.427,12065.306,-1218.8790000000008,0.47340054984055546,0.5055811269682108,-0.7921233933645944,1085.0339999999997,739.8446000000004,503198,1,0,0,0
2025-05-21 04:00:00+00:00,106843.6,107985.05,106454.54,106527.16,5791.25242,8.767e-05,0.0001713999999999996,0.00055561,1.0532318410227073,0,0,25192.307,24341.756,850.5509999999995,0.5085855161931699,0.5066991160463648,0.2492503383741234,-1727.787000000004,766.0745999999999,841056,0,1,0,0
2025-05-21 08:00:00+00:00,106527.17,106797.98,106100.01,106546.44,2982.12972,8.767e-05,0.0001713999999999996,0.00055561,1.0532318410227073,0,0,15225.086,14953.645,271.4409999999989,0.5044972235578759,0.5078732088819998,0.12898825913357212,-96.88700000000244,441.4051999999996,479845,1,0,0,0
2025-05-21 12:00:00+00:00,106546.43,109458.0,106329.47,108973.35,11705.49449,7.147e-05,0.00017179999999999962,0.0005680500000000001,0.4615105112469413,0,0,48133.362,46832.132000000005,1301.229999999996,0.5068510673992808,0.5058485131730652,0.19649270747830183,2423.2219999999943,-31.023200000001815,1468357,1,0,0,0
2025-05-21 16:00:00+00:00,108973.34,109845.0,106117.67,108603.79,14958.19983,7.147e-05,0.00017179999999999962,0.0005680500000000001,0.4615105112469413,0,0,78431.525,78681.41,-249.8850000000093,0.49920475993908453,0.5039894994590396,-0.0580485734171397,1322.7859999999855,190.89159999999683,1975451,1,0,0,0
2025-05-21 20:00:00+00:00,108603.79,110797.38,107725.0,109643.99,7509.937825,5.119e-05,0.00021032999999999962,0.00051924,-0.18884076423186721,0,0,31677.372,27209.526,4467.845999999998,0.5379358240265941,0.5086977785503255,1.0801307980308443,5519.190999999984,1328.2365999999965,921845,1,0,0,0
2025-05-22 00:00:00+00:00,109643.99,111880.0,109177.37,111780.84,9017.73168,5.119e-05,0.00021032999999999962,0.00051924,-0.18884076423186721,0,0,33541.748,31213.268000000004,2328.479999999996,0.5179791477466394,0.5087655437574469,0.42208569493570863,6546.440999999984,1623.822399999996,1141800,1,0,0,0
2025-05-22 04:00:00+00:00,111780.84,111795.04,110461.87,111045.45,7103.40338,0.0001,0.00022265999999999963,0.0005593400000000001,1.4418611216840376,0,0,23544.324,24029.385000000002,-485.0610000000015,0.49490200564349524,0.5059703039956629,-0.3071086926841774,6311.264999999992,1472.5219999999958,772821,1,0,0,0
2025-05-22 08:00:00+00:00,111045.45,111326.2,110272.72,110981.97,4014.18788,0.0001,0.0002511899999999996,0.00059894,1.4418611216840378,0,0,17443.403,15305.064000000002,2138.3389999999963,0.5326479251685277,0.5058796467547925,0.8305546893118229,3981.7579999999907,1639.943799999996,610969,0,1,0,0
2025-05-22 12:00:00+00:00,110981.98,111626.43,110550.0,111290.86,6086.26018,0.0001,0.0002511899999999996,0.00059894,1.4418611216840378,0,0,24137.66,25808.327,-1670.6670000000013,0.48327526293553874,0.5059279282450763,-0.7257072802480808,-17.38900000000649,1355.7873999999974,1034057,0,1,0,0
2025-05-22 16:00:00+00:00,111290.85,111980.0,110916.4,111188.0,3260.6327,0.0001,0.0002511899999999996,0.00059894,1.4418611216840378,0,0,17340.527,17193.851,146.67599999999948,0.5021236230170412,0.5088002355627247,-0.1399904468075116,614.3479999999945,491.5533999999978,706679,0,1,0,0
2025-05-22 20:00:00+00:00,111188.0,111717.34,110763.27,111696.21,2148.55731,0.0001,0.00030000000000000003,0.0006778400000000001,1.3449623103668134,0,0,8607.328,7902.147999999999,705.1800000000003,0.52135682561942,0.5100773665053497,0.471094454711127,-818.8110000000015,166.89339999999865,346050,1,0,0,0
2025-05-23 00:00:00+00:00,111696.22,111800.0,111000.13,111100.01,2834.29482,0.0001,0.00030000000000000003,0.0006778400000000001,1.3449623103668134,0,0,11012.47,11946.97,-934.5,0.4796488938754604,0.5075925335371082,-0.9365502921403417,-82.64400000000023,77.00559999999896,447788,1,0,0,0
2025-05-23 04:00:00+00:00,111100.0,111181.82,110407.89,110715.42,3226.515,9.321e-05,0.00029320999999999964,0.0006872700000000001,1.0624534184591512,0,0,11802.878,11958.690999999999,-155.81299999999828,0.4967213234109246,0.5065795591382727,-0.3050246613128632,-385.132999999998,-381.8248,433096,1,0,0,0
2025-05-23 08:00:00+00:00,110715.41,111381.61,108888.0,109076.35,4204.18634,7.261e-05,0.0002658199999999996,0.0006888100000000001,0.4098147011754321,0,0,20972.703,24164.557,-3191.8539999999994,0.46464280286397536,0.5031233634307617,-1.4450067908996898,-4282.166999999998,-686.0621999999996,709198,1,0,0,0
2025-05-23 12:00:00+00:00,109076.36,109992.75,107316.0,108940.0,13163.25808,7.261e-05,0.0002658199999999996,0.0006888100000000001,0.4098147011754321,0,0,54631.162,54223.962,407.1999999999971,0.5018703758952128,0.4995168186176235,0.011553318300761093,-2940.4670000000006,-633.9574,1847561,0,1,0,0
2025-05-23 16:00:00+00:00,108940.0,109809.53,108001.0,108716.07,4951.18081,7.261e-05,0.0002658199999999996,0.0006888100000000001,0.4098147011754321,0,0,22619.185,23593.444,-974.2589999999982,0.4894589528762798,0.4966647991305876,-0.6043667965733512,-3758.9130000000005,-969.8451999999997,859715,1,0,0,0
2025-05-23 20:00:00+00:00,108714.01,108727.28,106800.0,107318.3,3358.28804,8.614e-05,0.00025195999999999964,0.00076229,0.8543633642955522,0,0,15408.289,17146.036,-1737.7469999999994,0.47331004405712607,0.4945056029719506,-1.323446863361651,-2304.8060000000005,-1130.4945999999995,646004,1,0,0,0
2025-05-24 00:00:00+00:00,107318.3,108367.54,106875.41,108366.3,2321.32073,8.614e-05,0.00025195999999999964,0.00076229,0.8543633642955522,0,0,13509.897,10872.942,2636.9550000000017,0.5540739944187796,0.4966482098969759,2.323047669483972,-75.05099999999584,-571.9409999999996,517132,1,0,0,0
2025-05-24 04:00:00+00:00,108366.31,108582.33,107566.37,107587.75,1982.27366,3.524e-05,0.00019398999999999962,0.0007098600000000001,-0.8343857393126959,0,0,9321.536,12224.908,-2903.3719999999994,0.43262526289720943,0.4915832098931429,-2.690593242212005,-2004.163999999997,-514.2445999999997,399563,1,0,0,0
2025-05-24 08:00:00+00:00,107587.75,109506.03,107587.74,109208.56,5417.04518,4.59e-05,0.00016727999999999963,0.00068429,-0.4284215436002554,0,0,16728.807,17694.877,-966.0699999999997,0.4859679457898812,0.48996764217042693,-0.6217549009026023,-1232.4869999999974,-788.898599999999,601241,0,1,0,0
2025-05-24 12:00:00+00:00,109208.57,109282.81,108540.0,108929.7,2666.17903,4.59e-05,0.00016727999999999963,0.00068429,-0.4284215436002554,0,0,14492.522,14924.877,-432.35499999999956,0.49265137274712834,0.4870970968831978,-0.34639977973228747,-4301.796999999999,-680.5177999999993,468796,1,0,0,0
2025-05-24 16:00:00+00:00,108929.71,109200.0,108682.36,108960.0,1015.55537,4.59e-05,0.00016727999999999963,0.00068429,-0.4284215436002554,0,0,9639.369,9317.997999999998,321.3710000000028,0.5084761507228299,0.4899798225679347,0.26727893790146084,-1077.0539999999964,-268.69419999999883,287883,1,0,0,0
2025-05-24 20:00:00+00:00,108960.0,109125.0,107500.0,107761.91,3380.15732,7.837e-05,0.00015950999999999962,0.0007114700000000001,0.6601352855838611,0,0,15444.299,20986.726000000002,-5542.4270000000015,0.42393259591241256,0.4827009498180835,-2.6386514710481817,-5653.410999999998,-1904.5705999999996,564240,1,0,0,0
2025-05-25 00:00:00+00:00,107761.9,108257.14,107206.0,108095.75,2495.88081,7.837e-05,0.00015950999999999962,0.0007114700000000001,0.6601352855838611,0,0,12481.625,12459.942,21.683000000000902,0.5004346759768542,0.4862801371293714,0.09425353256504715,-5199.372999999998,-1319.5595999999994,509552,1,0,0,0
2025-05-25 04:00:00+00:00,108095.76,108288.69,107454.54,107681.81,1293.71165,9.794e-05,0.00022220999999999962,0.0007094099999999999,1.2598397208618166,0,0,6309.313,8133.398999999999,-1824.0859999999993,0.4368509875430598,0.4797781982941561,-1.9651988198379187,-7344.83,-1491.1627999999994,274144,1,0,0,0
2025-05-25 08:00:00+00:00,107681.82,107700.65,106708.98,107260.0,3399.35699,5.113e-05,0.00022743999999999962,0.00066054,-0.37581278032814897,0,0,15648.211,17216.777,-1568.565999999999,0.47613621523306204,0.47844592452983425,-0.6156796946643488,-3370.9689999999973,-1718.4049999999993,577823,1,0,0,0
2025-05-25 12:00:00+00:00,107259.99,107743.34,106600.64,106967.97,5093.14772,5.113e-05,0.00022743999999999962,0.00066054,-0.37581278032814897,0,0,15591.941,17520.154000000002,-1928.2130000000016,0.47088355478564553,0.4782032756026863,-0.7374750200707231,-5320.865,-2168.3218,564437,1,0,0,0
2025-05-25 16:00:00+00:00,106967.97,107940.95,106640.52,107717.01,2103.88371,3.651e-05,0.00018557999999999962,0.00059705,-0.9459614758473683,0,0,7602.156,6814.547,787.6090000000004,0.5273158502328862,0.4755274611840969,1.1710731947541644,-2709.17,-902.3145999999997,327275,1,0,0,0
2025-05-25 20:00:00+00:00,107717.02,109299.99,107176.0,109004.19,3324.06607,3.651e-05,0.00018557999999999962,0.00059705,-0.9459614758473683,0,0,19230.005,20457.732999999997,-1227.7279999999955,0.48453265338528495,0.48071820023290446,-0.27781749197411376,-2368.3319999999967,-1152.196799999999,685500,0,1,0,0
2025-05-26 00:00:00+00:00,109004.2,109844.91,108670.58,109623.53,3090.7964,7.331e-05,0.00016094999999999963,0.00057715,0.35528750379592305,0,0,15597.723,15698.268000000002,-100.54500000000189,0.4983936440932642,0.4819607700632428,0.1641882936941345,-540.663999999997,-807.4885999999995,561622,0,1,0,0
2025-05-26 04:00:00+00:00,109623.54,110228.11,109365.29,110094.62,2472.4091,7.331e-05,0.00016094999999999963,0.00057715,0.35528750379592305,0,0,11076.142,10745.404999999999,330.737000000001,0.5075782207375124,0.4834534548622812,0.47864328068324247,-997.5359999999964,-427.62799999999953,397180,1,0,0,0
2025-05-26 08:00:00+00:00,110094.62,110173.92,109556.69,109772.72,1654.27634,0.0001,0.00020981999999999961,0.00060454,1.2641170016006427,0,0,6880.969,7998.420999999999,-1117.4519999999993,0.4624496703157858,0.47885080682157677,-0.9969138986210447,-887.2600000000002,-265.4757999999991,306693,1,0,0,0
2025-05-26 12:00:00+00:00,109772.73,110420.74,109494.74,110009.82,3113.22041,0.0001,0.00020981999999999961,0.00060454,1.2641170016006427,0,0,16235.216,14064.850999999999,2170.3650000000016,0.5358145247665624,0.4900389997069918,1.3897402719358125,1383.6500000000033,11.075400000001173,564501,1,0,0,0
2025-05-26 16:00:00+00:00,110009.83,110422.22,108858.28,109130.44,3037.99696,0.0001,0.00020981999999999961,0.00060454,1.2641170016006427,0,0,16352.199,17872.297,-1520.0979999999981,0.4777922514914464,0.487774757258451,-0.47353628308293405,-467.18499999999585,-47.39859999999935,616391,1,0,0,0
2025-05-26 20:00:00+00:00,109130.44,109888.89,108940.0,109434.79,1280.41672,9.782e-05,0.00027112999999999964,0.00061622,1.1093901140668785,0,0,7553.44,6917.289,636.1509999999998,0.521980613416228,0.49628771984576786,0.9989853616922773,1286.4180000000033,99.940600000001,330198,1,0,0,0
2025-05-27 00:00:00+00:00,109434.78,109666.0,107516.57,108892.16,4704.3073,9.782e-05,0.00027112999999999964,0.00061622,1.1093901140668785,0,0,24150.388,27430.245000000003,-3279.8570000000036,0.4682065068879631,0.49549474901125795,-0.7323785735227335,-4163.804000000002,-622.1782,920832,1,0,0,0
2025-05-27 04:00:00+00:00,108892.15,109636.37,108550.0,109547.16,3340.1595,7.65e-05,0.0002743199999999996,0.0006574800000000001,0.3182511233419056,0,0,12861.092,12037.485,823.607,0.5165392383669155,0.5000603173693849,0.8424443214242071,-1820.0990000000038,-233.96640000000008,493516,1,0,0,0
2025-05-27 08:00:00+00:00,109540.0,109899.0,109428.98,109585.49,1886.45358,7.65e-05,0.0002743199999999996,0.0006574800000000001,0.3182511233419056,0,0,10314.159,11717.488000000001,-1403.3290000000015,0.4681519724784987,0.49414392959394615,-0.6960719021411759,-3859.579000000005,-948.7052000000007,369953,0,1,0,0
2025-05-27 12:00:00+00:00,109585.49,110718.0,108670.29,110140.11,6777.89203,7.266e-05,0.0002469799999999996,0.00068424,0.13664757322397184,0,0,38219.991,39392.29499999999,-1172.3039999999892,0.4924476905628061,0.49493543331169826,0.11375594941231915,-1752.0259999999907,-879.146399999999,1243595,0,1,0,0
2025-05-27 16:00:00+00:00,110140.11,110499.64,109574.46,109877.87,2624.04806,7.266e-05,0.0002469799999999996,0.00068424,0.13664757322397184,0,0,13747.43,13676.503,70.92699999999968,0.5012931587894414,0.495225384781316,0.41355590732721004,-2504.705999999991,-992.191199999999,586870,0,1,0,0
2025-05-27 20:00:00+00:00,109877.87,109897.49,108600.0,108938.17,1943.79588,2.476e-05,0.0001739199999999996,0.0006306300000000001,-1.744256427700223,0,0,10211.164,9841.665,369.4989999999998,0.5092131389541097,0.4953888766029757,0.7037308819985818,-731.8779999999897,-262.31999999999823,450530,0,1,0,0
2025-05-28 00:00:00+00:00,108938.17,109284.7,108400.0,108863.64,2003.85357,2.476e-05,0.0001739199999999996,0.0006306300000000001,-1.744256427700223,0,0,10707.737,9861.952,845.7849999999999,0.5205590128270777,0.5011998108541049,1.0271712640412352,1286.2109999999993,-257.88439999999827,427750,0,1,0,0
2025-05-28 04:00:00+00:00,108863.64,109089.68,108624.43,108816.44,1391.51979,3.26e-05,0.00013001999999999963,0.0005652900000000001,-1.3482925757208517,0,0,5998.023,6079.063999999999,-81.04099999999926,0.49664484490341093,0.49728284286778973,0.22317442137356075,1134.2430000000004,6.5732000000021795,268687,1,0,0,0
2025-05-28 08:00:00+00:00,108816.44,109130.44,108258.01,108870.38,1891.22828,3.26e-05,0.00013001999999999963,0.0005652900000000001,-1.3482925757208517,0,0,12890.37,13087.239,-196.86899999999878,0.4962107944576424,0.4991246971644093,0.17539312864892384,567.8750000000018,201.66020000000026,435296,0,1,0,0
2025-05-28 12:00:00+00:00,108870.39,109053.39,107045.45,107107.31,5751.05895,2.164e-05,7.899999999999962e-05,0.0005358,-1.633812960517266,0,0,25339.576,28169.646,-2830.0699999999997,0.47355530603678,0.49428216642646455,-0.5620787633859223,-3107.9799999999977,-378.5391999999996,935584,1,0,0,0
2025-05-28 16:00:00+00:00,107107.31,107842.29,106938.24,106946.01,2757.68701,2.164e-05,7.899999999999962e-05,0.0005358,-1.633812960517266,0,0,12486.394,13486.679,-1000.2849999999999,0.4807438072499161,0.49553589646265983,-0.3077194558553555,-4027.2239999999983,-652.4959999999995,516269,1,0,0,0
2025-05-28 20:00:00+00:00,106946.0,108043.95,106769.43,107781.78,1838.44069,5.368e-05,0.00010791999999999962,0.00055297,-0.4385988919077672,0,0,10067.991,10243.088000000002,-175.09700000000157,0.4956896184589701,0.4934509344718653,0.1743012400983119,-4005.452000000001,-856.6723999999998,426076,0,1,0,0
2025-05-29 00:00:00+00:00,107781.78,108484.61,107421.12,108044.88,3012.04609,3.186e-05,0.00010717999999999963,0.00051152,-1.1752646263031579,0,0,11313.25,11661.473999999998,-348.22399999999834,0.49242158469455394,0.4958778956934709,0.14564632954430695,-1523.6059999999998,-910.1089999999997,499706,0,1,0,0
2025-05-29 04:00:00+00:00,108044.87,108106.94,106948.01,107880.72,2287.08404,3.186e-05,0.00010717999999999963,0.00051152,-1.1752646263031579,0,0,9837.384,11304.711000000001,-1467.3270000000011,0.4652984484271781,0.49316297147990806,-0.9695270247968041,-1990.648000000001,-1164.2006000000001,385635,1,0,0,0
2025-05-29 08:00:00+00:00,107880.73,108891.91,107681.81,108779.84,2525.30968,3.186e-05,0.00010717999999999963,0.00051152,-1.1752646263031579,0,0,13580.886,14114.116,-533.2299999999996,0.49037317274792036,0.49207097287575585,0.024770506279056376,-2348.780999999999,-704.8326000000001,481260,0,1,0,0
2025-05-29 12:00:00+00:00,108779.83,108797.25,106474.0,107019.89,5170.87467,2.812e-05,0.00011365999999999963,0.00043964,-1.235999525230857,0,0,32140.022,34202.667,-2062.6450000000004,0.48445461714703786,0.48959512069504874,-0.20038884213091404,-4063.202000000001,-917.3046000000002,1090918,1,0,0,0
2025-05-29 16:00:00+00:00,107019.9,107168.23,105639.3,105731.74,4682.29852,8.379e-05,0.0001437699999999996,0.00042561000000000004,0.6500727564882028,0,0,25094.869,27114.425000000003,-2019.5560000000041,0.48065903745030525,0.4856051231573715,-0.31748514429212815,-4615.431000000004,-1286.1964000000007,969213,1,0,0,0
2025-05-29 20:00:00+00:00,105731.74,106470.69,105322.86,105589.75,2157.08816,8.379e-05,0.0001437699999999996,0.00042561000000000004,0.6500727564882028,0,0,11224.157,11513.294000000002,-289.13700000000244,0.49364183346673285,0.4853048220137037,0.12768453120276443,-4371.338000000007,-1274.3790000000015,440899,1,0,0,0
2025-05-30 00:00:00+00:00,105589.75,106214.93,104600.5,106024.33,4390.94984,8.379e-05,0.0001437699999999996,0.00042561000000000004,0.6500727564882028,0,0,20953.956,20999.374000000003,-45.41800000000512,0.4994587080453446,0.4856296133724739,0.39793795324674736,-2354.1110000000117,-989.9972000000023,762735,0,1,0,0
2025-05-30 04:00:00+00:00,106024.33,106313.12,104727.72,105028.02,4187.15493,2.622e-05,0.0001381299999999996,0.00037533,-1.319424104641567,0,0,13410.519,15027.918999999998,-1617.3999999999978,0.4715631357812268,0.4854303963469186,-1.0488508119070652,-1951.9550000000054,-1206.831200000002,532631,1,0,0,0
2025-05-30 08:00:00+00:00,105028.03,105981.75,104606.01,105880.51,3463.58178,2.622e-05,0.0001381299999999996,0.00037533,-1.319424104641567,0,0,16456.61,18577.642,-2121.0319999999992,0.46972916675943305,0.4843289322978703,-1.1197249421886737,-3783.850000000002,-1218.5086000000017,664699,0,1,0,0
2025-05-30 12:00:00+00:00,105880.5,106000.0,105047.61,105543.0,4176.35736,3.849e-05,0.0001484999999999996,0.00034116,-0.8407136785774073,0,0,19459.215,18829.579,629.6359999999986,0.5082221968129892,0.4855821901332722,0.7785751181457572,-3108.7959999999985,-688.6702000000012,776467,0,1,0,0
2025-05-30 16:00:00+00:00,105543.0,105560.98,103706.71,104640.5,5203.39187,7.392e-05,0.0001386299999999996,0.00039032000000000004,0.3358835441904799,0,0,25418.669,26589.994999999995,-1171.3259999999937,0.4887391262348135,0.48521394428729814,-0.16325014036575214,-2662.7219999999943,-865.1079999999995,928495,1,0,0,0
2025-05-30 20:00:00+00:00,104640.49,104878.05,103621.0,103985.48,2285.06221,7.392e-05,0.0001386299999999996,0.00039032000000000004,0.3358835441904799,0,0,11223.523,12754.301000000001,-1530.778000000002,0.4680792969370364,0.48549202913828393,-1.2247220493636877,-2072.467999999997,-1162.179999999999,497083,1,0,0,0
2025-05-31 00:00:00+00:00,103985.47,104292.69,103068.55,103684.01,3246.32605,8.506e-05,0.0001974699999999996,0.00044278,0.7494513882793291,0,0,16067.038,16888.818,-821.7799999999988,0.4875321096196075,0.4852079228254527,-0.17532738487764885,-3523.8839999999946,-1003.055999999999,752930,1,0,0,0
2025-05-31 04:00:00+00:00,103684.0,103911.1,103487.99,103747.02,1424.77118,8.506e-05,0.0001974699999999996,0.00044278,0.7494513882793291,0,0,5443.356,5620.273000000001,-176.91700000000128,0.49200456739827403,0.4859629178505764,0.09093734220339206,-2529.475000000002,-614.2329999999995,238680,0,1,0,0
2025-05-31 08:00:00+00:00,103747.03,103809.51,103285.71,103498.18,1462.02815,7.552e-05,0.00023449999999999963,0.00049666,0.39316638793705944,0,0,5274.833,5272.724000000001,2.1089999999985594,0.5000999757574194,0.4879070116812878,0.4769296107818474,-996.5880000000016,-739.7383999999995,248964,0,1,0,0
2025-05-31 12:00:00+00:00,103498.17,104846.15,103480.11,104556.08,2862.31641,7.552e-05,0.00023449999999999963,0.00049666,0.39316638793705944,0,0,15273.82,14353.940999999999,919.8790000000008,0.515523937161502,0.4900952220507646,1.4943745789375809,745.0709999999981,-321.49740000000054,483855,1,0,0,0
2025-05-31 16:00:00+00:00,104556.08,104780.49,104261.39,104698.02,1237.73843,4.687e-05,0.00020744999999999962,0.00048985,-0.650889393552529,0,0,4767.556,6323.692,-1556.1360000000004,0.42984847151555894,0.4831341983977861,-3.0041570779780447,-634.148000000001,-326.56900000000024,251612,0,1,0,0
2025-05-31 20:00:00+00:00,104698.03,104900.0,104473.2,104591.88,1056.179,4.687e-05,0.00020744999999999962,0.00048985,-0.650889393552529,0,0,3753.188,4568.601000000001,-815.4130000000005,0.45100734950141125,0.4810786197698045,-1.797253638554214,-1451.67,-325.29560000000055,197493,1,0,0,0
2025-06-01 00:00:00+00:00,104591.88,104647.11,103924.52,104381.03,1332.51766,4.687e-05,0.00020744999999999962,0.00048985,-0.650889393552529,0,0,7393.677,6947.585000000001,446.09199999999873,0.5155527456370297,0.48566097765756416,1.3306042422383226,-1925.4570000000022,-200.69380000000055,304254,0,1,0,0
2025-06-01 04:00:00+00:00,104381.03,104729.99,104195.12,104275.95,935.26236,-5.82e-06,0.00011656999999999961,0.00045217000000000006,-2.2797083508976335,0,0,4674.207,4795.471,-121.26399999999921,0.49359724797400717,0.48419848277366595,0.2978180450319272,-490.58500000000095,-225.36840000000012,202506,1,0,0,1
2025-06-01 08:00:00+00:00,104275.95,104459.07,103752.49,104082.68,1515.57248,-5.82e-06,0.00011656999999999961,0.00045217000000000006,-2.2797083508976335,0,0,7830.878,7724.660000000001,106.21799999999894,0.5034141538531165,0.4856659855354962,0.7434831807691775,431.04599999999846,-388.1006000000005,318122,0,1,0,1
2025-06-01 12:00:00+00:00,104082.67,104809.53,103783.01,104715.1,1868.98228,2.335e-05,6.439999999999961e-05,0.00044740000000000003,-1.20626049589827,0,0,8306.908,8589.914,-283.0060000000012,0.49162546661141365,0.48802060250293405,0.140246751508227,-298.0520000000015,-133.47460000000063,345663,0,1,0,0
2025-06-01 16:00:00+00:00,104715.1,105299.21,104319.79,105121.94,2430.98984,4.117e-05,5.869999999999962e-05,0.00040478000000000004,-0.5461012891232342,0,0,12154.681,11878.445,276.2360000000008,0.5057469843914604,0.48984208998011936,0.8521328478397395,99.4479999999985,84.8551999999996,445618,1,0,0,0
2025-06-01 20:00:00+00:00,105121.95,105866.91,104893.72,105642.93,1626.37544,4.117e-05,5.869999999999962e-05,0.00040478000000000004,-0.5461012891232342,0,0,8420.127,8703.686999999998,-283.5599999999977,0.49172030249803,0.48981366349009486,0.16958233081493818,-290.3299999999981,-61.075199999999676,343786,0,1,0,0
2025-06-02 00:00:00+00:00,105642.93,105735.42,104571.42,104829.27,1887.57513,4.117e-05,5.869999999999962e-05,0.00040478000000000004,-0.5461012891232342,0,0,8198.17,9415.971,-1217.8009999999995,0.4654311555698345,0.4863467814713364,-1.1333803920539756,-1225.1249999999964,-280.38259999999974,375517,1,0,0,0
2025-06-02 04:00:00+00:00,104829.27,105438.87,104610.13,105387.67,1324.62784,-6.42e-06,5.8099999999999617e-05,0.00037213999999999997,-2.0133721794711756,0,0,7701.878,7674.575,27.302999999999884,0.5008878185365636,0.48488316960884265,0.7518540483416262,-1474.0579999999973,-296.16559999999953,303406,1,0,0,1
2025-06-02 08:00:00+00:00,105387.67,105935.63,103941.0,104047.64,3133.90977,5.593e-05,9.067999999999961e-05,0.00038958000000000005,0.1082817176210963,0,0,18873.183,20618.776,-1745.5930000000008,0.47789938706256635,0.48968826116354336,-0.4396224831211395,-2936.0910000000003,-588.6829999999994,656632,1,0,0,0
2025-06-02 12:00:00+00:00,104047.63,104679.25,103659.88,104438.79,3457.5451,5.593e-05,9.067999999999961e-05,0.00038958000000000005,0.1082817176210963,0,0,21840.375,20710.803999999996,1129.5710000000036,0.5132730869807391,0.4959148349114761,1.3405456021484745,-588.7189999999973,-418.0159999999989,783618,1,0,0,0
2025-06-02 16:00:00+00:00,104438.79,104731.95,104030.01,104425.63,1581.04916,4.467e-05,9.417999999999962e-05,0.00036033,-0.23239474045663255,0,0,7820.324,8035.437000000001,-215.1130000000012,0.49321656652115275,0.49368121699988843,0.2769866644879681,-831.1349999999984,-404.3265999999996,386081,1,0,0,0
2025-06-02 20:00:00+00:00,104425.64,105931.44,104425.64,105857.99,2069.28113,4.467e-05,9.417999999999962e-05,0.00036033,-0.23239474045663255,0,0,13806.754,13556.670999999998,250.08300000000236,0.504569658220782,0.4947784580245659,0.8436014469811404,1164.5410000000047,-110.74979999999923,489549,1,0,0,0
2025-06-03 00:00:00+00:00,105858.0,106500.0,105340.18,105482.02,2370.68744,5.005e-05,0.00015064999999999962,0.00032532,-0.06299554322762832,0,0,14330.937,14990.123000000001,-659.1860000000015,0.4887591717352647,0.49331295981278067,0.03580980859260103,-624.2160000000003,-248.0475999999995,547063,1,0,0,0
2025-06-03 04:00:00+00:00,105482.03,105513.02,105116.2,105170.75,1808.4499,5.005e-05,0.00015064999999999962,0.00032532,-0.06299554322762832,0,0,6638.888,6317.634000000001,321.253999999999,0.5123973856564285,0.4953901517172822,1.1730853716655754,-87.84900000000016,165.32180000000045,249888,0,1,0,0
2025-06-03 08:00:00+00:00,105170.76,105349.94,104872.5,105287.24,1581.41246,6.066e-05,0.0001553799999999996,0.00031046000000000003,0.29024210887374796,0,0,6366.031,5923.427000000001,442.60399999999936,0.5180074662365094,0.49661619990178707,1.3668104658936346,104.67199999999684,27.928399999999602,235405,1,0,0,0
2025-06-03 12:00:00+00:00,105287.24,106794.67,105031.6,106610.66,3944.17196,6.066e-05,0.0001553799999999996,0.00031046000000000003,0.29024210887374796,0,0,21321.94,20914.693000000003,407.24699999999575,0.5048210163911503,0.4979262712910991,0.6721042449004776,1171.104999999994,152.400399999999,748259,1,0,0,0
2025-06-03 16:00:00+00:00,106610.66,106666.67,105592.17,106238.81,2007.43502,6.066e-05,0.0001553799999999996,0.00031046000000000003,0.29024210887374796,0,0,12456.712,12582.619999999999,-125.90799999999945,0.49748579554758093,0.5011317352888738,0.2824830755502047,723.9429999999957,77.20219999999863,493736,1,0,0,0
2025-06-03 20:00:00+00:00,106238.81,106254.92,105266.02,105376.89,1547.36956,4.456e-05,0.00015526999999999962,0.00030815,-0.2356888609995822,0,0,8615.631,8757.371000000001,-141.7400000000016,0.49592068198691275,0.5006350216339086,0.20090523864231172,139.5989999999947,180.69139999999862,332557,1,0,0,0
2025-06-04 00:00:00+00:00,105376.9,105839.63,105132.27,105519.27,1468.56182,-1.1e-07,0.00010510999999999962,0.00031386,-1.6964052247077444,0,0,7874.639,7279.9890000000005,594.6499999999996,0.5196194192295581,0.5048070248506079,1.305153138551364,327.0019999999986,235.37059999999875,313623,1,0,0,0
2025-06-04 04:00:00+00:00,105519.26,105611.96,105250.0,105320.75,2243.32025,-1.1e-07,0.00010510999999999962,0.00031386,-1.6964052247077444,0,0,5278.603,4688.436000000001,590.1669999999995,0.5296059341194511,0.506440309564479,1.6401729416024562,1043.0769999999975,264.88319999999874,211200,0,1,0,0
2025-06-04 08:00:00+00:00,105320.75,106000.0,105080.26,105084.36,3840.76425,2.611e-05,7.055999999999962e-05,0.00031662000000000004,-0.7344591175188732,0,0,11055.743,11173.534999999998,-117.79199999999764,0.49735052123600243,0.506853705035964,0.09337296440889929,1067.0250000000015,159.87540000000007,373175,1,0,0,0
2025-06-04 12:00:00+00:00,105084.36,105542.0,104179.0,105298.27,3906.47888,2.611e-05,7.055999999999962e-05,0.00031662000000000004,-0.7344591175188732,0,0,21710.506,22319.765,-609.2589999999982,0.49308136213833437,0.5057048754277192,-0.08728473158216467,-136.88399999999638,63.20520000000033,762622,0,1,0,0
2025-06-04 16:00:00+00:00,105298.26,105483.14,104865.25,104913.52,1452.09412,9.62e-06,3.561999999999962e-05,0.00028507,-1.2467575675987999,0,0,6711.439,7342.656999999999,-631.2179999999989,0.47754327279392433,0.5045832855335852,-0.809214968134073,-1358.2689999999948,-34.69039999999914,302750,1,0,0,0
2025-06-04 20:00:00+00:00,104913.52,105045.79,104407.16,104696.86,1123.6755,9.62e-06,3.561999999999962e-05,0.00028507,-1.2467575675987999,0,0,5990.811,7108.002,-1117.1910000000007,0.45735525806804017,0.4990790727747464,-1.709585616885518,-2357.667999999998,-377.0585999999992,264539,1,0,0,0
2025-06-05 00:00:00+00:00,104696.86,105240.84,104651.16,105047.15,1126.54275,9.62e-06,3.561999999999962e-05,0.00028507,-1.2467575675987999,0,0,5880.314,5976.097,-95.78299999999945,0.49596070851457497,0.4968743970025529,0.07054763437393886,-1844.191999999999,-514.248599999999,248867,0,1,0,0
2025-06-05 04:00:00+00:00,105047.15,105226.14,104380.0,104518.05,1593.6961,7.4e-07,3.6469999999999615e-05,0.00029223000000000004,-1.4339762076751603,0,0,7304.798,8182.762,-877.9639999999999,0.47165583216465345,0.49355787857990324,-1.0099239306555194,-2090.938,-666.2829999999994,279778,1,0,0,0
2025-06-05 08:00:00+00:00,104518.05,104920.0,104424.52,104827.8,1061.75675,2.871e-05,3.9069999999999624e-05,0.00026501000000000004,-0.450978085485222,0,0,5410.911,4877.249,533.6620000000003,0.5259357358361456,0.4964028726087597,1.3825351963648367,-440.0849999999991,-437.6987999999998,218630,1,0,0,0
2025-06-05 12:00:00+00:00,104827.79,105909.71,103900.0,104531.49,5067.78387,2.871e-05,3.9069999999999624e-05,0.00026501000000000004,-0.450978085485222,0,0,33593.766,35003.054000000004,-1409.2880000000005,0.4897277453969441,0.4957835789497628,-0.1810444661372473,-1753.5900000000001,-593.3128,1082456,1,0,0,0
2025-06-05 16:00:00+00:00,104531.5,104598.87,101596.62,101914.77,6187.5316,5.156e-05,8.100999999999963e-05,0.0002719,0.44577589834614306,0,0,34444.719,41893.759000000005,-7449.040000000008,0.4512104498598989,0.48894268201279695,-2.114124481922755,-8324.666000000008,-1859.6826000000015,1241635,1,0,0,0
2025-06-05 20:00:00+00:00,101914.76,102171.44,100372.26,101508.68,7284.19047,5.156e-05,8.100999999999963e-05,0.0002719,0.44577589834614306,0,0,30531.831,33139.414000000004,-2607.583000000006,0.47952307199270244,0.4839343958001221,-0.8377869036219778,-11465.911000000015,-2362.042600000003,1048698,1,0,0,0
2025-06-06 00:00:00+00:00,101508.69,102520.0,101095.8,102493.3,2752.42188,5.156e-05,8.100999999999963e-05,0.0002719,0.44577589834614306,0,0,12448.759,11949.053000000002,499.7059999999983,0.5102407953631252,0.48522342321283435,0.7965342391040792,-9556.917000000016,-2086.5086000000033,441280,1,0,0,0
2025-06-06 04:00:00+00:00,102493.3,103468.66,102387.38,103150.44,2278.64268,-3.491e-05,4.535999999999963e-05,0.00018694000000000002,-2.4842435469161246,0,0,14056.889,14867.056,-810.1670000000013,0.48599487379747125,0.484514774378748,-0.47666425520681854,-2918.044000000009,-2355.2744000000034,441858,0,1,0,1
2025-06-06 08:00:00+00:00,103150.44,103991.45,103150.43,103927.99,2218.22642,-3.03e-05,-1.365000000000038e-05,9.598000000000003e-05,-2.0863460485117726,0,0,12138.33,12164.234999999999,-25.904999999998836,0.4994670315664211,0.4867071502559977,0.24407266374076256,-336.3660000000018,-2078.597800000003,401360,0,1,0,1
2025-06-06 12:00:00+00:00,103927.99,105333.0,103513.7,105092.28,4660.37233,-3.03e-05,-1.365000000000038e-05,9.598000000000003e-05,-2.0863460485117726,0,0,31062.122,30711.988999999998,350.13300000000163,0.5028339784606533,0.491255022295259,0.40197249184453926,-485.9389999999985,-518.7632000000012,944279,1,0,0,1
2025-06-06 16:00:00+00:00,105092.28,105284.0,104013.21,104219.8,2762.90707,-3.03e-05,-1.365000000000038e-05,9.598000000000003e-05,-2.0863460485117726,0,0,11537.136,14011.434,-2474.297999999999,0.4515765853039916,0.48681660997420073,-2.0539602227851206,-2150.069999999996,-492.10619999999983,483259,1,0,0,1
2025-06-06 20:00:00+00:00,104219.8,104617.56,104167.98,104288.44,1166.50347,-2.995e-05,-9.516000000000038e-05,2.1470000000000023e-05,-1.884791049449034,0,0,5202.367,4151.536,1050.8310000000001,0.5561707236006189,0.49526809911779723,2.5924644776470496,-1073.333999999997,-381.88119999999947,198189,1,0,0,0
2025-06-07 00:00:00+00:00,104288.43,104910.77,103871.09,104871.58,1400.16428,-2.89e-05,-8.915000000000038e-05,-7.319999999999977e-06,-1.694760310866456,0,0,8429.993,7357.975999999999,1072.0170000000016,0.5339504403637986,0.4960695695705626,1.524513816708086,-351.4499999999971,-5.4443999999988595,300733,1,0,0,0
2025-06-07 04:00:00+00:00,104871.59,105319.13,104643.62,104867.04,1309.06461,-2.89e-05,-8.915000000000038e-05,-7.319999999999977e-06,-1.694760310866456,0,0,6951.083,6461.358000000001,489.72499999999854,0.5182563710811476,0.49892243213898285,0.8269327690545971,2612.5730000000003,97.68160000000061,255282,0,1,0,0
2025-06-07 08:00:00+00:00,104867.03,105264.0,104689.81,105150.01,1180.35371,-3.158e-05,-9.043000000000037e-05,-6.500999999999998e-05,-1.6381893621485728,0,0,5818.331,5094.118,724.2129999999997,0.5331828813128932,0.5071196752842824,1.3457880021433983,2285.955,172.49760000000023,213316,1,0,0,0
2025-06-07 12:00:00+00:00,105150.01,105800.0,105150.0,105558.11,2197.72958,-3.158e-05,-9.043000000000037e-05,-6.500999999999998e-05,-1.6381893621485728,0,0,10783.993,8876.886,1907.107,0.5485000441740169,0.5140173725024137,1.8167612274195433,3121.0449999999983,1048.7786,358191,1,0,0,0
2025-06-07 16:00:00+00:00,105558.11,105884.46,105279.06,105725.91,1536.04392,-3.158e-05,-9.043000000000037e-05,-6.500999999999998e-05,-1.6381893621485728,0,0,7080.013,6229.409000000001,850.6039999999994,0.5319549564210978,0.516188788608211,1.10499975336233,3481.923999999999,1008.7331999999999,237967,1,0,0,0
2025-06-07 20:00:00+00:00,105725.91,105900.0,105534.88,105552.15,721.57596,2.94e-06,-5.7540000000000374e-05,-7.168999999999999e-05,-0.6288512093974232,0,0,3140.046,3609.967,-469.9210000000003,0.46519110407639214,0.514108411636103,-1.3281161657894938,2287.789999999999,700.3455999999994,145354,1,0,0,0
2025-06-08 00:00:00+00:00,105552.15,105786.33,105394.03,105471.59,1084.68276,4.808e-05,1.9439999999999628e-05,-2.4349999999999975e-05,0.6161501449694262,0,0,3938.471,4131.599,-193.12800000000016,0.48803430453515273,0.5129651389329764,-0.4901311934023935,187.55499999999893,563.7749999999997,158547,1,0,0,0
2025-06-08 04:00:00+00:00,105471.59,105653.13,105408.38,105426.45,623.06268,4.808e-05,1.9439999999999628e-05,-2.4349999999999975e-05,0.6161501449694262,0,0,2985.581,2663.3540000000003,322.22699999999986,0.5285210398066184,0.5155338450675727,0.9594780905925832,-340.82200000000057,483.37779999999975,117456,0,1,0,0
2025-06-08 08:00:00+00:00,105426.46,105720.94,104964.14,105686.71,1672.01298,5.613e-05,0.00010714999999999962,3.07000000000003e-06,0.8047736646889656,0,0,7971.629,7792.061000000001,179.5679999999993,0.5056956207588451,0.5209457486130582,0.15073678534979484,308.666999999999,137.8699999999996,282336,1,0,0,0
2025-06-08 12:00:00+00:00,105686.71,106160.19,105520.25,105984.52,2200.98155,5.613e-05,0.00010714999999999962,3.07000000000003e-06,0.8047736646889656,0,0,9870.529,9616.443000000001,254.08599999999933,0.5065193812563593,0.5159806143786321,0.17854449946618609,755.8809999999985,18.56639999999961,345100,1,0,0,0
2025-06-08 16:00:00+00:00,105984.53,106360.0,105943.91,106289.99,1099.96633,-3.602e-05,6.818999999999963e-05,-8.450999999999996e-05,-1.6150728671096304,0,0,7258.606,5944.124,1314.482,0.5497806892968348,0.5175636392719358,1.6071675098968772,1748.1359999999986,375.44699999999966,233170,1,0,0,0
2025-06-08 20:00:00+00:00,106289.99,106488.14,105545.71,105734.0,1367.35675,-3.602e-05,6.818999999999963e-05,-8.450999999999996e-05,-1.6150728671096304,0,0,6721.058,6211.649,509.40899999999965,0.5196946006740893,0.51770746223123,0.5362965075303283,2077.976999999999,515.9543999999996,261116,0,1,0,0
2025-06-09 00:00:00+00:00,105734.01,105966.33,105318.37,105659.13,1795.0497,-2.164e-05,-1.5300000000003767e-06,-7.123999999999996e-05,-1.149124077763948,0,0,6644.148,5996.692,647.4560000000001,0.5256096904952519,0.5169501431494659,0.730040870054798,2471.3469999999998,581.0001999999997,286145,0,1,0,0
2025-06-09 04:00:00+00:00,105659.14,105717.3,105319.0,105560.71,1470.33986,-2.164e-05,-1.5300000000003767e-06,-7.123999999999996e-05,-1.149124077763948,0,0,4673.568,4057.7619999999997,615.8060000000005,0.5352641579232489,0.515626554524389,1.048176338190703,1772.6710000000003,668.2477999999999,180240,0,1,0,0
2025-06-09 08:00:00+00:00,105560.71,107806.0,105473.57,107759.21,4424.95656,-2.164e-05,-1.5300000000003767e-06,-7.123999999999996e-05,-1.149124077763948,0,0,28053.385,21203.035,6850.3499999999985,0.5695376359061418,0.5193848224728934,1.9817880198826896,8113.611999999999,1987.5005999999998,769063,1,0,0,0
2025-06-09 12:00:00+00:00,107759.21,108020.0,106860.0,107635.91,3544.41855,4.024e-05,-1.742000000000038e-05,-6.999999999999628e-07,0.5055559059991458,0,0,20803.596,22927.387,-2123.7909999999974,0.4757175478996208,0.5204374668552163,-0.957102139921857,5342.365000000002,1299.8460000000002,714522,1,0,0,0
2025-06-09 16:00:00+00:00,107635.91,108767.24,107635.91,108564.72,2689.46607,4.024e-05,-1.742000000000038e-05,-6.999999999999628e-07,0.5055559059991458,0,0,16876.987,14752.46,2124.527000000002,0.533584637126283,0.5249925001143293,0.7949575921930385,6851.086000000003,1622.8696000000007,549596,1,0,0,0
2025-06-09 20:00:00+00:00,108565.86,110530.17,108456.08,110263.02,6051.14377,3.057e-05,4.9169999999999626e-05,5.9820000000000034e-05,0.295709289838202,0,0,26591.202,20376.187,6215.014999999999,0.5661630881801839,0.5287567049516859,1.6916729587579733,6215.751000000004,2736.3814000000007,706636,1,0,0,0
2025-06-10 00:00:00+00:00,110263.02,110311.82,109381.24,109568.02,2356.61975,6.374e-05,0.0001345499999999996,0.00015246000000000004,1.274439913485905,0,0,9571.004,11308.384999999998,-1737.3809999999976,0.45839483138132064,0.5240266260139335,-1.5604720490881778,6602.161000000004,2265.744000000001,370604,1,0,0,0
2025-06-10 04:00:00+00:00,109568.03,109737.68,109095.67,109205.14,2317.07387,6.374e-05,0.0001345499999999996,0.00015246000000000004,1.274439913485905,0,0,9019.86,8620.563999999998,399.2960000000021,0.5113176417981791,0.5245064520681154,-0.018408571740428578,4876.930000000004,975.5332000000017,330655,0,1,0,0
2025-06-10 08:00:00+00:00,109205.14,109851.8,109056.9,109541.28,2344.90457,6.374e-05,0.0001345499999999996,0.00015246000000000004,1.274439913485905,0,0,11181.687,10917.153,264.53399999999965,0.5059852462844203,0.520126907766874,-0.16188834079340256,-1073.5509999999958,1453.1982000000012,375383,1,0,0,0
2025-06-10 12:00:00+00:00,109541.93,109900.81,108331.03,109015.42,5247.00781,0.0001,0.00019430999999999962,0.00028404000000000005,2.1876086819699836,0,0,21775.926,22345.001000000004,-569.0750000000044,0.4935509627891544,0.5175125439783804,-0.5492545334996091,94.75499999999738,914.4777999999999,784444,1,0,1,0
2025-06-10 16:00:00+00:00,109015.41,110400.0,108518.86,109526.3,2639.86004,0.0001,0.00019430999999999962,0.00028404000000000005,2.1876086819699836,0,0,15227.123,14645.835,581.2880000000005,0.509729334470326,0.5159245083758879,-0.11843084816156046,276.74699999999575,-212.26759999999996,545653,1,0,1,0
2025-06-10 20:00:00+00:00,109526.3,110299.73,109239.68,110274.39,2166.36235,8.165e-05,0.00024538999999999963,0.00036275000000000006,1.5928919004547328,0,0,8892.424,8712.012,180.41200000000026,0.5051240494157269,0.5129104975251357,-0.304188511076153,192.62499999999636,171.29099999999963,374614,1,0,0,0
2025-06-11 00:00:00+00:00,110274.39,110274.4,109533.97,109722.95,1393.61311,8.779e-05,0.0002694399999999996,0.00040246,1.6079644549418917,0,0,5815.356,6469.93,-654.5740000000005,0.47335943176251655,0.5032926771107732,-1.2896844389509152,107.1260000000002,-39.4830000000009,277386,1,0,0,0
2025-06-11 04:00:00+00:00,109722.95,109745.29,109373.67,109446.74,1000.47435,8.779e-05,0.0002694399999999996,0.00040246,1.6079644549418917,0,0,4456.35,4799.191999999999,-342.84199999999873,0.481479096524007,0.5038688319732118,-1.0154384464210913,-817.003999999999,-160.95820000000057,207933,1,0,0,0
2025-06-11 08:00:00+00:00,109446.74,109675.69,109193.89,109252.09,1633.7552,8.39e-05,0.00025333999999999963,0.00043023000000000003,1.4060241881643332,0,0,6079.025,5813.122000000001,265.9029999999984,0.5111797726684676,0.5016283455274302,-0.06554893226964371,-731.5130000000008,6.0373999999999794,245591,0,1,0,0
2025-06-11 12:00:00+00:00,109252.1,110392.01,109008.82,109735.7,4399.26765,8.39e-05,0.00025333999999999963,0.00043023000000000003,1.4060241881643332,0,0,23738.563,23608.147,130.41599999999744,0.5013772445857378,0.4951497611679856,-0.3825380642140155,53.47699999999713,-84.13700000000063,817418,1,0,0,0
2025-06-11 16:00:00+00:00,109735.7,109815.84,108412.01,108742.37,2837.53217,8.39e-05,0.00025333999999999963,0.00043023000000000003,1.4060241881643332,0,0,14955.475,18378.396,-3422.9210000000003,0.4486570131623777,0.4941759793460913,-2.07903040292423,-3026.6020000000044,-804.8036000000008,643722,1,0,0,0
2025-06-11 20:00:00+00:00,108742.37,109219.51,108064.0,108645.12,1851.2739,5.039e-05,0.0002220799999999996,0.0005166400000000001,0.5784291541208602,0,0,9906.467,10402.297999999999,-495.8309999999983,0.4877926845871721,0.4918234836249907,-0.7609487848024957,-3788.336000000001,-773.0550000000003,400940,1,0,0,0
2025-06-12 00:00:00+00:00,108645.13,108813.55,107730.0,107860.05,3756.8345,5.039e-05,0.0002220799999999996,0.0005166400000000001,0.5784291541208602,0,0,12062.563,12131.270999999999,-68.70799999999872,0.4985800514296329,0.4910829641395119,-0.36766135916036236,-3987.4599999999973,-718.2282000000002,442265,1,0,0,0
2025-06-12 04:00:00+00:00,107860.04,107993.58,107320.0,107633.53,2337.6809,1.856e-05,0.00015284999999999962,0.00055684,-0.21830667894448277,0,0,9013.497,8419.204000000002,594.2929999999978,0.5170453505741881,0.49343240291801527,0.25033719667167487,29.754000000000815,-652.5502000000004,336914,0,1,0,0
2025-06-12 08:00:00+00:00,107633.53,107835.83,106874.47,106900.95,1866.42836,1.856e-05,0.00015284999999999962,0.00055684,-0.21830667894448277,0,0,9239.152,11250.836000000001,-2011.684000000001,0.4509105617826618,0.48755052564924883,-1.7785182075613293,-1486.099000000002,-1080.9702000000002,381114,1,0,0,0
2025-06-12 12:00:00+00:00,106900.95,107822.5,106600.0,107020.95,3201.2854,7.247e-05,0.00014141999999999963,0.00058907,1.0800171811201256,0,0,21984.555,22453.862,-469.3070000000007,0.49471958013265865,0.48651007872094204,-0.3376984502566718,-1886.698000000004,-490.2474000000002,737544,0,1,0,0
2025-06-12 16:00:00+00:00,107020.96,108450.16,106680.0,106788.8,2559.00784,7.247e-05,0.00014141999999999963,0.00058907,1.0800171811201256,0,0,17594.305,18499.333,-905.0279999999984,0.4874627766810317,0.4879204132127935,-0.5318607649464241,-3386.0190000000002,-572.0868000000003,669065,1,0,0,0
2025-06-12 20:00:00+00:00,106789.8,106960.77,105671.72,105671.73,4057.43518,1.198e-05,0.00010300999999999963,0.00057048,-0.36252427701432455,0,0,18935.15,24206.462,-5271.311999999998,0.4389068725572888,0.4836631908161217,-2.010477659212978,-6645.646999999997,-1612.6076,753926,1,0,0,0
2025-06-13 00:00:00+00:00,105671.74,105694.0,102664.31,104277.22,11535.37443,-1.801e-05,6.643999999999963e-05,0.00048873,-1.022321274671089,0,0,47157.627,51504.899,-4347.271999999997,0.47796898084689216,0.48034211163396423,-0.7628766712371606,-10523.611999999994,-2600.920599999999,1711365,1,0,0,0
2025-06-13 04:00:00+00:00,104277.22,104970.12,103782.75,104895.0,3355.01643,-1.801e-05,6.643999999999963e-05,0.00048873,-1.022321274671089,0,0,14081.78,13231.577,850.2030000000013,0.5155638686229599,0.48176077403768636,0.4321858082180729,-8768.380999999994,-2028.5431999999987,601251,1,0,0,0
2025-06-13 08:00:00+00:00,104895.01,105434.34,104425.79,105039.48,3146.66203,-1.801e-05,6.643999999999963e-05,0.00048873,-1.022321274671089,0,0,14846.937,13307.83,1539.107,0.527332973489001,0.48962837007034865,0.7731724634096224,-1957.961999999996,-1626.8603999999984,553852,1,0,0,0
2025-06-13 12:00:00+00:00,105039.48,105747.47,104118.0,105436.87,3901.15519,-2.7e-06,-8.730000000000377e-06,0.00038603000000000004,-0.6087886974634836,0,0,24369.714,22405.178999999996,1964.5350000000035,0.5209998876961621,0.4929490903812477,0.5570574480374122,4353.845000000005,-1052.947799999998,893464,1,0,0,0
2025-06-13 16:00:00+00:00,105436.87,105981.0,104668.73,105110.0,2950.53869,-2.7e-06,-8.730000000000377e-06,0.00038603000000000004,-0.6087886974634836,0,0,16140.699,15797.827999999998,342.8710000000028,0.5053676708384204,0.4936278523221264,0.12144343111382275,3846.5130000000063,69.88880000000208,693554,0,1,0,0
2025-06-13 20:00:00+00:00,105110.01,106179.53,105020.87,106066.59,1292.07057,3.857e-05,1.7859999999999622e-05,0.00034295000000000007,0.39313308407718056,0,0,7026.515,6064.828,961.6869999999999,0.5367298832518558,0.4955963055898932,1.099723516623234,3269.093000000006,1131.6806000000015,278444,1,0,0,0
2025-06-14 00:00:00+00:00,106066.59,106252.0,105197.96,105228.82,3017.48753,1.958e-05,5.544999999999962e-05,0.00027474000000000004,-0.08262124091837796,0,0,7974.425,8593.171000000002,-618.7460000000019,0.4813266209533356,0.4986379115069607,-0.6187421442578245,685.8120000000008,837.8908000000008,308215,1,0,0,0
2025-06-14 04:00:00+00:00,105228.83,105397.06,104792.98,105076.59,1002.68077,1.958e-05,5.544999999999962e-05,0.00027474000000000004,-0.08262124091837796,0,0,4917.752,4945.977999999999,-28.22599999999875,0.498569202522778,0.49902287374597254,-0.029772432379389566,314.71499999999924,524.4242000000011,199652,1,0,0,0
2025-06-14 08:00:00+00:00,105076.59,105132.36,104836.06,105082.01,786.7679,3.858e-05,9.672999999999962e-05,0.00022942000000000004,0.3684819366856138,0,0,4249.514,3663.2919999999995,586.2220000000007,0.5370426116854122,0.5039808572464106,1.3524745652924137,-60.75,248.76160000000056,179697,1,0,0,0
2025-06-14 12:00:00+00:00,105082.01,105131.25,104615.38,104841.3,1045.14048,3.858e-05,9.672999999999962e-05,0.00022942000000000004,0.3684819366856138,0,0,5320.95,6057.335,-736.3850000000002,0.46764077363152706,0.5068542473538344,-1.0574637151487816,-178.3889999999983,32.91039999999994,233840,1,0,0,0
2025-06-14 16:00:00+00:00,104841.29,105045.78,104359.08,104645.67,1687.29248,1.135e-05,6.950999999999962e-05,0.00019038000000000003,-0.2937317603499055,0,0,9265.537,9357.98,-92.4429999999993,0.49751811110651123,0.5088091603797963,0.021095187247022806,-242.60599999999886,-177.9155999999999,375597,1,0,0,0
2025-06-14 20:00:00+00:00,104645.66,105480.0,104300.0,105414.64,1259.57053,1.135e-05,6.950999999999962e-05,0.00019038000000000003,-0.2937317603499055,0,0,7756.088,7809.548000000001,-53.460000000000946,0.498282755680526,0.507081049085553,0.1458240893778284,-882.2880000000005,-64.8583999999997,315152,0,1,0,0
2025-06-15 00:00:00+00:00,105414.63,105680.0,105264.75,105473.55,759.41728,1.135e-05,6.950999999999962e-05,0.00019038000000000003,-0.2937317603499055,0,0,3758.664,4137.5740000000005,-378.9100000000003,0.4760069288691653,0.5019484446235694,-0.797578492290197,-524.8130000000006,-134.9952,161623,0,1,0,0
2025-06-15 04:00:00+00:00,105473.54,106128.57,105200.0,105428.0,1381.52981,-3.641e-05,1.351999999999962e-05,0.00013541000000000003,-1.381232546899122,0,0,7981.367,8619.927000000001,-638.5600000000013,0.48076776424777484,0.4979252322787306,-0.5593761449057549,-1070.9300000000026,-379.95160000000044,262910,1,0,0,0
2025-06-15 08:00:00+00:00,105428.0,105482.4,104867.64,104970.51,1057.15319,-3.641e-05,1.351999999999962e-05,0.00013541000000000003,-1.381232546899122,0,0,5442.495,5495.727,-53.23199999999997,0.49756669776861356,0.49714513497174995,0.15074921981604733,-1070.7020000000016,-243.32100000000037,234141,1,0,0,0
2025-06-15 12:00:00+00:00,104970.51,105838.24,104955.48,105564.0,1245.40098,1.439e-05,-1.067000000000038e-05,7.733000000000002e-05,-0.17303942778087708,0,0,9134.067,7280.513999999999,1853.5529999999999,0.5564605639339804,0.49911820303996246,2.2750049813095417,1161.7609999999986,145.87819999999948,332847,1,0,0,0
2025-06-15 16:00:00+00:00,105563.99,105777.09,105082.97,105294.19,975.97763,7.369e-05,5.166999999999961e-05,0.00013904,1.186429260029324,0,0,4771.557,5440.347000000001,-668.7900000000009,0.4672543925207287,0.4977109801967017,-1.0166779311767813,1131.530999999999,22.812199999999486,233577,1,0,0,0
2025-06-15 20:00:00+00:00,105294.19,105617.82,104494.53,105594.01,1744.72158,7.369e-05,5.166999999999961e-05,0.00013904,1.186429260029324,0,0,8392.234,8364.926,27.308000000000902,0.5008148158757212,0.49793554153199604,0.23528903790617817,1212.071,104.05579999999972,390624,1,0,0,0
2025-06-16 00:00:00+00:00,105594.02,105970.59,104980.37,105921.84,1680.0381,9.36e-06,9.743999999999961e-05,0.00016641,-0.34835764309652895,0,0,9032.744,8760.047,272.6970000000001,0.5076631316582092,0.49499759352927575,0.4508685282240308,-368.78499999999985,286.3072,412295,1,0,0,0
2025-06-16 04:00:00+00:00,105921.85,107262.31,105874.48,107061.8,2778.21159,9.36e-06,9.743999999999961e-05,0.00016641,-0.34835764309652895,0,0,17373.271,12727.455999999998,4645.815000000002,0.5771711427434959,0.5059506304404726,2.577801499524758,4945.820000000003,1226.1166000000005,495472,1,0,0,0
2025-06-16 08:00:00+00:00,107061.8,107255.01,106582.25,106883.99,2148.92551,5.07e-05,0.00013374999999999962,0.00021981000000000002,0.5886642968584272,0,0,7524.944,8818.891,-1293.9469999999992,0.4604148292001235,0.5022403022498338,-1.1810599805864537,3624.5650000000032,596.6166000000006,323381,1,0,0,0
2025-06-16 12:00:00+00:00,106884.0,107784.26,106495.09,107424.96,2538.358,5.07e-05,0.00013374999999999962,0.00021981000000000002,0.5886642968584272,0,0,16089.175,16208.189000000002,-119.01400000000285,0.4981575276545788,0.5022277794472392,0.03649998343403973,3232.8540000000003,706.5718000000003,664591,0,1,0,0
2025-06-16 16:00:00+00:00,107424.96,108888.0,107309.15,108652.0,2748.12533,5.07e-05,0.00013374999999999962,0.00021981000000000002,0.5886642968584272,0,0,16330.191,15436.63,893.5610000000015,0.5140643755319426,0.5060335241135169,0.4980723524257888,-519.4000000000005,879.8224000000004,562999,1,0,0,0
2025-06-16 20:00:00+00:00,108652.01,108952.38,106700.0,106794.53,3029.00687,2.793e-05,8.798999999999962e-05,0.00020917,-0.016423627365292803,0,0,18803.148,19708.532999999996,-905.3849999999948,0.48824531964730394,0.5067812796534699,-0.36784560416835266,-130.8379999999961,644.2060000000014,676081,1,0,0,0
2025-06-17 00:00:00+00:00,106794.53,107771.34,106115.35,107590.41,3025.95246,1.847e-05,9.709999999999961e-05,0.00020806,-0.30774137648628896,0,0,19362.323,17927.346999999998,1434.9760000000024,0.5192409318720171,0.5089487030638101,0.6433105641052055,1423.1520000000091,2.038200000001416,759091,1,0,0,0
2025-06-17 04:00:00+00:00,107590.41,107711.06,106481.6,106758.52,1696.95424,1.847e-05,9.709999999999961e-05,0.00020806,-0.30774137648628896,0,0,8327.78,9259.318999999998,-931.538999999997,0.47351641109201703,0.5006542877796138,-0.8245220941044008,-401.9479999999894,74.51980000000185,350180,1,0,0,0
2025-06-17 08:00:00+00:00,106758.52,106822.78,105508.23,105641.47,2408.54535,1.847e-05,9.709999999999961e-05,0.00020806,-0.30774137648628896,0,0,13431.604,14707.908,-1276.304,0.47732185263198595,0.5016610337907396,-0.7544050388508167,-772.8669999999947,-156.9381999999976,504933,1,0,0,0
2025-06-17 12:00:00+00:00,105641.48,105862.03,104130.95,104241.63,4308.26392,5.776e-05,0.00010415999999999963,0.00022724000000000003,0.675791633974819,0,0,29522.949,31152.241,-1629.2920000000013,0.48657365555839216,0.5002369177590066,-0.42685572023112667,-3837.1349999999984,-661.5087999999981,916559,1,0,0,0
2025-06-17 16:00:00+00:00,104241.62,105336.82,103371.02,104686.12,4719.96669,5.776e-05,0.00010415999999999963,0.00022724000000000003,0.675791633974819,0,0,29818.289,29141.469999999998,676.8190000000031,0.5057396689833824,0.500044571491524,0.20768686369499237,-2228.776999999998,-345.06799999999856,1023493,1,0,0,0
2025-06-17 20:00:00+00:00,104686.12,104898.81,104203.85,104551.17,1706.64759,2.211e-05,9.833999999999962e-05,0.000238,-0.32347345811619693,0,0,11795.887,11604.746000000001,191.14099999999962,0.5040840989215976,0.4927358671093341,0.08329750987028567,-761.3319999999985,-593.8349999999991,416153,0,1,0,0
2025-06-18 00:00:00+00:00,104551.17,105240.0,104379.52,105184.84,1346.38636,2.211e-05,9.833999999999962e-05,0.000238,-0.32347345811619693,0,0,7661.448,6867.555,793.893,0.5273209730908583,0.4994264814984076,0.8872807588253347,1661.8530000000028,-248.74859999999973,306367,1,0,0,0
2025-06-18 04:00:00+00:00,105184.84,105550.27,104713.24,104973.24,1758.92527,-1.752e-05,6.234999999999962e-05,0.00025689,-1.3224575384901778,0,0,8209.983,8940.877,-730.8940000000002,0.47869220552205544,0.49747994928515527,-0.8689016869885555,254.13999999999942,-139.66659999999973,328643,1,0,0,0
2025-06-18 08:00:00+00:00,104973.24,105310.62,104175.87,104840.59,1900.45623,-1.752e-05,6.234999999999962e-05,0.00025689,-1.3224575384901778,0,0,12107.759,12729.427000000001,-621.6680000000015,0.4874851361986015,0.4948220253518212,-0.5012662479915483,-558.6690000000017,61.85820000000022,459647,1,0,0,0
2025-06-18 12:00:00+00:00,104840.58,105325.83,103814.04,104801.01,4024.47787,3.695e-05,4.1539999999999606e-05,0.00027945,0.16284088270651628,0,0,26776.868,25942.026,834.8419999999969,0.50791786337551,0.4967892797246417,0.2789296458257094,-517.7200000000048,93.46279999999896,916657,0,1,0,0
2025-06-18 16:00:00+00:00,104801.01,104836.64,103500.0,103808.41,3290.4773,3.695e-05,4.1539999999999606e-05,0.00027945,0.16284088270651628,0,0,21516.045,22704.952000000005,-1188.9070000000065,0.4865572117245569,0.4935209077098957,-0.4986313212853969,-975.7330000000111,-182.54680000000226,855611,1,0,0,0
2025-06-18 20:00:00+00:00,103808.41,105139.87,103652.0,104886.78,1647.91864,6.692e-05,8.63499999999996e-05,0.00027268,0.9254224210730463,0,0,9836.172,9413.286999999998,422.88500000000204,0.5109843346766265,0.49726770006835663,0.462602530504328,68.81999999999243,-256.7484000000019,352540,1,0,0,0
2025-06-19 00:00:00+00:00,104886.79,105226.17,104457.12,105100.02,1479.10507,6.692e-05,8.63499999999996e-05,0.00027268,0.9254224210730463,0,0,7334.0,7716.880999999999,-382.8809999999994,0.4872804455765746,0.4982635593628156,-0.46318290797430645,-1148.9030000000039,-187.14580000000169,300592,0,1,0,0
2025-06-19 04:00:00+00:00,105100.01,105220.0,104617.69,104642.85,1132.25759,8.45e-06,0.00011231999999999962,0.00027177,-0.7940447434368993,0,0,5759.226,6871.407,-1112.1810000000005,0.45597287166842704,0.49520348097381905,-1.5521305824015106,-1072.1769999999979,-285.2484000000015,205054,1,0,0,0
2025-06-19 08:00:00+00:00,104642.85,105073.53,104631.26,104776.23,949.58523,8.45e-06,0.00011231999999999962,0.00027177,-0.7940447434368993,0,0,4290.399,4740.400000000001,-450.0010000000002,0.47508520563905804,0.49213803463938655,-0.7879998515905348,-1945.063,-542.2170000000009,181589,0,1,0,0
2025-06-19 12:00:00+00:00,104776.23,104917.05,104078.0,104096.93,1595.4989,6.16e-06,8.152999999999961e-05,0.00022723000000000003,-0.8184155963838051,0,0,10479.517,11184.849999999999,-705.3329999999987,0.48372135682524214,0.4901017604297511,-0.4868319909364961,-2267.5149999999994,-445.50219999999933,365231,1,0,0,0
2025-06-19 16:00:00+00:00,104096.94,104814.73,103929.27,104250.44,1624.22301,2.396e-05,3.856999999999961e-05,0.00022326000000000003,-0.29292052049228856,0,0,9968.047,9389.65,578.3970000000008,0.514939716227607,0.4888636347434259,0.6963870825399632,-576.9369999999981,-414.3997999999996,342514,1,0,0,0
2025-06-19 20:00:00+00:00,104250.45,104898.31,104150.0,104658.59,897.93757,2.396e-05,3.856999999999961e-05,0.00022326000000000003,-0.29292052049228856,0,0,5276.565,4699.663,576.902,0.5289138339661043,0.49388579758783085,1.1656029405525152,449.96600000000217,-222.4431999999997,211253,1,0,0,0
2025-06-20 00:00:00+00:00,104658.59,104820.0,104391.38,104596.63,1026.45735,3.565e-05,6.576999999999961e-05,0.00024044000000000002,0.07552430614173845,0,0,4139.718,4047.557,92.16100000000006,0.5056283073427972,0.49570011470225034,0.2571962900949518,1247.460000000001,18.425200000000405,181590,0,1,0,0
2025-06-20 04:00:00+00:00,104596.64,105825.66,104238.02,105811.74,1878.07017,3.565e-05,6.576999999999961e-05,0.00024044000000000002,0.07552430614173845,0,0,12856.634,9924.953,2931.6810000000005,0.5643432127884682,0.5013426496435461,2.1860766302962937,3600.7440000000006,694.7616000000005,334081,1,0,0,0
2025-06-20 08:00:00+00:00,105811.74,106524.65,105757.48,105977.82,2862.78664,3.565e-05,6.576999999999961e-05,0.00024044000000000002,0.07552430614173845,0,0,17006.792,18123.008,-1116.2160000000003,0.4841129753087123,0.5010982260019617,-0.5918066493438928,1907.6260000000002,612.5850000000003,517455,0,1,0,0
2025-06-20 12:00:00+00:00,105977.82,106149.17,103888.0,104217.99,3668.86931,7.862e-05,0.0001382299999999996,0.0002613,1.416256488670434,0,0,27536.607,30648.882,-3112.2750000000015,0.4732555740830845,0.4973253499426075,-0.9210625599433402,-1296.8100000000013,-125.54940000000025,850010,1,0,0,0
2025-06-20 16:00:00+00:00,104218.0,104269.64,102345.0,103307.22,5227.49835,7.862e-05,0.0001382299999999996,0.0002613,1.416256488670434,0,0,27449.166,30738.768,-3289.601999999999,0.4717329541206945,0.4957706007970195,-0.9882159295388835,-7518.093000000001,-898.8502000000001,907371,1,0,0,0
2025-06-20 20:00:00+00:00,103307.21,103828.0,102963.67,103297.99,1755.38101,2.4e-05,0.0001382699999999996,0.00026319000000000006,-0.20609015341179593,0,0,8427.187,8202.863,224.32400000000052,0.5067445377494355,0.5008477674051204,0.29355087365620564,-6177.553,-872.4176,318404,0,1,0,0
2025-06-21 00:00:00+00:00,103297.98,103691.67,103127.48,103495.87,750.73411,2.4e-05,0.0001382699999999996,0.00026319000000000006,-0.20609015341179593,0,0,4538.486,4121.124000000001,417.36199999999917,0.5240981984177115,0.5057490666829857,0.9000789060087119,-2647.9159999999993,-1375.2814000000003,179372,1,0,0,0
2025-06-21 04:00:00+00:00,103495.86,103599.04,103330.0,103458.5,686.61118,3.977e-05,0.00014238999999999962,0.00032048,0.3705005304179502,0,0,2886.077,3258.107,-372.02999999999975,0.4697250277660956,0.504349433777071,-1.0927510131071,269.65599999999995,-1226.4442000000001,130959,1,0,0,0
2025-06-21 08:00:00+00:00,103458.5,103982.64,103458.49,103874.64,1188.56205,3.977e-05,0.00014238999999999962,0.00032048,0.3705005304179502,0,0,6182.229,5867.990999999999,314.2380000000012,0.5130386831111797,0.5041593304654283,0.6754127536060478,359.5700000000006,-541.1415999999996,193556,1,0,0,0
2025-06-21 12:00:00+00:00,103874.63,103946.47,103281.82,103560.9,1449.27436,1.933e-05,8.309999999999961e-05,0.00030286000000000006,-0.26708426747012104,0,0,8559.976,9379.131,-819.1549999999988,0.4771684566015466,0.4989847927289725,-0.8408784747544904,-876.9469999999974,-47.05219999999954,282362,1,0,0,0
2025-06-21 16:00:00+00:00,103560.9,103640.0,102210.43,102245.1,2365.40427,7.44e-05,0.0001334999999999996,0.00031034000000000004,1.6374397681843924,0,0,9932.844,12823.343000000003,-2890.4990000000034,0.4364898214274649,0.49207094413743935,-2.2595224306135067,-3395.416000000001,-670.0168000000003,379394,1,0,0,0
2025-06-21 20:00:00+00:00,102245.11,102888.88,100837.9,102120.01,4713.62735,7.44e-05,0.0001334999999999996,0.00031034000000000004,1.6374397681843924,0,0,26353.977,26868.065000000002,-514.0880000000034,0.49517034690251077,0.4851536575488436,0.029073246034031407,-4223.742000000006,-856.3068000000009,867961,1,0,0,0
2025-06-22 00:00:00+00:00,102120.02,103399.62,101839.96,102375.4,4339.90882,7.44e-05,0.0001334999999999996,0.00031034000000000004,1.6374397681843924,0,0,23896.439,23017.103000000003,879.3359999999957,0.5093718781668627,0.4876795478346586,0.6049220323721222,-2525.251000000011,-606.0336000000018,887153,1,0,0,0
2025-06-22 04:00:00+00:00,102375.4,102946.47,102256.01,102424.61,1481.73109,2.883e-05,0.0001225599999999996,0.00033072000000000006,0.034462319211755965,0,0,8390.551,7779.870000000001,610.6809999999987,0.5188826561782157,0.4922422560441718,0.9187126621827187,975.928999999991,-546.7450000000023,325274,1,0,0,0
2025-06-22 08:00:00+00:00,102424.61,102804.05,102080.0,102739.48,1801.30685,0.0001,0.0002032299999999996,0.00042456000000000004,2.3391581370243104,0,0,7460.502,7498.6720000000005,-38.17000000000007,0.4987241942636672,0.494941380058469,0.09558846027059392,1451.8469999999943,-390.5480000000025,309992,0,1,1,0
2025-06-22 12:00:00+00:00,102739.47,102831.0,98889.35,98906.21,12422.58545,0.0001,0.0002032299999999996,0.00042456000000000004,2.3391581370243104,0,0,57526.256,61917.415,-4391.159,0.4816182851580307,0.4924287547993285,-0.5775132093619924,-3818.648000000001,-690.6800000000018,1660964,1,0,1,0
2025-06-22 16:00:00+00:00,98906.21,100380.0,98673.66,98882.84,4419.40202,0.0001,0.0002032299999999996,0.00042456000000000004,2.3391581370243104,0,0,22909.826,21749.273999999998,1160.5520000000033,0.5129934548613833,0.4913182804436957,0.6555496751148773,-3268.7769999999964,-355.7520000000004,803653,0,1,1,0
2025-06-22 20:00:00+00:00,98882.85,101034.65,98200.0,100963.87,4281.47649,4.145e-05,0.0001702799999999996,0.00044205000000000004,0.385429537014094,0,0,26887.947,24528.781000000003,2359.1659999999974,0.5229416193111316,0.4966399395981993,1.0067516986365899,-871.4409999999989,-59.78600000000006,889055,1,0,0,0
2025-06-23 00:00:00+00:00,100963.87,101620.0,100494.25,101154.14,2930.22354,-1.061e-05,0.0001308399999999996,0.00039579000000000003,-1.3535542563596812,0,0,14169.825,13285.742999999999,884.0820000000022,0.5161002314721735,0.49694609443429877,0.766687989495624,4403.800000000003,-5.105799999999363,488508,1,0,0,0
2025-06-23 04:00:00+00:00,101154.13,102137.0,100980.0,101931.04,2509.06943,-1.061e-05,0.0001308399999999996,0.00039579000000000003,-1.3535542563596812,0,0,11618.957,11525.909999999998,93.0470000000023,0.502010100122848,0.4994302587864288,0.18198381231088967,3336.295000000002,21.13760000000111,391608,1,0,0,0
2025-06-23 08:00:00+00:00,101931.04,102080.0,101102.76,101289.01,2527.52051,-1.061e-05,0.0001308399999999996,0.00039579000000000003,-1.3535542563596812,0,0,8670.372,10176.665,-1506.2930000000015,0.46003899711132307,0.5017851763548146,-1.4027041891960603,-529.163999999997,598.1108000000007,335841,1,0,0,0
2025-06-23 12:00:00+00:00,101289.0,102613.09,100792.16,101420.7,4451.665,-2.809e-05,2.7499999999995925e-06,0.00028908000000000004,-1.8297080370746945,0,0,27058.128,27352.474,-294.34599999999773,0.4972951411197399,0.5019976557765375,0.04361725282367423,-1707.591999999997,307.13120000000055,940370,0,1,0,0
2025-06-23 16:00:00+00:00,101420.71,103300.0,99613.33,103161.29,7496.3725,-2.809e-05,2.7499999999995925e-06,0.00028908000000000004,-1.8297080370746945,0,0,48487.965,48358.73700000001,129.22799999998824,0.5006671781141292,0.5011271857712642,0.15588797364923435,-1671.411000000011,-138.85640000000132,1473213,1,0,0,0
2025-06-23 20:00:00+00:00,103161.3,106074.2,102880.0,105333.93,7751.65511,4.889e-05,1.0189999999999596e-05,0.00031397000000000006,0.6169921007605141,0,0,40459.764,36057.501,4402.263000000006,0.5287664685871876,0.5021155670121613,1.1944564091609757,4237.144999999997,564.7797999999996,1087671,1,0,0,0
2025-06-24 00:00:00+00:00,105333.94,105500.0,104720.82,104919.6,2882.14256,4.889e-05,1.0189999999999596e-05,0.00031397000000000006,0.6169921007605141,0,0,10789.198,12074.161,-1284.9629999999997,0.4718990765967503,0.49943305524546977,-0.9276590638693204,3246.527999999995,289.17779999999914,422289,1,0,0,0
2025-06-24 04:00:00+00:00,104919.6,105811.0,104704.91,104933.74,3158.97987,1.245e-05,3.3249999999999595e-05,0.00028665000000000006,-0.5325516871269454,0,0,13209.837,14304.853,-1095.0159999999996,0.48010124773348345,0.499281351503015,-0.6743113964452649,2022.284000000007,371.4331999999995,447016,0,1,0,0
2025-06-24 08:00:00+00:00,104933.74,105571.4,104622.02,105170.0,2216.8644,1.218e-05,7.351999999999961e-05,0.0002795,-0.5116133952781601,0,0,12167.321,11522.332999999999,644.9880000000012,0.5136132845165235,0.49934333446852897,0.5777366518827725,-1734.9909999999982,559.2999999999993,416502,1,0,0,0
2025-06-24 12:00:00+00:00,105169.99,105731.92,104800.98,105244.73,2933.73072,1.218e-05,7.351999999999961e-05,0.0002795,-0.5116133952781601,0,0,16311.345,16219.324999999999,92.02000000000044,0.501414357589315,0.4971906082963473,0.07932411323018033,-358.007999999998,551.8584000000017,561654,1,0,0,0
2025-06-24 16:00:00+00:00,105244.72,106290.0,105172.64,105643.19,2366.40087,4.47e-06,2.9099999999999593e-05,0.00020957000000000004,-0.7444082510132681,0,0,13609.254,13633.325,-24.070999999999913,0.49955820996242684,0.4955364061453727,0.02677338987824556,712.9370000000017,-333.4083999999995,488322,0,1,0,0
2025-06-24 20:00:00+00:00,105643.2,106119.11,105435.45,106083.0,1093.57493,4.47e-06,2.9099999999999593e-05,0.00020957000000000004,-0.7444082510132681,0,0,5714.246,4894.688999999999,819.5570000000007,0.5386257904304249,0.49919797517613046,1.5300906635576697,887.5060000000012,87.49560000000056,229697,1,0,0,0
2025-06-25 00:00:00+00:00,106083.0,106791.18,105808.03,106232.01,2385.0945,4.47e-06,2.9099999999999593e-05,0.00020957000000000004,-0.7444082510132681,0,0,13713.433,12123.871,1589.5620000000017,0.5307609880659375,0.5062701742715918,1.1644134007968159,2385.0480000000025,624.4112000000008,459860,1,0,0,0
2025-06-25 04:00:00+00:00,106232.01,106702.0,106001.0,106600.01,1317.62334,-3.174e-05,-1.5090000000000406e-05,0.00014900000000000004,-1.9070043160295655,0,0,6025.5,5832.2880000000005,193.21199999999953,0.5081470506978198,0.5073553652293998,0.4246826245341412,2602.331000000002,534.0560000000005,222877,1,0,0,0
2025-06-25 08:00:00+00:00,106600.0,107237.44,106343.13,107198.02,2272.81569,2.747e-05,1.999999999995949e-07,7.647000000000003e-05,-0.040277707969498824,0,0,13090.808,12179.887999999999,910.9200000000019,0.518023247163434,0.5090909721343303,0.7930059786413303,2693.694000000003,697.8360000000008,428448,1,0,0,0
2025-06-25 12:00:00+00:00,107198.02,108135.3,106752.36,107028.0,7497.00314,2.747e-05,1.999999999995949e-07,7.647000000000003e-05,-0.040277707969498824,0,0,31020.084,31635.662,-615.5780000000013,0.4950876173431883,0.5057230870099303,-0.2137116564106648,488.5540000000001,579.5346000000005,906466,1,0,0,0
2025-06-25 16:00:00+00:00,107027.99,107905.37,106931.0,107761.68,2109.69446,2.747e-05,1.999999999995949e-07,7.647000000000003e-05,-0.040277707969498824,0,0,10603.124,10367.987000000001,235.1369999999988,0.505606212279359,0.5090938005781912,0.19776918086183234,530.4789999999994,462.6506000000001,401913,1,0,0,0
2025-06-25 20:00:00+00:00,107761.67,108000.0,107079.9,107340.58,1118.92438,9.62e-06,5.349999999999594e-06,4.464000000000003e-05,-0.5589875020897469,0,0,6695.936,5989.242,706.6939999999995,0.5278551077485866,0.5138691865797016,1.1298950319959389,326.252999999997,286.07699999999966,245839,0,1,0,0
2025-06-26 00:00:00+00:00,107340.59,108272.45,107105.43,107853.79,1896.83706,1.41e-06,3.8499999999999594e-05,5.666000000000004e-05,-0.8154778597550314,0,0,11169.472,10273.305999999999,896.1660000000011,0.5208966860543909,0.5145975267334884,0.8356979478302106,1837.9969999999994,426.6678,418305,1,0,0,0
2025-06-26 04:00:00+00:00,107853.79,108085.92,107520.0,107813.99,1290.81871,1.41e-06,3.8499999999999594e-05,5.666000000000004e-05,-0.8154778597550314,0,0,5281.371,5581.312999999999,-299.9419999999991,0.48619392776223636,0.5130754837507804,-0.7222474985958788,1302.9180000000015,184.4953999999998,223334,1,0,0,0
2025-06-26 08:00:00+00:00,107813.99,108174.86,107117.65,107325.41,2010.44306,1.41e-06,3.8499999999999594e-05,5.666000000000004e-05,-0.8154778597550314,0,0,8026.797,9825.907000000003,-1799.1100000000033,0.44961239485066234,0.5080809022396039,-2.0918527651899392,-1202.8860000000013,-52.2110000000006,314208,1,0,0,0
2025-06-26 12:00:00+00:00,107325.42,107765.55,106562.5,107313.6,2623.12904,3.805e-05,4.90799999999996e-05,0.00012280000000000003,0.40060533295993406,0,0,17003.184,16273.485999999997,729.698000000004,0.5109641078869972,0.5053147339852612,0.40455332237255587,-1369.3539999999985,46.701200000000426,598457,0,1,0,0
2025-06-26 16:00:00+00:00,107313.61,107669.74,107009.28,107532.98,1252.6466,3.805e-05,4.90799999999996e-05,0.00012280000000000003,0.40060533295993406,0,0,6558.998,6738.915000000001,-179.91700000000128,0.49323514148423137,0.5015621493270905,-0.4850162673307715,-1249.3290000000006,-130.62099999999973,301090,0,1,0,0
2025-06-26 20:00:00+00:00,107532.97,108000.0,106850.0,106947.06,1499.39832,6.82e-06,4.62799999999996e-05,8.073000000000004e-05,-0.6029376059098698,0,0,8712.252,8988.384999999998,-276.132999999998,0.4921999134833397,0.4999674356056426,-0.5293438718529755,273.6480000000047,-365.08079999999956,325697,1,0,0,0
2025-06-27 00:00:00+00:00,106947.06,107515.28,106438.33,107477.76,1472.30428,1.113e-05,5.59999999999996e-05,7.941000000000004e-05,-0.4523242882054198,0,0,8182.509,7721.296,461.21299999999974,0.5145000834705908,0.4996151192363582,0.5426792468665196,5.163000000000466,-212.8497999999998,285239,1,0,0,0
2025-06-27 04:00:00+00:00,107477.76,107735.34,106850.0,106869.71,1946.05962,1.113e-05,5.59999999999996e-05,7.941000000000004e-05,-0.4523242882054198,0,0,6738.591,7256.965,-518.3739999999998,0.4814807643226178,0.49825443393430124,-0.9864226729148797,-333.29399999999805,43.29740000000093,240241,1,0,0,0
2025-06-27 08:00:00+00:00,106869.72,107159.95,106679.98,106983.6,2318.07544,2.663e-05,4.457999999999959e-05,9.386000000000004e-05,0.09029854551002027,0,0,10430.821,8325.771,2105.0499999999993,0.5561149381508111,0.5033053065214463,2.2646195256953154,2047.8889999999992,318.3678,283243,1,0,0,0
2025-06-27 12:00:00+00:00,106983.6,107407.14,106356.76,107308.25,3704.52866,2.663e-05,4.457999999999959e-05,9.386000000000004e-05,0.09029854551002027,0,0,17122.254,16889.489,232.76499999999942,0.503421832865196,0.5008619790331073,-0.05514518848731607,1819.440999999999,400.9042000000001,547025,1,0,0,0
2025-06-27 16:00:00+00:00,107308.25,107709.22,106446.45,106801.02,1987.48356,2.663e-05,4.457999999999959e-05,9.386000000000004e-05,0.09029854551002027,0,0,13020.803,14323.235,-1302.4320000000007,0.47618435141144844,0.49639074556881313,-1.17629979678936,1035.382999999998,195.6443999999996,480861,1,0,0,0
2025-06-27 20:00:00+00:00,106801.02,107277.99,106794.33,107047.59,803.98886,2.557e-05,6.33299999999996e-05,0.00011496000000000004,0.051059601393915854,0,0,4622.135,4003.581,618.5540000000001,0.535855226395119,0.5013568754321014,1.35149363453396,-451.1130000000012,227.11259999999965,168453,1,0,0,0
2025-06-28 00:00:00+00:00,107047.58,107347.1,106811.51,107300.13,775.04704,2.557e-05,6.33299999999996e-05,0.00011496000000000004,0.051059601393915854,0,0,4949.308,3624.3640000000005,1324.9439999999995,0.5772681763426453,0.5141224535812997,2.6297353554188048,641.0659999999989,595.7761999999996,166009,1,0,0,0
2025-06-28 04:00:00+00:00,107300.13,107496.12,107183.29,107485.0,497.62159,-1.161e-05,4.0589999999999596e-05,0.00013509000000000004,-1.2075039156008192,0,0,2611.297,2655.644,-44.34699999999975,0.49579006106200924,0.5126050488988009,-0.36470858825028507,1899.1509999999998,165.8967999999997,121015,0,1,0,0
2025-06-28 08:00:00+00:00,107485.01,107493.07,107252.6,107373.39,416.2984,-1.161e-05,4.0589999999999596e-05,0.00013509000000000004,-1.2075039156008192,0,0,2376.634,2703.911,-327.27700000000004,0.46779115232716173,0.510060649983094,-1.4258025039805426,953.3199999999997,53.88839999999982,106620,1,0,0,0
2025-06-28 12:00:00+00:00,107373.39,107577.75,107084.15,107449.28,714.87392,6.053e-05,7.44899999999996e-05,0.00016815000000000005,1.1702598054415607,0,0,3839.243,3148.5670000000005,690.6759999999995,0.5494200615071102,0.515782664785471,1.4974023133914707,319.0519999999997,452.5099999999999,130298,1,0,0,0
2025-06-28 16:00:00+00:00,107449.28,107542.5,107225.74,107225.74,499.08961,4.434e-05,9.325999999999958e-05,0.00020287000000000001,0.6795045586024796,0,0,3230.966,3336.6929999999998,-105.72699999999986,0.49195093716040983,0.5135277501544528,-0.5525204969400793,257.67199999999957,307.6537999999999,134006,1,0,0,0
2025-06-28 20:00:00+00:00,107225.74,107378.37,107154.62,107296.79,379.24296,4.434e-05,9.325999999999958e-05,0.00020287000000000001,0.6795045586024796,0,0,1584.43,1609.3619999999999,-24.93199999999979,0.496096802797427,0.5149893540019338,-0.3683992929176087,560.0169999999998,37.6786,89245,0,1,0,0
2025-06-29 00:00:00+00:00,107296.79,107500.0,107172.52,107210.78,534.03453,4.434e-05,9.325999999999958e-05,0.00020287000000000001,0.6795045586024796,0,0,3185.02,3156.231,28.78899999999976,0.5022699779586078,0.5096048579827135,-0.18757152382213285,-101.86999999999989,52.305799999999905,106278,0,1,0,0
2025-06-29 04:00:00+00:00,107210.78,107402.18,107205.82,107402.18,340.57663,1.25e-05,0.00011736999999999959,0.00021396000000000002,-0.4040160362135881,0,0,1870.525,1489.7869999999998,380.7380000000003,0.5566521799166269,0.5149278926878565,1.6738090930815752,384.59500000000025,193.90879999999999,70069,1,0,0,0
2025-06-29 08:00:00+00:00,107402.17,108484.0,107402.17,108477.11,1988.92767,1.25e-05,0.00011736999999999959,0.00021396000000000002,-0.4040160362135881,0,0,14480.99,10743.959,3737.030999999999,0.57407410417361,0.5247168679640726,2.051971338879669,4146.557999999999,803.1797999999999,416172,1,0,0,0
2025-06-29 12:00:00+00:00,108477.12,108528.5,107650.0,107750.72,1320.45894,5.36e-05,0.00011043999999999959,0.00022951000000000002,0.9288447341309567,0,0,6378.889,8320.953000000001,-1942.0640000000012,0.4339426913568187,0.5145256144602427,-2.2637152166292824,2175.704999999998,435.9123999999996,280484,1,0,0,0
2025-06-29 16:00:00+00:00,107750.72,107792.05,107316.46,107406.81,1188.5295,5.36e-05,0.00011043999999999959,0.00022951000000000002,0.9288447341309567,0,0,6387.249,6939.85,-552.6010000000006,0.4792677686269157,0.5047255736886698,-0.8774249032140407,1242.3659999999973,330.37859999999944,233258,1,0,0,0
2025-06-29 20:00:00+00:00,107406.8,108436.47,107250.0,108356.93,1459.20913,0.0001,0.0001660999999999996,0.00032269000000000004,2.189388832630573,0,0,9249.33,7245.5419999999995,2003.7880000000005,0.5607397256553431,0.5112205401480031,1.4681549001583898,-490.8770000000013,725.3783999999996,292643,1,0,1,0
2025-06-30 00:00:00+00:00,108356.93,108789.99,108255.81,108503.74,1564.16827,1.084e-05,0.00016443999999999958,0.0003224000000000001,-0.5142691562155055,0,0,8324.502,8150.610000000001,173.89199999999983,0.5052774148060419,0.5149691663958912,-0.10385649543364375,1625.0789999999997,684.0091999999995,278093,1,0,0,0
2025-06-30 04:00:00+00:00,108503.74,108538.76,107481.31,107614.08,1581.27553,1.084e-05,0.00016443999999999958,0.0003224000000000001,-0.5142691562155055,0,0,9952.989,10284.336000000001,-331.3470000000016,0.49181346843023965,0.5092085070882041,-0.47603446366781665,1846.3329999999987,-129.6664000000006,292001,1,0,0,0
2025-06-30 08:00:00+00:00,107614.07,107964.33,107400.0,107654.2,1242.20442,1.084e-05,0.00016443999999999958,0.0003224000000000001,-0.5142691562155055,0,0,7272.242,7085.923000000001,186.3189999999995,0.5064882594676966,0.5106622393189328,-0.04178210282620795,28.86399999999776,296.01019999999954,219901,1,0,0,0
2025-06-30 12:00:00+00:00,107654.21,107858.79,106733.33,107580.46,2980.03437,2.959e-05,0.00014042999999999958,0.00032536,0.11261906791168705,0,0,18497.582,20466.779,-1969.1970000000001,0.4747307930957728,0.5085256383487673,-0.9270907295059307,-2114.225000000002,12.690999999999622,572506,1,0,0,0
2025-06-30 16:00:00+00:00,107580.47,107807.94,107116.4,107745.97,1314.82691,2.959e-05,0.00014042999999999958,0.00032536,0.11261906791168705,0,0,7684.345,7817.773,-133.42799999999988,0.49569645902579246,0.5078682864554859,-0.31951301549003547,-1916.3060000000005,-414.75220000000047,309087,0,1,0,0
2025-06-30 20:00:00+00:00,107745.97,107764.73,106900.02,107146.5,1071.61541,4.923e-05,8.96599999999996e-05,0.00034902,0.7061735816945186,0,0,4168.37,4975.935,-807.5650000000005,0.45584328169281313,0.49778739663310445,-1.348044943810387,-2910.1900000000005,-611.0436000000005,193508,1,0,0,0
2025-07-01 00:00:00+00:00,107146.51,107540.0,107026.93,107192.38,973.46,4.923e-05,8.96599999999996e-05,0.00034902,0.7061735816945186,0,0,4550.687,4781.851000000001,-231.16400000000067,0.487615158920328,0.4891415021077762,-0.4376541434932692,-1172.157000000001,-591.0070000000003,192059,0,1,0,0
2025-07-01 04:00:00+00:00,107192.39,107203.11,106615.97,107178.99,1267.97836,1.053e-05,8.93499999999996e-05,0.00037116000000000004,-0.48633798879959095,0,0,7731.238,8165.342,-434.10399999999936,0.4863459939181887,0.4943818323639132,-0.4729798695854263,-1472.8330000000005,-715.0916000000001,257899,1,0,0,0
2025-07-01 08:00:00+00:00,107178.99,107178.99,106301.86,106605.8,1434.81634,1.053e-05,8.93499999999996e-05,0.00037116000000000004,-0.48633798879959095,0,0,7885.626,8142.745999999999,-257.119999999999,0.49197922284309353,0.49565297778553097,-0.37015886938246145,-922.387999999999,-372.6761999999999,269887,1,0,0,0
2025-07-01 12:00:00+00:00,106605.79,107179.99,105623.39,105955.18,3974.69567,4.334e-05,0.0001030999999999996,0.00035397000000000005,0.522579415851121,0,0,21795.349,23496.797000000002,-1701.448000000004,0.48121696419507254,0.48770070163950396,-0.646994399874202,-2392.6720000000023,-686.2802000000007,705783,1,0,0,0
2025-07-01 16:00:00+00:00,105955.19,106287.95,105387.68,105398.53,1690.90273,1.109e-05,6.49599999999996e-05,0.00032072000000000003,-0.4421333966546639,0,0,10414.646,11311.475999999999,-896.8299999999981,0.4793605596065419,0.48510901611955387,-0.6822495987546096,-2855.398000000001,-704.1332000000002,371066,1,0,0,0
2025-07-01 20:00:00+00:00,105398.52,106100.0,105250.85,105681.14,1163.77127,1.109e-05,6.49599999999996e-05,0.00032072000000000003,-0.4421333966546639,0,0,6234.418,5924.225,310.1929999999993,0.5127560699002347,0.4872032762665535,0.2470467390931528,-2288.0850000000028,-595.8618000000002,247037,1,0,0,0
2025-07-02 00:00:00+00:00,105681.13,106216.08,105100.19,106194.7,1453.64233,1.109e-05,6.49599999999996e-05,0.00032072000000000003,-0.4421333966546639,0,0,7802.611,7406.622,395.9889999999996,0.5130180463406668,0.48785625495385043,0.2560003271548792,-190.64799999999923,-429.8432000000004,275438,1,0,0,0
2025-07-02 04:00:00+00:00,106194.7,107186.78,106131.55,107080.0,1903.51108,1.807e-05,7.24999999999996e-05,0.0003262900000000001,-0.20218809040801367,0,0,11263.22,10139.507,1123.7129999999997,0.5262516313925791,0.4930083387835311,0.5905361493840371,1829.8949999999986,-153.6766000000007,334142,1,0,0,0
2025-07-02 08:00:00+00:00,107080.0,107860.23,107080.0,107479.99,2147.6808,3.403e-05,6.318999999999959e-05,0.00030672,0.4408716155456624,0,0,14351.858,15741.529999999999,-1389.6719999999987,0.4769106755277937,0.4911297604337312,-0.7599660219314427,130.03000000000065,-91.32139999999963,396949,0,1,0,0
2025-07-02 12:00:00+00:00,107479.98,108759.2,107186.1,108737.74,3227.14121,3.403e-05,6.318999999999959e-05,0.00030672,0.4408716155456624,0,0,23683.181,19251.26,4431.921000000002,0.5516126552107666,0.5007066977855266,1.3355032782728375,4165.962000000003,974.4288000000004,606638,1,0,0,0
2025-07-02 16:00:00+00:00,108737.75,109730.0,108650.97,109676.14,5656.10907,3.403e-05,6.318999999999959e-05,0.00030672,0.4408716155456624,0,0,27820.917,24651.381999999998,3169.5350000000035,0.5302019833360074,0.5049653802270946,0.6801177639936946,6211.784000000007,1546.2972000000013,756538,1,0,0,0
2025-07-02 20:00:00+00:00,109676.14,109676.14,108720.0,108849.6,3303.81143,4.13e-05,9.339999999999959e-05,0.00024802000000000005,0.7089010674309556,0,0,7492.139,7963.034000000001,-470.89500000000044,0.48476578036363616,0.5048073588716393,-0.566922696524515,7130.561000000005,1372.9204000000013,251753,1,0,0,0
2025-07-03 00:00:00+00:00,108849.59,109115.03,108530.4,108628.21,1439.99562,4.13e-05,9.339999999999959e-05,0.00024802000000000005,0.7089010674309556,0,0,6298.619,6562.455000000001,-263.83600000000115,0.48974284729253553,0.5045837213165835,-0.3698780851011044,2434.804000000002,1095.410600000001,245253,1,0,0,0
2025-07-03 04:00:00+00:00,108628.2,109548.0,108566.14,109280.0,1560.58968,4.871e-05,0.00012403999999999958,0.00028589,0.9192536999364302,0,0,9122.503,7680.704999999998,1441.7980000000025,0.5429024624345542,0.5107522711405317,1.2007225319013097,707.0670000000009,1661.7046000000014,278665,1,0,0,0
2025-07-03 08:00:00+00:00,109279.99,110273.21,109279.99,109599.19,3249.5488,4.871e-05,0.00012403999999999958,0.00028589,0.9192536999364302,0,0,13827.023,12194.288000000002,1632.734999999997,0.5313730349712202,0.5159535186769995,0.7952293881835475,2810.6969999999983,1101.8674000000003,394664,1,0,0,0
2025-07-03 12:00:00+00:00,109599.18,110529.18,108749.99,109127.84,4201.7259,3.562e-05,0.0001256299999999996,0.00029192,0.37798323043472526,0,0,30491.821,29956.973,534.8479999999981,0.5044239757703024,0.5151203092640062,0.018320515407729575,3609.3809999999976,574.9299999999992,936205,0,1,0,0
2025-07-03 16:00:00+00:00,109127.85,109910.1,109020.8,109803.41,1688.44383,3.562e-05,0.0001256299999999996,0.00029192,0.37798323043472526,0,0,9633.685,8010.081,1623.6039999999994,0.5460106986229584,0.5184195744922354,1.2426403136911226,3791.1869999999944,993.8297999999992,322275,1,0,0,0
2025-07-03 20:00:00+00:00,109803.41,110000.0,109510.0,109584.78,906.77842,5.028e-05,0.00013460999999999958,0.00029297000000000004,0.9598821693653263,0,0,3854.238,3855.606,-1.368000000000393,0.4999112822516253,0.51578553957814,-0.1806338781951827,2157.083999999997,1046.3233999999993,165512,1,0,0,0
2025-07-04 00:00:00+00:00,109584.77,109767.59,109103.71,109235.57,1002.72236,5.028e-05,0.00013460999999999958,0.00029297000000000004,0.9598821693653263,0,0,5098.493,5560.706,-462.21299999999974,0.4783185866029896,0.5159263306856595,-0.8118645618265488,1160.0229999999992,665.5211999999989,204085,1,0,0,0
2025-07-04 04:00:00+00:00,109235.58,109329.6,108700.0,108700.0,1609.06105,5.23e-05,0.0001381999999999996,0.00033474000000000004,0.975785571243612,0,0,7092.355,8373.507,-1281.152,0.4585812934319471,0.5066231945077776,-1.3314189861472063,-1744.7330000000002,82.74379999999947,258722,1,0,0,0
2025-07-04 08:00:00+00:00,108700.0,109111.0,108518.83,108888.0,1086.39121,5.23e-05,0.0001381999999999996,0.00033474000000000004,0.975785571243612,0,0,8690.556,7944.255000000001,746.3009999999995,0.5224319049972975,0.5058461866739066,0.7565958427417806,-997.0640000000003,125.03439999999974,232277,1,0,0,0
2025-07-04 12:00:00+00:00,108888.0,108978.64,107505.0,107573.29,3616.08946,5.009e-05,0.0001526699999999996,0.00034149000000000007,0.8339296179257522,0,0,22701.508,26281.778,-3580.269999999997,0.46345416679477164,0.5037150253170202,-1.3476471362397133,-4115.120999999997,-915.7403999999995,670760,1,0,0,0
2025-07-04 16:00:00+00:00,107573.29,107922.5,107245.0,107469.23,3431.70312,5.009e-05,0.0001526699999999996,0.00034149000000000007,0.8339296179257522,0,0,13621.032,14671.787,-1050.755000000001,0.4814307121534973,0.5028838118031164,-0.7058536231157182,-3884.7239999999983,-1125.6177999999995,397776,1,0,0,0
2025-07-04 20:00:00+00:00,107469.22,108279.33,107440.63,107984.24,1047.89895,1.797e-05,0.00012035999999999959,0.00034837000000000003,-0.44717629078943366,0,0,7045.755,5224.115000000001,1821.6399999999994,0.5742322453294126,0.5060167900926021,2.519745036212397,-2809.3849999999984,-668.8471999999998,193542,1,0,0,0
2025-07-05 00:00:00+00:00,107984.25,108259.99,107756.31,108154.72,766.63785,1.797e-05,0.00012035999999999959,0.00034837000000000003,-0.44717629078943366,0,0,3934.171,3981.864,-47.69300000000021,0.4969875701661248,0.5025782436120927,-0.14637556481485603,723.1919999999982,-422.1553999999998,152115,0,1,0,0
2025-07-05 04:00:00+00:00,108154.72,108420.56,108000.0,108053.46,660.13042,1.066e-05,7.87199999999996e-05,0.00034096,-0.8793105796934649,0,0,3855.743,3717.323,138.42000000000007,0.5091389669652951,0.503049742731592,0.25469307601611496,1912.3669999999993,-543.7315999999997,137885,0,1,0,0
2025-07-05 08:00:00+00:00,108053.46,108219.19,107870.42,108112.21,675.37974,1.066e-05,7.87199999999996e-05,0.00034096,-0.8793105796934649,0,0,3035.268,2856.5299999999997,178.73800000000028,0.5151683747474031,0.49996551034403647,0.45221285219210033,269.46500000000015,208.0699999999997,127108,1,0,0,0
2025-07-05 12:00:00+00:00,108112.2,108232.29,107971.0,108058.0,564.4708,3.055e-05,5.917999999999959e-05,0.00033748000000000003,-0.009222705948746135,0,0,2503.411,2586.906,-83.49499999999989,0.4917986443673351,0.49915424655560736,-0.3800484749857411,233.66300000000047,401.52199999999993,107777,1,0,0,0
2025-07-05 16:00:00+00:00,108058.0,108167.23,107864.75,108141.78,586.1961,3.055e-05,5.917999999999959e-05,0.00033748000000000003,-0.009222705948746135,0,0,3164.205,2993.2290000000003,170.97599999999966,0.5138837054526284,0.5027107584405713,0.3717252562073868,266.21900000000005,71.38919999999999,120770,1,0,0,0
2025-07-05 20:00:00+00:00,108141.78,108250.0,107993.39,108198.12,484.16079,4.005e-05,8.125999999999958e-05,0.0003362300000000001,0.3688893626926189,0,0,1969.231,2063.067,-93.83600000000001,0.48836445123847494,0.505689074221224,-0.584746666979434,-6.355000000000246,62.160600000000024,89296,0,1,0,0
2025-07-06 00:00:00+00:00,108198.12,108268.35,108025.97,108050.49,397.25464,4.005e-05,8.125999999999958e-05,0.0003362300000000001,0.3688893626926189,0,0,2070.173,2301.9670000000006,-231.79400000000078,0.4734919284377901,0.5007950765652733,-1.0951972135043642,-154.65400000000113,-11.882200000000148,80119,1,0,0,0
2025-07-06 04:00:00+00:00,108050.49,108218.0,107930.45,108040.31,497.89684,1.941e-05,9.00099999999996e-05,0.00030693,-0.5939345938310325,0,0,2080.089,1844.2200000000003,235.8689999999997,0.5300522971050444,0.5074548895963006,0.8852551338707221,-89.7610000000011,-0.4560000000002674,80920,0,1,0,0
2025-07-06 08:00:00+00:00,108040.31,108111.0,107800.01,108076.01,740.99603,1.941e-05,9.00099999999996e-05,0.00030693,-0.5939345938310325,0,0,3689.102,3908.161,-219.0590000000002,0.4855830316786453,0.5078701215488153,-0.6959656264850212,-214.9840000000013,-27.56880000000033,115738,0,1,0,0
2025-07-06 12:00:00+00:00,108076.0,109127.03,108045.76,108905.99,2193.35606,1.665e-05,7.61099999999996e-05,0.00028796000000000003,-0.6827826717458918,0,0,13737.627,11831.792000000001,1905.8349999999991,0.5372678589216282,0.5041736829080369,1.070955687450531,1922.6449999999986,319.40299999999957,404931,1,0,0,0
2025-07-06 16:00:00+00:00,108906.0,108966.62,108266.67,108538.46,922.00834,1.665e-05,7.61099999999996e-05,0.00028796000000000003,-0.6827826717458918,0,0,4789.336,6140.682,-1351.3459999999995,0.43818189503439064,0.4982931153948635,-2.205388976731193,335.4299999999994,67.90099999999966,215006,1,0,0,0
2025-07-06 20:00:00+00:00,108538.45,109700.0,108536.86,109203.84,1696.09509,1.028e-05,4.63399999999996e-05,0.00024796000000000003,-0.9834183813584809,0,0,10740.699,9254.755000000001,1485.9439999999995,0.5371570457965096,0.501094923277985,0.9885814892950631,2040.432999999999,411.4485999999997,382163,1,0,0,0
2025-07-07 00:00:00+00:00,109203.85,109700.0,108679.75,109389.47,1313.66179,2.36e-05,5.05299999999996e-05,0.00021926,-0.39833499059531763,0,0,8069.146,7573.46,495.6859999999997,0.5158440991226142,0.5011624957155061,0.29979549579922943,630.2839999999997,463.4119999999997,286556,1,0,0,0
2025-07-07 04:00:00+00:00,109389.46,109447.54,108654.94,109061.08,1068.89272,2.36e-05,5.05299999999996e-05,0.00021926,-0.39833499059531763,0,0,5457.532,6046.978,-589.4459999999999,0.4743819597705595,0.4994208272558286,-0.9676777504140581,1392.1839999999993,389.3345999999998,199152,1,0,0,0
2025-07-07 08:00:00+00:00,109061.07,109087.86,108572.52,108642.01,1793.43934,2.36e-05,5.05299999999996e-05,0.00021926,-0.39833499059531763,0,0,5736.906,6267.399,-530.4930000000004,0.4779040519213732,0.49582286190270297,-0.8574516626904988,-624.2530000000006,-97.93100000000013,187974,1,0,0,0
2025-07-07 12:00:00+00:00,108642.01,108660.0,107970.0,108292.59,2516.39623,3.438e-05,6.825999999999961e-05,0.00020355000000000001,0.08957397159810543,0,0,14716.175,15646.420000000002,-930.2450000000026,0.48468106892707946,0.4954545236715634,-0.5908207735855264,-2050.184000000003,-13.710800000000745,506965,1,0,0,0
2025-07-07 16:00:00+00:00,108292.59,108493.56,107513.2,108056.68,1826.11433,4.271e-05,0.00010068999999999961,0.00022829000000000003,0.4488626429945524,0,0,13806.424,14750.341999999999,-943.9179999999978,0.483472953484999,0.4964526261762844,-0.5844658903129437,-2404.656000000001,-499.6832000000002,448019,1,0,0,0
2025-07-07 20:00:00+00:00,108056.67,108300.0,107800.01,108262.94,886.8716,4.271e-05,0.00010068999999999961,0.00022829000000000003,0.4488626429945524,0,0,4352.862,3973.934,378.9279999999999,0.5227535296889704,0.4957227494346769,0.6788582476324666,-1495.2350000000006,-523.0348000000001,159880,1,0,0,0
2025-07-08 00:00:00+00:00,108262.94,108525.0,107429.57,107901.52,2011.55999,4.271e-05,0.00010068999999999961,0.00022829000000000003,0.4488626429945524,0,0,8875.949,9108.358,-232.40899999999965,0.49353856114667083,0.49651830238147954,-0.2953342355424535,-797.3989999999976,-451.62740000000014,305139,1,0,0,0
2025-07-08 04:00:00+00:00,107901.52,108499.0,107750.0,108484.61,1010.06569,1.073e-05,8.78199999999996e-05,0.00022836000000000004,-1.1324564122634595,0,0,5736.816,4452.818,1283.9979999999996,0.5630051089175528,0.4990920273810719,1.9189067299880853,1430.5169999999998,-88.72920000000013,174010,1,0,0,0
2025-07-08 08:00:00+00:00,108484.61,109005.0,108229.15,108756.37,1314.23794,1.073e-05,8.78199999999996e-05,0.00022836000000000004,-1.1324564122634595,0,0,7889.597,8053.959000000001,-164.362000000001,0.4948455037257686,0.5047583882502098,-0.22835733444063713,887.226999999999,64.4474000000002,257254,0,1,0,0
2025-07-08 12:00:00+00:00,108756.37,109216.56,108217.07,108268.35,1848.45054,4.563e-05,9.90699999999996e-05,0.00024344000000000004,0.6229748283146069,0,0,11367.26,12776.909000000001,-1409.6490000000013,0.47080767203046,0.49812345087360477,-0.9567752940604848,-290.01300000000265,-28.69880000000048,435725,1,0,0,0
2025-07-08 16:00:00+00:00,108268.35,109147.56,108096.55,108771.88,2426.90745,3.601e-05,9.23699999999996e-05,0.00023940000000000005,0.15291130577993967,0,0,10715.77,10159.302,556.4680000000008,0.5133285288788465,0.49787189384922803,0.45204923140775183,-1017.5430000000015,6.8091999999996915,357181,1,0,0,0
2025-07-08 20:00:00+00:00,108771.87,108974.0,108624.0,108922.98,604.79919,3.601e-05,9.23699999999996e-05,0.00023940000000000005,0.15291130577993967,0,0,2862.686,3156.6029999999996,-293.91699999999946,0.4755854055188246,0.49799223842405455,-0.7619632078200598,-1147.098,-5.492400000000271,128982,0,1,0,0
2025-07-09 00:00:00+00:00,108922.99,109136.0,108348.0,108376.41,994.80226,3.601e-05,9.23699999999996e-05,0.00023940000000000005,0.15291130577993967,0,0,5480.618,6120.923999999999,-640.3059999999987,0.4724042717769759,0.4974422604096148,-0.8553064052382863,-377.7549999999974,-390.3531999999999,191265,1,0,0,0
2025-07-09 04:00:00+00:00,108376.41,108942.2,108324.53,108714.39,1001.59915,3.093e-05,0.00011256999999999961,0.00025092,-0.13820481551745034,0,0,5167.467,4831.445000000001,336.021999999999,0.5168029281585836,0.5006544463327652,0.5418363360591927,-598.2009999999991,-290.2763999999999,172217,1,0,0,0
2025-07-09 08:00:00+00:00,108714.39,109117.0,108553.18,109058.27,1275.99616,3.093e-05,0.00011256999999999961,0.00025092,-0.13820481551745034,0,0,4619.969,4924.406,-304.4369999999999,0.4840514963001768,0.5007123006142831,-0.5130661183775191,-608.7209999999995,-69.23399999999965,166009,0,1,0,0
2025-07-09 12:00:00+00:00,109058.27,109769.39,108503.0,109071.32,4108.39131,3.396e-05,0.0001008999999999996,0.00026823000000000005,0.053110892202652145,0,0,23042.163,21189.534999999996,1852.6280000000042,0.5209423115522267,0.5005311788006086,0.6744912836187582,1884.2130000000034,189.99800000000104,631731,1,0,0,0
2025-07-09 16:00:00+00:00,109071.32,111999.79,109047.49,111750.0,6338.57455,3.396e-05,0.0001008999999999996,0.00026823000000000005,0.053110892202652145,0,0,32200.796,23642.221,8558.574999999997,0.5766306644929302,0.5088403891352347,2.255091128412383,10106.766000000001,1960.4964000000004,792727,1,0,0,0
2025-07-09 20:00:00+00:00,111749.99,111952.33,110559.4,111233.99,3562.92307,4.253e-05,0.00010741999999999959,0.00030048000000000005,0.8027333626030739,0,0,17414.09,19201.096999999998,-1787.0069999999978,0.4755974617854608,0.5000996244220254,-0.8628875864296006,8624.196000000004,1731.1562000000006,594673,1,0,0,0
2025-07-10 00:00:00+00:00,111234.0,111581.0,110880.0,111074.51,1687.73466,4.253e-05,0.00010741999999999959,0.00030048000000000005,0.8027333626030739,0,0,6717.533,6344.615999999999,372.9170000000013,0.5142747185015268,0.5020425458996012,0.4239566805096295,7144.485000000001,1738.535200000001,230907,0,1,0,0
2025-07-10 04:00:00+00:00,111074.52,111432.46,110898.0,111230.0,1667.11413,0.0001,0.00017648999999999963,0.00037688,3.5486136087883136,0,0,5218.845,5284.922,-66.07699999999932,0.49685460463850734,0.5046472391604059,-0.14957478492799453,-1480.1669999999958,1786.2072000000012,192945,0,1,1,0
2025-07-10 08:00:00+00:00,111229.99,111398.96,110870.33,111019.99,1407.79297,8.523e-05,0.0002277599999999996,0.00042773,2.3749888080419423,0,0,5606.607,6760.377,-1153.7700000000004,0.4533528142350633,0.4986496676960277,-1.490788999203592,-846.9299999999985,1184.9276000000002,188156,1,0,1,0
2025-07-10 12:00:00+00:00,111019.99,111408.41,110500.0,111408.4,2221.21737,8.523e-05,0.0002277599999999996,0.00042773,2.3749888080419423,0,0,14592.182,14894.722999999998,-302.54099999999744,0.49486990920206786,0.5005781180643519,-0.1450471594684141,-1522.3879999999972,-587.2955999999988,473279,0,1,1,0
2025-07-10 16:00:00+00:00,111408.4,113788.23,111322.32,113301.81,7461.037691,8.523e-05,0.0002277599999999996,0.00042773,2.3749888080419423,0,0,41629.059,37081.01,4548.048999999999,0.5288911511435722,0.5062268060010116,0.9339178314046802,3091.738000000001,679.7156000000007,1059557,1,0,1,0
2025-07-10 20:00:00+00:00,113301.8,116868.0,113270.98,116010.0,10438.553844,1.908e-05,0.00020430999999999962,0.0004041,-0.7568279463460715,0,0,45444.527,35995.812000000005,9448.714999999997,0.5580100421733264,0.5103475174024859,1.7037576507748389,13694.222999999998,2494.8751999999995,1275879,1,0,0,0
2025-07-11 00:00:00+00:00,116010.01,116950.0,115222.22,116881.7,4456.671301,1.908e-05,0.00020430999999999962,0.0004041,-0.7568279463460715,0,0,16224.614,13693.626000000002,2530.9879999999976,0.5422984106016931,0.5161722088326375,1.143031310856802,16527.751999999993,3014.288199999999,546109,1,0,0,0
2025-07-11 04:00:00+00:00,116881.69,118404.22,116500.0,117526.88,7940.173377,0.0001,0.0002043099999999996,0.00049337,2.6473866101377252,0,0,28389.763,28767.023999999998,-377.2609999999986,0.4966997707551336,0.5137479547529282,-0.2023546634239626,11602.441999999995,3169.5899999999992,848809,0,1,1,0
2025-07-11 08:00:00+00:00,117526.88,118869.98,117526.88,117821.91,4664.06161,0.0001,0.0002043099999999996,0.00049337,2.6473866101377252,0,0,15848.845,15017.521000000002,831.3239999999969,0.5134665026650691,0.507431538570142,0.2817901835241471,2985.050999999996,3396.3629999999985,520958,1,0,1,0
2025-07-11 12:00:00+00:00,117821.91,118259.24,116724.66,116902.59,4711.37408,0.0001,0.00021907999999999962,0.00054774,2.3116351968591227,0,0,20165.564,21669.328999999998,-1503.7649999999994,0.4820273832181189,0.5080745307134078,-0.6316183924392008,-1049.7020000000011,2186.0001999999986,752796,1,0,1,0
2025-07-11 16:00:00+00:00,116902.58,118138.75,116604.87,118108.81,2754.72647,0.0001,0.00021907999999999962,0.00054774,2.3116351968591227,0,0,12986.108,12644.886999999999,341.22100000000137,0.5066564134556618,0.5073127002088214,0.065224066987711,-331.22000000000116,364.50139999999953,518888,1,0,1,0
2025-07-11 20:00:00+00:00,118108.81,118108.81,117146.8,117527.66,1346.51431,0.0001,0.00030000000000000003,0.00061173,2.068317597766052,0,0,7169.8,7242.275999999999,-72.47599999999875,0.4974855808420661,0.5073757978291773,-0.201163845148463,-1235.0199999999968,-156.1913999999997,293948,1,0,1,0
2025-07-12 00:00:00+00:00,117527.66,117847.66,117141.13,117774.42,1268.81982,0.0001,0.00030000000000000003,0.0006808000000000001,1.869408292555465,0,0,4209.026,4255.764999999999,-46.73899999999958,0.4972392112221082,0.5117644375278817,-0.1889017713145352,222.00600000000304,-90.0869999999999,183755,0,1,0,0
2025-07-12 04:00:00+00:00,117774.42,118054.79,117506.37,117731.99,1157.69575,0.0001,0.00030000000000000003,0.0006808000000000001,1.869408292555465,0,0,4708.445,5078.398000000001,-369.95300000000134,0.4810994720156438,0.5103873938092394,-0.753756682699908,-489.16799999999967,-330.34239999999954,202642,1,0,0,0
2025-07-12 08:00:00+00:00,117731.99,118200.0,117625.0,117810.0,1459.36466,0.0001,0.00030000000000000003,0.0006808000000000001,1.869408292555465,0,0,5426.361,5227.785000000001,198.5759999999991,0.5093191889805152,0.5084301975929335,0.18441061625559044,-218.1160000000018,10.125800000000163,219436,1,0,0,0
2025-07-12 12:00:00+00:00,117810.0,117861.19,116900.05,117100.01,2887.39027,0.0001,0.00030000000000000003,0.00074684,1.7033424521621925,0,0,9681.369,10856.891999999998,-1175.5229999999974,0.4713821194501327,0.49976740532061426,-1.1077693913042839,-1346.8999999999996,-293.2229999999996,408007,1,0,0,0
2025-07-12 16:00:00+00:00,117100.0,117639.98,117045.86,117550.96,961.54328,0.0001,0.00030000000000000003,0.00074684,1.7033424521621925,0,0,4503.213,3662.3160000000007,840.896999999999,0.5514906627604897,0.5006866305364939,1.5167739523971069,-136.04999999999927,-110.54840000000004,171936,1,0,0,0
2025-07-12 20:00:00+00:00,117550.96,117563.75,117000.01,117420.0,711.79059,0.0001,0.00030000000000000003,0.00080431,1.5673970088904305,0,0,2865.619,3247.283,-381.66399999999976,0.4687820940037972,0.4978948628613603,-1.1509581383295135,-716.2899999999981,-177.53340000000009,144729,1,0,0,0
2025-07-13 00:00:00+00:00,117420.0,117824.76,117224.79,117753.6,696.41148,0.0001,0.00030000000000000003,0.00080431,1.5673970088904305,0,0,3770.275,3408.6429999999996,361.6320000000005,0.5251870825102056,0.4990669208458739,0.6513599355873166,820.8649999999998,-31.2163999999997,173806,1,0,0,0
2025-07-13 04:00:00+00:00,117753.59,118054.79,117684.22,117999.0,867.97982,0.0001,0.00030000000000000003,0.0008043100000000001,1.455896813641228,0,0,3857.844,3452.197,405.64699999999993,0.5277458772119062,0.5036387702452527,0.8163927873774534,385.6150000000007,10.197800000000461,158604,1,0,0,0
2025-07-13 08:00:00+00:00,117998.99,118086.66,117689.63,118072.01,685.44893,0.0001,0.00030000000000000003,0.0008043100000000001,1.455896813641228,0,0,3186.925,3142.8559999999998,44.069000000000415,0.503481084100698,0.5033212373097563,-0.0255701656706073,811.3480000000009,254.11620000000002,137611,1,0,0,0
2025-07-13 12:00:00+00:00,118072.01,119376.0,117989.53,118672.24,3891.104317,0.0001,0.00030000000000000003,0.00081908,1.3509828488443865,0,0,20057.701,18965.218999999997,1092.4820000000036,0.5139979529978792,0.5049724745253377,0.29275240972946354,1542.198000000004,304.43320000000097,681698,1,0,0,0
2025-07-13 16:00:00+00:00,118672.23,119488.0,118382.56,118961.08,1749.40157,0.0001,0.00030000000000000003,0.00081908,1.3509828488443865,0,0,7523.714,7430.487999999999,93.22600000000057,0.5031170503113439,0.5055602584342611,-0.07765570701882499,1229.7770000000046,399.41120000000103,330640,1,0,0,0
2025-07-13 20:00:00+00:00,118961.09,119367.37,118243.68,119086.64,1660.44683,0.0001,0.00030000000000000003,0.0009000000000000001,1.2653351535169144,0,0,7413.372,7843.147,-429.77499999999964,0.485915037368616,0.5060418149695584,-0.7025403714902358,755.9330000000045,241.12980000000098,328614,0,1,0,0
2025-07-14 00:00:00+00:00,119086.65,121492.48,118905.18,120750.24,5418.532886,8.051e-05,0.0002805099999999996,0.0008805100000000001,0.6839872596144998,0,0,24398.302,18944.868,5453.434000000001,0.5629099579010949,0.5114008918616163,1.853298547503325,5116.885000000002,1250.6872000000012,746110,1,0,0,0
2025-07-14 04:00:00+00:00,120750.25,123218.0,120557.63,122736.04,6981.800221,8.051e-05,0.0002805099999999996,0.0008805100000000001,0.6839872596144998,0,0,29105.88,26790.834999999995,2315.0450000000055,0.5207082384000563,0.5163335037566087,0.4058166564540139,7338.704000000007,1704.8824000000022,958569,1,0,0,0
2025-07-14 08:00:00+00:00,122736.04,122769.19,121355.55,121467.24,3279.33527,0.0001,0.00028050999999999966,0.00088051,1.154243405739398,0,0,12675.006,13714.011,-1039.005000000001,0.4803136850455627,0.509215805985116,-0.9645527317903536,6729.474000000006,1278.5850000000014,506710,1,0,0,0
2025-07-14 12:00:00+00:00,121467.23,122120.0,119611.7,119878.23,6047.71252,0.0001,0.00028050999999999966,0.00088051,1.154243405739398,0,0,24190.167,26446.259,-2256.091999999997,0.47772263784967767,0.5101098603697041,-0.9890507978963042,-980.0519999999924,808.7214000000018,931054,1,0,0,0
2025-07-14 16:00:00+00:00,119878.22,120526.03,119202.0,119939.41,4127.24496,0.0001,0.0002805099999999996,0.00088051,1.0798160724002428,0,0,16176.504,15771.125,405.3790000000008,0.5063444301296975,0.5082255951316533,0.053543251252782934,-2889.717999999997,975.752200000002,626488,1,0,0,0
2025-07-14 20:00:00+00:00,119939.42,120447.0,119522.72,119841.18,1414.72302,0.0001,0.0002805099999999996,0.00088051,1.0798160724002428,0,0,7288.814,6054.349,1234.4650000000001,0.5462583346992014,0.5100768408803827,1.4303051694538889,-616.247999999996,131.95840000000172,265739,0,1,0,0
2025-07-15 00:00:00+00:00,119841.17,119940.83,116840.01,117148.47,6623.40172,0.0001,0.0002805099999999996,0.00088051,1.0798160724002428,0,0,27472.711,30619.471,-3146.760000000002,0.4729158047463254,0.5070203129449455,-1.1802416877188109,-1506.916000000001,-960.4025999999998,1033780,1,0,0,0
2025-07-15 04:00:00+00:00,117148.46,117765.4,116250.0,116779.12,5478.80575,0.0001,0.00030000000000000003,0.0008805100000000001,1.0139953138300055,0,0,21620.551,21972.417,-351.8660000000018,0.495964188536096,0.5052169364987671,-0.3539478404469224,-2264.1610000000037,-822.9748,724185,1,0,0,0
2025-07-15 08:00:00+00:00,116779.13,117224.08,116300.0,117113.98,3612.34292,0.0001,0.00030000000000000003,0.00088051,0.9486078129174318,0,0,12212.379,11121.969999999998,1090.4090000000033,0.5233648901025695,0.5072417204778897,0.577417553143673,-2408.2170000000006,-153.6745999999999,440261,1,0,0,0
2025-07-15 12:00:00+00:00,117113.98,118490.71,115736.92,116391.43,8662.27705,0.0001,0.00030000000000000003,0.00088051,0.9486078129174318,0,0,38126.92,41503.26700000001,-3376.347000000009,0.47879983001923626,0.5065301997429519,-1.0796952303141203,-2637.8040000000074,-910.0198000000019,1351529,1,0,0,0
2025-07-15 16:00:00+00:00,116391.43,117800.6,116019.05,116416.07,5395.39361,0.0001,0.00030000000000000003,0.00088051,0.8886693477401296,0,0,21698.192,23965.218000000004,-2267.0260000000053,0.47517677720520646,0.49775688167336296,-1.1344551862227579,-4552.964000000011,-1610.318000000003,783843,0,1,0,0
2025-07-15 20:00:00+00:00,116416.07,117972.86,116192.27,117758.09,2246.23978,0.0001,0.00030000000000000003,0.00088051,0.8886693477401296,0,0,10316.747,9347.603,969.1440000000002,0.52464215699985,0.49815027353334224,0.7809649913051424,-4674.229000000014,-787.1372000000025,405059,1,0,0,0
2025-07-16 00:00:00+00:00,117758.08,118195.0,117017.29,117482.67,2060.70862,0.0001,0.00030000000000000003,0.0008805100000000001,0.8312642400836072,0,0,8217.164,8788.751,-571.5869999999995,0.48319446498468327,0.4984383515272544,-0.7916114143815134,-1869.4690000000046,-831.0814000000021,359945,1,0,0,0
2025-07-16 04:00:00+00:00,117482.67,118300.0,117275.63,118189.25,1653.72862,0.0001,0.00030000000000000003,0.0008805100000000001,0.8312642400836072,0,0,7637.208,6930.825,706.3829999999998,0.5242442819837105,0.5030905159406577,0.8212501121816215,1103.9400000000005,-907.8866000000028,293244,1,0,0,0
2025-07-16 08:00:00+00:00,118189.24,119310.75,118113.82,118769.06,2658.37376,0.0001,0.00030000000000000003,0.00088051,0.777344013986081,0,0,12525.754,12290.042999999998,235.71100000000297,0.504749212769592,0.502930994204647,0.05376048451067455,370.50700000000325,-185.47500000000036,446287,1,0,0,0
2025-07-16 12:00:00+00:00,118769.06,119794.8,118181.14,119095.76,4851.16642,0.0001,0.00030000000000000003,0.00088051,0.777344013986081,0,0,26523.399,26427.851999999995,95.54700000000594,0.5009022166445133,0.4983953823991783,-0.1272793302956987,1037.6410000000087,287.0396000000019,991059,1,0,0,0
2025-07-16 16:00:00+00:00,119095.76,119904.13,118471.38,119230.16,2877.33424,0.0001,0.00030000000000000003,0.00088051,0.777344013986081,0,0,13877.846,13184.969,692.8770000000004,0.5128012736295171,0.5023839292874974,0.34685668452026525,1024.1350000000093,231.7862000000019,619143,1,0,0,0
2025-07-16 20:00:00+00:00,119230.16,120063.84,118420.0,118630.43,2938.59685,0.0001,0.00030000000000000003,0.0008805100000000001,0.7286587632817115,0,0,10892.179,11869.957999999999,-977.7789999999986,0.47852181014462747,0.5006396914483506,-0.9996943775446471,-189.3549999999923,150.5478000000021,451202,1,0,0,0
2025-07-17 00:00:00+00:00,118630.44,119158.28,117683.53,118128.8,2234.06203,0.0001,0.00030000000000000003,0.0008805100000000001,0.7286587632817115,0,0,11268.132,13079.066,-1810.934000000001,0.4628102174221444,0.4945842241803081,-1.5156553854640056,-2095.8359999999993,-352.9155999999981,502522,1,0,0,0
2025-07-17 04:00:00+00:00,118128.8,118772.0,117857.03,118311.75,2080.63383,0.0001,0.00030000000000000003,0.0009000000000000001,0.6774192627689657,0,0,8149.001,7689.3060000000005,459.6949999999997,0.5145121255699867,0.49815545373538306,0.4217476397268861,-2329.018,-308.1187999999987,360097,1,0,0,0
2025-07-17 08:00:00+00:00,118311.75,119192.0,117974.99,117995.0,2041.88316,0.0001,0.00030000000000000003,0.0009000000000000001,0.6261845284182794,0,0,9463.798,10060.725,-596.9269999999997,0.4847134037538331,0.4991091163902458,-0.6904435838277816,-1948.166000000001,-446.61359999999985,415792,1,0,0,0
2025-07-17 12:00:00+00:00,117995.0,119073.46,117453.57,118881.99,3175.79483,0.0001,0.00030000000000000003,0.0009000000000000001,0.6261845284182794,0,0,16596.263,16889.297,-293.03399999999965,0.4956244721605373,0.4962073479063145,-0.3114061837208549,-430.2659999999996,-643.7957999999999,655214,0,1,0,0
2025-07-17 16:00:00+00:00,118881.99,119880.13,118333.6,118959.66,2433.94045,0.0001,0.00030000000000000003,0.0009000000000000001,0.5765711879117033,0,0,12376.544,11694.874000000002,681.6699999999983,0.5141593237257563,0.49930383378042176,0.4946024324283998,-208.29100000000108,-311.9060000000005,516694,1,0,0,0
2025-07-17 20:00:00+00:00,118959.66,120998.71,118383.97,119177.56,3762.26221,0.0001,0.00030000000000000003,0.0009000000000000001,0.5765711879117033,0,0,24678.526,22328.868999999995,2349.6570000000065,0.5249924187460293,0.4993786474566536,0.8882169837141213,2738.293000000005,520.2122000000011,851351,1,0,0,0
2025-07-18 00:00:00+00:00,119177.56,120785.49,119020.48,120223.09,2672.86935,0.0001,0.00030000000000000003,0.0009000000000000001,0.5765711879117033,0,0,12006.857,10712.905999999999,1293.951000000001,0.5284763313772244,0.501751359317417,1.0275230203354337,4325.278000000006,687.0634000000013,545043,1,0,0,0
2025-07-18 04:00:00+00:00,120223.08,120820.71,119287.72,119339.51,3649.17934,0.0001,0.00030000000000000003,0.0009000000000000001,0.5332068708215313,0,0,10287.036,11478.537,-1191.5010000000002,0.47262877021431965,0.49892401467439756,-1.2545355694998932,2452.1070000000072,568.1486000000011,465628,1,0,0,0
2025-07-18 08:00:00+00:00,119339.51,119469.21,118395.0,119171.34,3814.49483,0.0001,0.00030000000000000003,0.0009000000000000001,0.4832411671244852,0,0,13389.613,13657.498000000001,-267.88500000000204,0.4950478075089054,0.4971486680623364,-0.29959585283490975,-165.4350000000013,573.1784000000007,543547,1,0,0,0
2025-07-18 12:00:00+00:00,119171.35,119531.48,117315.69,117860.25,5020.77844,0.0001,0.00030000000000000003,0.0009000000000000001,0.4832411671244852,0,0,21779.583,24753.669,-2974.086000000003,0.4680434326833637,0.49610083031620994,-1.3308541654666974,-4433.472000000005,-157.97279999999955,900166,1,0,0,0
2025-07-18 16:00:00+00:00,117860.24,118054.92,117120.53,117374.76,2564.58563,0.0001,0.00030000000000000003,0.0009000000000000001,0.43107607410947685,0,0,10135.841,10812.237000000001,-676.3960000000006,0.4838554162343676,0.4982053501974323,-0.6543881135065276,-3918.3670000000056,-763.183400000001,499119,1,0,0,0
2025-07-18 20:00:00+00:00,117374.75,118021.62,116812.76,117924.84,2202.75507,0.0001,0.00030000000000000003,0.0009000000000000001,0.43107607410947685,0,0,11173.1,12060.029,-886.9290000000001,0.4809124074505849,0.4948453783854922,-0.7632860008556325,-4537.411000000004,-1199.3594000000012,414649,0,1,0,0
2025-07-19 00:00:00+00:00,117924.84,118371.42,117613.35,118322.54,1323.00452,0.0001,0.00030000000000000003,0.0009000000000000001,0.43107607410947685,0,0,4895.404,4949.341,-53.9369999999999,0.49726061975195907,0.4961000999853048,-0.0181450535474867,-1617.2620000000006,-971.8466000000011,238838,0,1,0,0
2025-07-19 04:00:00+00:00,118322.53,118364.0,118044.19,118163.06,828.72543,0.0001,0.00030000000000000003,0.0009000000000000001,0.3770762836276932,0,0,2362.405,3337.047,-974.6419999999998,0.41449686741813074,0.4879873395110642,-3.0522067896357252,-1915.5079999999998,-1113.1980000000008,145406,1,0,0,0
2025-07-19 08:00:00+00:00,118163.07,118499.9,117943.25,118327.06,1123.42732,0.0001,0.00030000000000000003,0.0009000000000000001,0.3187169746442942,0,0,3371.193,4116.858,-745.665,0.4502096740527008,0.4815923745437586,-1.577837578298953,-1774.2439999999997,-667.5138000000001,172866,0,1,0,0
2025-07-19 12:00:00+00:00,118327.05,118327.06,117627.71,118058.11,1656.6673,0.0001,0.00030000000000000003,0.0009000000000000001,0.3187169746442942,0,0,5569.706,6006.535,-436.8289999999997,0.4811325196149597,0.4772063846306517,-0.4457172511366416,-2157.1359999999995,-619.6003999999999,266642,1,0,0,0
2025-07-19 16:00:00+00:00,118058.1,118161.51,117605.26,118007.88,780.27633,0.0001,0.00030000000000000003,0.0009000000000000001,0.3187169746442942,0,0,3800.041,4500.87,-700.8289999999997,0.45778601890804516,0.47013735338373364,-1.2182205385611045,-1883.3229999999994,-582.3803999999998,189976,1,0,0,0
2025-07-19 20:00:00+00:00,118007.88,118141.0,117277.34,117840.0,923.70216,0.0001,0.00030000000000000003,0.0009000000000000001,0.2525166273867834,0,0,4527.972,5093.821,-565.8490000000002,0.47059544930970765,0.4699340212932725,-0.7109102512249749,-1703.5069999999996,-684.7627999999999,235184,1,0,0,0
2025-07-20 00:00:00+00:00,117840.01,118165.38,117650.0,117958.01,1216.03617,0.0001,0.00030000000000000003,0.0009000000000000001,0.25251662738678426,0,0,4214.986,3372.2340000000004,842.7519999999995,0.5555376013875964,0.47598300068114163,2.2356643603347033,-423.9260000000004,-321.284,185735,1,0,0,0
2025-07-20 04:00:00+00:00,117958.0,118218.0,117760.67,118029.49,940.72723,0.0001,0.00030000000000000003,0.0009000000000000001,0.25251662738678426,0,0,3056.904,2692.2949999999996,364.6090000000004,0.5317095477126467,0.4823496121840699,1.3154704099784635,641.5119999999997,-99.22919999999995,131629,1,0,0,0
2025-07-20 08:00:00+00:00,118029.49,118277.17,117819.88,117878.46,1800.2823,0.0001,0.00030000000000000003,0.0009000000000000001,0.2219978109814964,0,0,4498.14,4631.255,-133.11499999999978,0.49270953880295465,0.4832350244409286,0.0243180530691305,1074.246,-38.48639999999996,196481,1,0,0,0
2025-07-20 12:00:00+00:00,117878.46,118799.8,117723.23,118671.11,3280.10469,0.0001,0.00030000000000000003,0.0009000000000000001,0.2219978109814964,0,0,9345.337,7807.669000000002,1537.6679999999978,0.5448221145611445,0.48962599515198446,1.6714688913042086,1769.1619999999984,409.21299999999957,378479,1,0,0,0
2025-07-20 16:00:00+00:00,118671.12,118856.8,117960.0,118155.01,2119.12806,0.0001,0.00030000000000000003,0.0009000000000000001,0.18256905514294292,0,0,6032.178,7609.347,-1577.1689999999999,0.442192350195451,0.48411916819633366,-1.6129834611090625,-172.6160000000018,206.94899999999961,304916,1,0,0,0
2025-07-20 20:00:00+00:00,118155.0,118263.0,116467.02,117265.12,3606.65044,0.0001,0.00030000000000000003,0.0009000000000000001,0.18256905514294292,0,0,12374.712,16745.525,-4370.813000000002,0.4249523106559881,0.4851647125201194,-1.9451618598826765,-4410.314000000004,-835.7640000000007,554142,1,0,0,0
2025-07-21 00:00:00+00:00,117265.11,118614.7,116515.0,118404.0,2794.62163,0.0001,0.00030000000000000003,0.0009000000000000001,0.18256905514294292,0,0,11290.979,10365.75,925.2289999999994,0.5213612360389235,0.49227986871874163,0.8966349494593794,-5022.753000000002,-723.6400000000009,493271,1,0,0,0
2025-07-21 04:00:00+00:00,118404.01,119676.73,118188.95,119362.67,2783.66639,0.0001,0.00030000000000000003,0.0009000000000000001,0.1825690551429391,0,0,12748.985,9045.784,3703.201000000001,0.5849561883404224,0.502662235591288,2.451952774719374,257.61699999999837,43.62319999999927,403280,1,0,0,0
2025-07-21 08:00:00+00:00,119364.18,119500.0,118070.16,118070.17,2511.88984,0.0001,0.00030000000000000003,0.0009000000000000001,0.18256905514294292,0,0,8154.711,10923.490000000002,-2768.7790000000014,0.4274360564709429,0.49962723934757786,-1.6066264350517503,1859.650999999999,-817.6662000000006,358058,1,0,0,0
2025-07-21 12:00:00+00:00,118070.17,119233.71,117778.7,118313.16,3505.38294,0.0001,0.00030000000000000003,0.0009000000000000001,0.18256905514294292,0,0,16149.132,17249.759000000005,-1100.6270000000059,0.4835230008086196,0.5009199944974689,-0.16323708635059456,-166.2050000000063,-722.3578000000018,666366,0,1,0,0
2025-07-21 16:00:00+00:00,118313.16,118399.1,116666.0,116767.67,3816.98929,0.0001,0.00030000000000000003,0.0009000000000000001,0.18256905514294292,0,0,14407.381,19197.206,-4789.824999999999,0.4287325715385224,0.4882394915125616,-1.4411747756142945,-8659.231000000007,-806.1602000000012,654744,1,0,0,0
2025-07-21 20:00:00+00:00,116767.67,117633.66,116656.88,117380.36,1694.78119,0.0001,0.00030000000000000003,0.0009000000000000001,0.18256905514294292,0,0,6819.577,5533.094,1286.4830000000002,0.552073069864809,0.49027584372777777,1.4820573523380434,-4603.969000000005,-733.909400000001,287189,1,0,0,0
2025-07-22 00:00:00+00:00,117380.36,117950.0,116128.0,117210.0,3707.46413,0.0001,0.00030000000000000003,0.0009000000000000001,0.18256905514294292,0,0,13652.788,17458.358,-3805.5699999999997,0.43883912215898446,0.4848888020633808,-1.1636408116962098,-7308.911999999998,-2235.663600000001,593568,1,0,0,0
2025-07-22 04:00:00+00:00,117210.0,118594.55,116552.18,117983.68,4279.84175,0.0001,0.00030000000000000003,0.0009000000000000001,0.18256905514294292,0,0,12845.434,12788.025,57.40899999999965,0.501119805953617,0.48051857120262803,0.29947919391293076,-2461.678,-1670.4260000000008,541821,1,0,0,0
2025-07-22 08:00:00+00:00,117983.69,119188.3,117488.19,119154.99,3376.79135,0.0001,0.00030000000000000003,0.0009000000000000001,0.18256905514294292,0,0,14210.865,12687.92,1522.9449999999997,0.5283088065130079,0.4891302168343838,0.8893899408238317,-2225.2160000000003,-1145.7115999999999,517253,1,0,0,0
2025-07-22 12:00:00+00:00,119154.99,119573.53,117550.0,118912.04,4597.23931,0.0001,0.00030000000000000003,0.0009000000000000001,0.18256905514294292,0,0,25425.722,26270.706999999995,-844.9849999999933,0.4918274335737968,0.4958177291261646,0.050129286271609313,735.369000000006,-356.7435999999987,850739,1,0,0,0
2025-07-22 16:00:00+00:00,118912.04,120183.96,118368.19,119282.1,3067.62854,0.0001,0.00030000000000000003,0.0009000000000000001,0.18256905514294292,0,0,20657.415,16110.548999999999,4546.866000000002,0.561831898007733,0.4998647953230456,1.5660239187005542,5224.826000000008,295.3330000000016,603310,1,0,0,0
2025-07-22 20:00:00+00:00,119282.11,120247.8,119203.2,119954.42,1930.16465,0.0001,0.00030000000000000003,0.0009000000000000001,0.1825690551429391,0,0,7798.969,6925.697999999999,873.2710000000006,0.5296533361331703,0.4943345101023204,0.8462576749304968,4575.152000000009,1231.1012000000017,294172,1,0,0,0
2025-07-23 00:00:00+00:00,119954.43,120090.0,118532.96,118614.17,2068.11927,0.0001,0.00030000000000000003,0.0009000000000000001,0.18256905514294292,0,0,8375.268,10284.939999999999,-1909.6719999999987,0.44883036673546195,0.4964739411287722,-0.8813787704095533,3510.465000000004,837.685000000002,348116,1,0,0,0
2025-07-23 04:00:00+00:00,118614.16,119006.05,118288.2,118350.35,1564.23355,0.0001,0.00030000000000000003,0.0009000000000000001,0.18256905514294292,0,0,7206.326,7517.941,-311.6149999999998,0.4894183187523019,0.49706347292314057,0.0024894971715845966,-1348.0159999999978,470.7730000000021,272799,1,0,0,0
2025-07-23 08:00:00+00:00,118350.35,118619.79,117844.24,118538.46,1801.10341,0.0001,0.00030000000000000003,0.0009000000000000001,0.18256905514294292,0,0,10062.422,10453.587999999998,-391.16599999999744,0.4904668110417182,0.5032368968734601,0.029081010113710105,-2612.452999999996,561.5368000000013,340550,0,1,0,0
2025-07-23 12:00:00+00:00,118538.46,118708.24,117301.0,118567.39,4037.18842,0.0001,0.00030000000000000003,0.0009000000000000001,0.1825690551429391,0,0,17080.612,20516.386,-3435.7739999999976,0.4543078678781748,0.49346037667479664,-0.7563793265536389,-4138.554999999995,-1034.9911999999986,630175,0,1,0,0
2025-07-23 16:00:00+00:00,118567.39,118567.39,117331.63,118393.64,2651.82367,0.0001,0.00030000000000000003,0.0009000000000000001,0.1825690551429391,0,0,10994.028,11584.739,-590.7109999999993,0.48691888268300926,0.4982683527271991,-0.04132647512576547,-4417.650999999994,-1327.7875999999985,480238,1,0,0,0
2025-07-23 20:00:00+00:00,118393.64,118756.0,117381.8,118755.99,2436.28251,0.0001,0.00030000000000000003,0.0009000000000000001,0.18256905514294292,0,0,12893.896,10016.751,2877.1450000000004,0.5627905663249057,0.504435428764328,1.5040021221604862,-1149.3399999999965,-370.42419999999873,411557,1,0,0,0
2025-07-24 00:00:00+00:00,118756.0,119273.36,118466.71,118488.92,1878.28334,0.0001,0.00030000000000000003,0.0009000000000000001,0.0,0,0,9444.039,9951.142,-507.10299999999916,0.4869270877131799,0.5002972568843451,-0.08981363592949916,1779.331000000002,-409.5217999999986,337604,1,0,0,0
2025-07-24 04:00:00+00:00,118488.92,118610.25,117103.1,118416.21,3786.93245,0.0001,0.00030000000000000003,0.0009000000000000001,0.0,0,0,15195.58,18051.443,-2855.8629999999994,0.4570508463269027,0.49681959815965576,-0.7794974685158867,-485.8209999999981,-902.461199999999,569357,1,0,0,0
2025-07-24 08:00:00+00:00,118416.21,118814.47,117955.59,118600.0,2404.15809,0.0001,0.00030000000000000003,0.0009000000000000001,0.0,0,0,11395.602,10423.539999999999,972.0620000000017,0.5222754405283214,0.49286395241171466,0.6034779201764071,-2390.903999999997,-20.893999999999142,404308,1,0,0,0
2025-07-24 12:00:00+00:00,118600.0,119450.0,117832.32,119092.65,4139.29216,0.0001,0.00030000000000000003,0.0009000000000000001,0.0,0,0,17278.742,16790.393000000004,488.3489999999947,0.5071670296296046,0.490615321761358,0.25010302712101684,-1395.452000000003,194.91799999999967,620900,1,0,0,0
2025-07-24 16:00:00+00:00,119092.65,119395.81,118350.0,118943.42,2166.82662,0.0001,0.00030000000000000003,0.0009000000000000001,0.0,0,0,9411.778,9820.739,-408.96099999999933,0.48936798028048023,0.4946690831158599,-0.16935463966297676,1051.449999999997,-462.3032000000003,404847,1,0,0,0
2025-07-24 20:00:00+00:00,118943.42,119010.64,118166.94,118340.99,1431.39777,0.0001,0.00030000000000000003,0.0009000000000000001,0.0,0,0,4769.057,4845.558,-76.5010000000002,0.49602162957123086,0.4953294141977527,-0.03945588404223321,2.8869999999951688,-376.1828000000005,229914,1,0,0,0
2025-07-25 00:00:00+00:00,118340.98,118451.57,115330.86,115419.66,11127.20493,0.0001,0.00030000000000000003,0.0009000000000000001,0.0,0,0,30033.685,37424.41500000001,-7390.730000000007,0.4452198475794604,0.490804717851527,-1.1119515922479164,-7876.192000000006,-1283.156200000002,1077422,1,0,0,0
2025-07-25 04:00:00+00:00,115419.65,116144.63,114723.16,115320.01,8835.25163,0.0001,0.00030000000000000003,0.0009000000000000001,0.0,0,0,27670.862,30863.790999999997,-3192.9289999999964,0.4727261644482628,0.4926465475085358,-0.44570494014316486,-10660.160000000003,-2116.1544000000017,906041,1,0,0,0
2025-07-25 08:00:00+00:00,115320.01,116782.13,115008.85,116543.58,7216.21136,0.0001,0.00030000000000000003,0.0009000000000000001,0.0,0,0,21526.147,23178.691000000003,-1652.5440000000017,0.48151716823132207,0.4921063760633671,-0.23494943671560478,-12236.203000000005,-2544.333000000001,740839,0,1,0,0
2025-07-25 12:00:00+00:00,116543.59,116656.99,114908.0,115727.08,6361.79335,0.0001,0.00030000000000000003,0.0009000000000000001,0.0,0,0,22259.164,25525.872999999996,-3266.7089999999953,0.4658187038758598,0.4824091898184625,-0.5465946492966088,-8112.181999999993,-3115.8826,926253,1,0,0,0
2025-07-25 16:00:00+00:00,115727.07,116997.21,115455.46,116688.6,3089.40882,0.0001,0.00030000000000000003,0.0009000000000000001,0.0,0,0,11116.835,10944.592,172.24299999999857,0.5039037139347332,0.4841068524406178,0.3046623651910051,-4747.009999999998,-3066.1338000000005,497250,1,0,0,0
2025-07-25 20:00:00+00:00,116688.6,117630.0,116578.02,117614.31,1776.47864,0.0001,0.00030000000000000003,0.0009000000000000001,0.0,0,0,10549.749,9292.95,1256.798999999999,0.5316690536907303,0.49156867317700054,0.9128757137986994,-1837.6669999999976,-1336.6279999999992,334871,1,0,0,0
2025-07-26 00:00:00+00:00,117614.31,117750.0,117138.38,117489.62,1222.24277,0.0001,0.00030000000000000003,0.0009000000000000001,0.0,0,0,5024.454,6523.021000000001,-1498.567000000001,0.43511278439658885,0.4828524075638273,-1.365733162562138,-69.52500000000327,-997.7556000000001,243752,1,0,0,0
2025-07-26 04:00:00+00:00,117489.61,117547.92,117304.46,117304.47,1006.48005,0.0001,0.00030000000000000003,0.0009000000000000001,0.0,0,0,2440.688,3529.3320000000003,-1088.6440000000002,0.408824091041571,0.47301811370502395,-1.9114524249431095,-1330.412000000002,-884.9755999999998,143112,1,0,0,0
2025-07-26 08:00:00+00:00,117304.47,118217.45,117304.46,117776.11,1549.30958,0.0001,0.00030000000000000003,0.0009000000000000001,0.0,0,0,9906.946,6647.128000000001,3259.8179999999993,0.5984596903457119,0.48392728471154706,2.440435525884635,672.6069999999982,420.3297999999992,263164,1,0,0,0
2025-07-26 12:00:00+00:00,117776.1,118220.0,117772.13,118130.1,1303.59734,0.0001,0.00030000000000000003,0.0009000000000000001,0.0,0,0,5199.974,5134.657999999999,65.31600000000071,0.503160054465413,0.48464112720096536,0.24709180049453183,2236.49,398.9443999999996,219296,1,0,0,0
2025-07-26 16:00:00+00:00,118130.1,118297.35,117941.96,118232.11,1051.39337,0.0001,0.00030000000000000003,0.0009000000000000001,0.0,0,0,2759.508,3280.923,-521.415,0.45683958644672873,0.4858031010876921,-0.8544711724029576,2803.719,43.30159999999978,141852,0,1,0,0
2025-07-26 20:00:00+00:00,118232.11,118276.66,117883.86,117919.99,858.64895,0.0001,0.00030000000000000003,0.0009000000000000001,0.0,0,0,3126.578,3645.394,-518.8159999999998,0.46169387587544664,0.48469987223041056,-0.688060067032829,-974.914999999999,239.2518,149398,1,0,0,0
2025-07-27 00:00:00+00:00,117919.99,118358.18,117825.5,118182.83,1007.50696,0.0001,0.00030000000000000003,0.0009000000000000001,0.0,0,0,3257.485,3004.4509999999996,253.03400000000056,0.5202041349512355,0.48856856890240186,0.6688051034363576,-787.1969999999992,507.5874000000002,158847,1,0,0,0
2025-07-27 04:00:00+00:00,118182.83,118438.83,118066.74,118095.95,808.21213,0.0001,0.00030000000000000003,0.0009000000000000001,0.0,0,0,2794.65,3175.284,-380.634,0.4681207530937528,0.4887987738241912,-0.5806293887598291,-646.4159999999993,-220.5029999999997,127436,1,0,0,0
2025-07-27 08:00:00+00:00,118095.95,118292.86,117859.98,118072.71,835.9696,0.0001,0.00030000000000000003,0.0009000000000000001,0.0,0,0,4357.471,4257.223,100.24799999999959,0.5058184306952748,0.4889902455002454,0.3632288072783279,-27.35199999999986,-213.51659999999993,161878,0,1,0,0
2025-07-27 12:00:00+00:00,118072.71,118588.0,117890.0,118585.74,1586.05165,0.0001,0.00030000000000000003,0.0009000000000000001,0.0,0,0,7612.641,6470.407000000001,1142.2339999999986,0.5405535080190027,0.4898786909330727,1.1537067092520106,861.8479999999981,119.21319999999977,260914,1,0,0,0
2025-07-27 16:00:00+00:00,118585.75,119540.01,118585.75,118960.0,3418.37234,0.0001,0.00030000000000000003,0.0009000000000000001,0.0,0,0,14092.732,13072.715,1020.0169999999998,0.5187741618976489,0.49824482868317854,0.6921860622055618,2262.498999999998,426.9797999999997,522658,1,0,0,0
2025-07-27 20:00:00+00:00,118960.01,119766.65,118713.74,119415.55,1672.19651,0.0001,0.00030000000000000003,0.0009000000000000001,0.0,0,0,7154.378,6729.522,424.85599999999977,0.5153003118720244,0.5088924507662239,0.6228462567196981,2587.106999999998,461.34419999999955,297153,1,0,0,0
2025-07-28 00:00:00+00:00,119415.56,119800.0,118960.5,119287.99,1824.53168,0.0001,0.00030000000000000003,0.0009000000000000001,0.0,0,0,7278.672,7298.872,-20.200000000000728,0.49930715352325467,0.4989771970839782,0.17626382415516548,1424.6729999999989,533.4309999999994,339997,1,0,0,0
2025-07-28 04:00:00+00:00,119287.99,119701.07,118774.31,118900.0,2360.0622,0.0001,0.00030000000000000003,0.0009000000000000001,0.0,0,0,6304.252,7064.806999999999,-760.5549999999985,0.47155540266521384,0.49581673190395825,-0.5268948116379522,-355.89899999999943,361.27039999999977,297113,1,0,0,0
2025-07-28 08:00:00+00:00,118900.01,119102.69,118475.47,118827.49,2060.1822,0.0001,0.00030000000000000003,0.0009000000000000001,0.0,0,0,5815.517,6762.6720000000005,-947.1550000000007,0.4623493095866185,0.4963677042179473,-0.7336135944802703,-1727.9099999999999,-56.607400000000055,270349,1,0,0,0
2025-07-28 12:00:00+00:00,118827.49,119093.68,117895.73,118174.9,3792.61028,0.0001,0.00030000000000000003,0.0009000000000000001,0.0,0,0,15092.421,18392.318,-3299.896999999999,0.45072535879703285,0.4952708525101059,-1.0250898168265643,-5007.606999999998,-920.5901999999999,688369,1,0,0,0
2025-07-28 16:00:00+00:00,118174.89,118376.61,117427.5,118068.73,2575.55527,0.0001,0.00030000000000000003,0.0009000000000000001,0.0,0,0,9969.714,12341.183,-2371.469000000001,0.4468540193610324,0.48793584095108555,-1.067645559177626,-6618.521000000001,-1479.8552,483371,1,0,0,0
2025-07-28 20:00:00+00:00,118068.73,118350.01,117500.09,118062.32,1348.80591,0.0001,0.00030000000000000003,0.0009000000000000001,0.0,0,0,4902.809,5489.092,-586.2829999999994,0.4717913498213657,0.4883029006238469,-0.3911695133284439,-6257.648999999999,-1593.0717999999997,294706,1,0,0,0
2025-07-29 00:00:00+00:00,118062.32,118800.0,117450.0,118764.85,2242.87768,0.0001,0.00030000000000000003,0.0009000000000000001,0.0,0,0,8229.052,8619.777000000002,-390.7250000000022,0.48840498054790626,0.48656155560911,0.04924146510737247,-3348.4770000000026,-1519.1058000000005,404473,0,1,0,0
2025-07-29 04:00:00+00:00,118764.85,119273.36,118416.66,118882.37,2579.99271,0.0001,0.00030000000000000003,0.0009000000000000001,0.0,0,0,6751.663,6691.857000000001,59.805999999998676,0.5022243430292066,0.4827286391101304,0.37984196739973136,-917.202000000003,-1317.7136000000005,330201,1,0,0,0
2025-07-29 08:00:00+00:00,118882.37,119051.0,118160.87,118592.38,1962.95351,0.0001,0.00030000000000000003,0.0009000000000000001,0.0,0,0,5786.365,6984.398999999999,-1198.0339999999997,0.453094662151771,0.47616068913554266,-0.8768722675329002,-1528.9530000000032,-897.3410000000007,314588,1,0,0,0
2025-07-29 12:00:00+00:00,118592.38,119080.81,117272.0,117400.01,4173.95638,0.0001,0.00030000000000000003,0.0009000000000000001,0.0,0,0,16016.917,18208.826999999997,-2191.909999999998,0.46797863619852936,0.47142852156819315,-0.4432304939627722,-3330.137999999999,-861.4292000000002,690504,1,0,0,0
2025-07-29 16:00:00+00:00,117400.02,118057.05,116950.75,117525.29,2441.06334,0.0001,0.00030000000000000003,0.0009000000000000001,0.0,0,0,11408.863,12784.074999999999,-1375.2119999999995,0.4715782349378153,0.4686556297096492,-0.3298480030635271,-4765.155999999997,-1019.2150000000001,486779,0,1,0,0
2025-07-29 20:00:00+00:00,117525.28,118000.0,117094.96,117950.76,1737.09083,0.0001,0.00030000000000000003,0.0009000000000000001,0.0,0,0,6860.208,6921.46,-61.25200000000041,0.49777777261794437,0.4712778667049222,0.37238094302483415,-3628.373999999998,-953.3203999999998,325116,0,1,0,0
2025-07-30 00:00:00+00:00,117950.75,118250.0,117412.53,118161.87,1226.38506,0.0001,0.00030000000000000003,0.0009000000000000001,0.0,0,0,4815.722,5034.380000000001,-218.65800000000127,0.4889007240737202,0.47393300815363243,0.09674187748207995,-1655.1220000000012,-1009.0131999999998,258836,0,1,0,0
2025-07-30 04:00:00+00:00,118161.86,118412.11,117667.33,118123.01,1232.08963,0.0001,0.00030000000000000003,0.0009000000000000001,0.0,0,0,4665.387,5081.059,-415.6720000000005,0.4786757142039262,0.4767280436943217,-0.18897485658626353,-695.5820000000022,-852.5408,224670,1,0,0,0
2025-07-30 08:00:00+00:00,118123.0,118481.81,117358.84,117579.99,2228.01795,0.0001,0.00030000000000000003,0.0009000000000000001,0.0,0,0,7129.185,8773.269,-1644.0839999999998,0.4483072235266331,0.4768733641108819,-0.9747462434268257,-2278.4140000000016,-742.9756000000003,339211,1,0,0,0
2025-07-30 12:00:00+00:00,117579.99,118792.0,117358.84,118000.01,3794.91612,0.0001,0.00030000000000000003,0.0009000000000000001,0.0,0,0,14504.23,14347.398000000001,156.83199999999852,0.5027179055545843,0.4799660196842036,0.4594768823516124,-1902.9240000000018,-436.5668000000007,651876,1,0,0,0
2025-07-30 16:00:00+00:00,118000.01,118037.18,115796.23,116916.73,5721.15052,0.0001,0.00030000000000000003,0.0009000000000000001,0.0,0,0,22343.465,23886.039999999997,-1542.574999999997,0.4833161203002282,0.4794571336594359,-0.0457113751802957,-3029.8269999999984,-732.8314,910321,1,0,0,0
2025-07-30 20:00:00+00:00,116916.73,117908.4,116880.64,117840.3,1384.17703,0.0001,0.00030000000000000003,0.0009000000000000001,0.0,0,0,7400.805,6936.9169999999995,463.88800000000083,0.5161771863061649,0.48085241798713163,0.8722794786328127,-921.8549999999977,-596.3221999999996,310251,1,0,0,0
2025-07-31 00:00:00+00:00,117840.29,118600.0,117781.87,118466.14,2307.57332,5.694e-05,0.0002569399999999996,0.00085694,-5.29458404218659,0,0,9385.083,8588.121000000001,796.9619999999995,0.5221708383213143,0.487760035604086,0.9736712073656092,-281.7249999999967,-353.79539999999963,339454,1,0,0,1
2025-07-31 04:00:00+00:00,118466.15,118922.45,118287.63,118665.97,1907.96734,5.694e-05,0.0002569399999999996,0.00085694,-5.29458404218659,0,0,6083.666,6088.874999999999,-5.208999999998923,0.49978603481393086,0.4909407754656262,0.28778358622260714,1255.6410000000014,-26.020399999999427,223458,0,1,0,1
2025-07-31 08:00:00+00:00,118665.98,118770.07,118278.91,118371.25,1290.20631,5.694e-05,0.0002569399999999996,0.00085694,-5.29458404218659,0,0,4167.52,4442.441999999999,-274.92199999999866,0.48403465659894906,0.49218641763173954,-0.10142573347542584,516.831000000002,-112.37119999999886,184760,1,0,0,1
2025-07-31 12:00:00+00:00,118371.25,118702.1,117807.35,118306.18,3457.28095,0.0001,0.00025693999999999966,0.00085694,0.18257186352367416,0,0,13588.681,13271.338,317.34300000000076,0.505907348762486,0.49299937524619375,0.7555958909159262,37.21200000000317,259.6124000000007,556032,0,1,0,0
2025-07-31 16:00:00+00:00,118306.18,118879.14,116763.43,116785.79,4228.22018,0.0001,0.0002569399999999996,0.00085694,0.18257186352367588,0,0,15922.193,18689.295,-2767.101999999999,0.46002624908816403,0.4901119277476381,-1.0584135170540647,-2724.680999999997,-386.58559999999926,639606,1,0,0,0
2025-07-31 20:00:00+00:00,116785.78,116990.04,115500.0,115764.08,3818.7592,0.0001,0.0002569399999999996,0.00085694,0.18257186352367588,0,0,15707.499,19102.753999999997,-3395.2549999999974,0.45123196892593687,0.48736755321983916,-1.3691448611712698,-5845.013999999996,-1225.0289999999986,710276,1,0,0,0
2025-08-01 00:00:00+00:00,115764.07,116052.0,114313.13,115648.03,5440.32571,0.0001,0.0002569399999999996,0.00085694,0.18257186352367588,0,0,20145.998,22458.849000000002,-2312.8510000000024,0.47285694982075627,0.48982252584925146,-0.48027966714979736,-8475.207999999999,-1686.5573999999992,883811,1,0,0,0
2025-08-01 04:00:00+00:00,115648.03,115916.43,114633.18,115081.77,2952.50734,-1.408e-05,0.00018591999999999963,0.00074286,-4.945701080160074,0,0,10066.861,11147.672999999999,-1080.811999999998,0.4745266146312712,0.48700339675692017,-0.424146844909304,-6788.917999999998,-1847.7353999999991,487632,1,0,0,1
2025-08-01 08:00:00+00:00,115081.76,115340.0,114116.0,115305.65,3338.52917,-1.408e-05,0.00018591999999999963,0.00074286,-4.945701080160074,0,0,13404.191,13185.191,219.0,0.5041181852214542,0.48908360324904276,0.7676643037345358,-3174.6630000000005,-1867.4039999999993,578750,1,0,0,1
2025-08-01 12:00:00+00:00,115305.64,116019.3,113988.47,115357.82,5325.96286,1.549e-05,0.00010140999999999963,0.00065835,-2.906671839711891,0,0,27106.158,27694.609,-588.4510000000009,0.4946309966792983,0.48692898428635606,0.49154758184962394,-1450.262999999999,-1431.6737999999998,1107777,0,1,0,1
2025-08-01 16:00:00+00:00,115357.82,115695.52,113221.93,113328.68,4135.47502,5.681e-05,5.8219999999999615e-05,0.00061516,-1.2470783536124208,0,0,21000.588,25087.827999999998,-4087.239999999998,0.4556587060835417,0.48027777106257885,-1.1607942223186976,-4456.690999999999,-1570.0708,937296,1,0,0,0
2025-08-01 20:00:00+00:00,113328.67,114094.08,112722.58,113297.93,3294.30196,5.681e-05,5.8219999999999615e-05,0.00061516,-1.2470783536124208,0,0,14693.03,15291.122999999998,-598.0929999999971,0.4900265150061101,0.47930181908179675,0.4444539749006038,-5273.783999999996,-1227.1191999999987,676424,1,0,0,0
2025-08-02 00:00:00+00:00,113297.92,113921.94,113198.63,113909.86,1422.97261,5.681e-05,5.8219999999999615e-05,0.00061516,-1.2470783536124208,0,0,5768.848,5258.227000000001,510.6209999999992,0.5231530573610862,0.4832136591580104,1.8624712678239617,-4174.711999999996,-908.8325999999994,297713,1,0,0,0
2025-08-02 04:00:00+00:00,113909.87,114063.49,113469.43,113982.49,1674.39001,4.81e-05,0.00012039999999999962,0.00056326,-1.4509778149576125,0,0,5246.152,6692.173999999999,-1446.021999999999,0.4394378240299352,0.47656670668475537,-1.7262401096861302,-1533.493999999997,-1241.836999999999,265122,0,1,0,0
2025-08-02 08:00:00+00:00,113982.49,114040.29,113425.58,113787.12,1135.36227,8.94e-06,0.00011384999999999961,0.00047220000000000004,-2.4386985429971633,0,0,4580.703,5638.131999999999,-1057.4289999999983,0.44826078510906586,0.47539016028684555,-1.305750658041975,-1992.829999999998,-1335.6325999999985,233222,1,0,0,1
2025-08-02 12:00:00+00:00,113787.11,113787.12,112802.31,112840.71,1922.72871,8.94e-06,0.00011384999999999961,0.00047220000000000004,-2.4386985429971633,0,0,7646.858,10847.535,-3200.6769999999997,0.4134689903042506,0.47161386242467696,-2.452090763566758,-5704.127999999997,-1158.319999999999,358947,1,0,0,1
2025-08-02 16:00:00+00:00,112840.7,113420.0,112003.0,112229.42,3414.70659,4.437e-05,0.00010140999999999961,0.00041657000000000006,-1.2252071127210749,0,0,16468.283,19868.791,-3400.5080000000016,0.45320883569216386,0.4696490510118177,-0.9719206840245017,-7658.614,-1718.8029999999999,697149,1,0,0,0
2025-08-02 20:00:00+00:00,112229.42,113058.82,112069.86,112546.35,1937.17409,4.437e-05,0.00010140999999999961,0.00041657000000000006,-1.2252071127210749,0,0,7458.38,6985.365000000001,473.0149999999994,0.5163743890521467,0.47383382845390526,1.3299479663580402,-6128.170000000002,-1726.3241999999998,400983,1,0,0,0
2025-08-03 00:00:00+00:00,112546.35,113740.69,111920.0,113604.2,2106.5441,5.633e-05,0.00010963999999999961,0.00041596000000000005,-0.8034597501781722,0,0,9072.63,8889.140000000001,183.48999999999796,0.5051077928288804,0.4739327892146479,0.883328556927058,-2744.0030000000042,-1400.4218000000005,426640,1,0,0,0
2025-08-03 04:00:00+00:00,113604.2,113720.16,113341.06,113700.0,764.27697,5.633e-05,0.00010963999999999961,0.00041596000000000005,-0.8034597501781722,0,0,3015.389,3286.3819999999996,-270.9929999999995,0.47849866331226576,0.4723195558779446,-0.05644700235902911,385.5119999999979,-1243.1346000000008,152125,0,1,0,0
2025-08-03 08:00:00+00:00,113700.0,114260.31,113551.0,113862.18,1260.20877,4.533e-05,0.0001460299999999996,0.00036129,-1.069203918292498,0,0,5884.773,5138.686000000001,746.0869999999995,0.533840875173573,0.4801377727869478,1.7995793550367334,658.583999999998,-453.7818000000008,229143,1,0,0,0
2025-08-03 12:00:00+00:00,113862.19,114098.45,113579.69,113959.06,1131.56686,4.533e-05,0.0001460299999999996,0.00036129,-1.069203918292498,0,0,5057.414,5842.982000000001,-785.5680000000011,0.46396607976444154,0.4775317292627809,-0.6538563135517511,-310.47400000000107,69.20619999999926,280376,0,1,0,0
2025-08-03 16:00:00+00:00,113959.06,114799.97,113775.55,114313.19,1254.96509,4.533e-05,0.0001460299999999996,0.00036129,-1.069203918292498,0,0,5129.38,5441.084,-311.7039999999997,0.4852558979435529,0.4737420133210276,0.07773130876769344,-351.1850000000013,-87.73760000000057,284014,0,1,0,0
2025-08-03 20:00:00+00:00,114313.19,114612.24,114066.56,114208.8,880.19867,7.504e-05,0.00017669999999999963,0.00033633000000000003,-0.14436861395301134,0,0,2937.51,3488.499,-550.9889999999996,0.45712821130502623,0.4755110520485367,-0.8572694003187097,-1648.2610000000004,-234.63340000000008,214609,1,0,0,0
2025-08-04 00:00:00+00:00,114208.81,115000.0,114107.6,114570.61,1525.00586,7.504e-05,0.00017669999999999963,0.00033633000000000003,-0.14436861395301134,0,0,5969.819,6325.417999999999,-355.59899999999834,0.48553915634159805,0.4792388891717899,0.13826900166535602,-1218.2919999999976,-251.55459999999985,332267,0,1,0,0
2025-08-04 04:00:00+00:00,114570.61,114778.5,114148.58,114652.97,1221.27307,4.188e-05,0.00016224999999999963,0.00039229,-1.0804857322084886,0,0,4240.302,5039.495000000001,-799.1930000000011,0.456939090370188,0.4835858991783836,-0.8252732631757044,-1705.780999999999,-560.6106,238620,0,1,0,0
2025-08-04 08:00:00+00:00,114652.98,114750.0,114217.97,114493.09,1188.64494,5.719e-05,0.00017410999999999962,0.00043399000000000004,-0.5787029309161252,0,0,3539.276,4098.393,-559.1170000000002,0.4633974056744276,0.4846047561766101,-0.6297098211833867,-1713.9089999999997,-515.3203999999998,233104,1,0,0,0
2025-08-04 12:00:00+00:00,114493.09,115466.0,114121.0,114826.0,2885.46126,5.719e-05,0.00017410999999999962,0.00043399000000000004,-0.5787029309161252,0,0,13276.087,14299.248,-1023.1610000000001,0.48144789537461646,0.481112106808857,0.02826503401338169,-2381.4710000000014,-657.6117999999999,623698,0,1,0,0
2025-08-04 16:00:00+00:00,114826.01,115720.0,114732.65,114777.62,1843.11618,5.719e-05,0.00017410999999999962,0.00043399000000000004,-0.5787029309161252,0,0,8605.818,8416.25,189.5679999999993,0.5055683011018403,0.48115815763615294,0.8453618066926025,-1392.710000000001,-509.50040000000007,435804,0,1,0,0
2025-08-04 20:00:00+00:00,114777.62,115340.0,114616.33,115055.03,1004.17785,3.912e-05,0.00013818999999999962,0.0004163,-1.0500459510646791,0,0,4801.134,4717.351000000001,83.78299999999945,0.5044010680271073,0.4837483981076372,0.8303556408307148,-749.8100000000013,-421.62400000000054,259088,1,0,0,0
2025-08-05 00:00:00+00:00,115055.03,115127.81,114256.85,114256.85,1398.92395,7.101e-05,0.0001673199999999996,0.00043921,-0.07238549859986067,0,0,4953.591,5364.838,-411.2469999999994,0.4800722086666488,0.47837153145694467,0.017590555796421627,-137.89600000000064,-344.0348000000002,284718,1,0,0,0
2025-08-05 04:00:00+00:00,114256.85,114500.66,113725.72,113969.7,2125.54323,7.101e-05,0.0001673199999999996,0.00043921,-0.07238549859986067,0,0,7445.188,9444.693000000001,-1999.505000000001,0.4408076054532296,0.47605568402582354,-1.3290002899130111,-2326.969000000001,-632.1124000000003,303223,1,0,0,0
2025-08-05 08:00:00+00:00,113969.7,115096.73,113928.87,114827.07,1593.56232,8.589e-05,0.0001960199999999996,0.00051616,0.39293573480942123,0,0,8458.894,7083.489,1375.4050000000007,0.5442469150322702,0.48195478573469525,2.135820708192934,-1035.3469999999998,-152.3992000000002,345471,1,0,0,0
2025-08-05 12:00:00+00:00,114827.07,114893.13,112650.0,112934.0,4590.4684,8.589e-05,0.0001960199999999996,0.00051616,0.39293573480942123,0,0,22554.355,26234.666,-3680.3110000000015,0.4622834100319414,0.4824703056073867,-0.5301219361495441,-4304.411000000002,-926.3750000000003,1054150,1,0,0,0
2025-08-05 16:00:00+00:00,112934.0,113763.27,112815.68,113616.52,1434.52074,4.784e-05,0.00020473999999999964,0.0005196300000000001,-0.711473493847421,0,0,7784.519,8498.681999999999,-714.1629999999986,0.47807055873105053,0.481723445846332,-0.023950257315396736,-3019.0689999999995,-1085.9642,443249,0,1,0,0
2025-08-05 20:00:00+00:00,113616.51,114228.88,113304.0,114129.75,899.77214,4.784e-05,0.00020473999999999964,0.0005196300000000001,-0.711473493847421,0,0,5434.661,6058.852000000001,-624.1910000000007,0.4728459436205449,0.48331413117136773,-0.22676088854701862,-5018.665000000001,-1128.5530000000003,261259,0,1,0,0
2025-08-06 00:00:00+00:00,114129.75,114139.38,113400.0,113509.97,1061.53764,4.784e-05,0.00020473999999999964,0.0005196300000000001,-0.711473493847421,0,0,4043.657,5143.342,-1099.6849999999995,0.4401499336181489,0.48098938396573987,-1.2664254026165316,-2438.038999999999,-948.5889999999999,252613,1,0,0,0
2025-08-06 04:00:00+00:00,113509.98,114417.02,113355.13,114227.91,1437.03071,5.172e-05,0.0001854499999999996,0.00051502,-0.5489773786102653,0,0,7432.395,6911.261999999999,521.1330000000016,0.5181659739911517,0.48466119182739337,1.2330150444803962,-1202.7429999999986,-1119.4433999999997,324001,1,0,0,0
2025-08-06 08:00:00+00:00,114227.9,114404.23,113727.57,114226.69,1280.29764,9.275e-05,0.00019230999999999963,0.00056244,0.7229927699372866,0,0,5552.69,6254.809,-702.1190000000006,0.4702680897961541,0.48113117069682476,-0.27542737910974247,-1280.6709999999985,-523.8049999999996,264060,1,0,0,0
2025-08-06 12:00:00+00:00,114226.68,115515.09,113579.9,115413.87,3509.68013,9.275e-05,0.00019230999999999963,0.00056244,0.7229927699372866,0,0,19895.801,17879.991,2015.8099999999977,0.5266812407268655,0.48335918796680055,1.4707674162358182,1834.8239999999987,22.1895999999997,799013,1,0,0,0
2025-08-06 16:00:00+00:00,115413.87,115716.0,114942.18,115259.99,1727.95909,8.288e-05,0.00022734999999999962,0.00057028,0.4412008343506355,0,0,8547.737,10077.710000000001,-1529.9730000000018,0.45892788505961757,0.4812447556060975,-0.6602899106158913,-216.2820000000047,-158.96680000000052,398007,1,0,0,0
2025-08-06 20:00:00+00:00,115260.0,115260.0,114793.01,114992.27,744.64797,8.288e-05,0.00022734999999999962,0.00057028,0.4412008343506355,0,0,3037.487,3821.7889999999998,-784.3019999999997,0.44282909741494586,0.48144690480226904,-1.0950431325570344,-298.4650000000038,-95.89020000000055,169636,1,0,0,0
2025-08-07 00:00:00+00:00,114992.27,115185.58,114404.22,114546.03,1192.91433,8.288e-05,0.00022734999999999962,0.00057028,0.4412008343506355,0,0,5448.987,5398.657,50.32999999999993,0.5023198585794297,0.4772541991569851,0.7793415231344155,-2263.9450000000015,-190.0508000000009,250354,0,1,0,0
2025-08-07 04:00:00+00:00,114546.03,114876.79,114259.0,114787.99,1290.96115,4.843e-05,0.0002240599999999996,0.0005768300000000001,-0.5898426621276445,0,0,6025.183,4654.753,1370.4300000000003,0.5641590923391301,0.4874417673877039,2.3854184041871567,636.4580000000005,224.4589999999993,223248,1,0,0,0
2025-08-07 08:00:00+00:00,114787.99,116828.93,114787.98,116519.53,3698.10885,4.843e-05,0.0002240599999999996,0.0005768300000000001,-0.5898426621276445,0,0,22628.5,18352.765,4275.735000000001,0.5521669475063788,0.4948514062652368,1.8473321468846584,5696.495000000001,676.4439999999998,620345,1,0,0,0
2025-08-07 12:00:00+00:00,116519.54,116791.11,116035.84,116689.81,2746.73177,7.574e-05,0.0002070499999999996,0.00059538,0.3056140614303381,0,0,11580.796,13395.221,-1814.4249999999993,0.4636766542879916,0.49393447733198137,-0.6871224747306005,3831.7400000000016,619.5536000000004,510713,0,1,0,0
2025-08-07 16:00:00+00:00,116689.8,117520.0,115632.31,117461.98,2735.62556,7.574e-05,0.0002070499999999996,0.00059538,0.3056140614303381,0,0,16876.273,14609.904999999999,2266.368000000002,0.5359898873721669,0.5035184727073831,1.345979794616546,4727.6780000000035,1229.6876000000007,565749,1,0,0,0
2025-08-07 20:00:00+00:00,117461.99,117621.0,117012.0,117472.01,1804.22097,6.275e-05,0.0001869199999999996,0.0006190100000000001,-0.07460281572737876,0,0,7761.078,7676.936999999999,84.14100000000144,0.5027251236638908,0.5019743876746571,0.3950455751048894,536.0840000000044,1236.449800000001,307192,1,0,0,0
2025-08-08 00:00:00+00:00,117472.02,117630.0,116694.28,116737.35,2393.91974,6.275e-05,0.0001869199999999996,0.0006190100000000001,-0.07460281572737876,0,0,8002.285,9320.754,-1318.469000000001,0.4619446391594454,0.5011420426109863,-0.7534491707362859,1032.0400000000027,698.6700000000008,486664,1,0,0,0
2025-08-08 04:00:00+00:00,116737.34,116973.3,116401.0,116817.19,1456.27491,2.403e-05,0.0001625199999999996,0.0005720300000000001,-1.2599813529866726,0,0,5287.938,5632.619000000001,-344.6810000000005,0.4842187078919143,0.4968957893274911,-0.1102995076908268,-1579.009,-225.41319999999942,252859,0,1,0,0
2025-08-08 08:00:00+00:00,116817.2,116914.6,116317.08,116891.51,1108.98011,2.403e-05,0.0001625199999999996,0.0005720300000000001,-1.2599813529866726,0,0,4899.514,5156.494,-256.97999999999956,0.4872225638643088,0.4997252572079602,0.02336780068156743,-1920.130000000001,86.07580000000053,219923,0,1,0,0
2025-08-08 12:00:00+00:00,116891.51,117271.73,115878.71,116207.69,2540.81848,1.729e-05,0.00010406999999999959,0.00050343,-1.3801336280912542,0,0,12319.989,13411.585000000001,-1091.5960000000014,0.4787887829947752,0.5033212257659432,-0.2474584568596859,-1693.2570000000014,-585.5170000000002,529122,1,0,0,0
2025-08-08 16:00:00+00:00,116207.7,116900.0,116006.14,116453.41,1690.79713,7.973e-05,0.0001210499999999996,0.00053532,0.6882281454343886,0,0,9217.002,8815.067,401.9350000000013,0.5111450050462873,0.5042037404126288,0.7022526777567434,-946.6409999999996,-521.9582000000003,376780,1,0,0,0
2025-08-08 20:00:00+00:00,116453.41,116980.0,116319.06,116674.74,854.52241,7.973e-05,0.0001210499999999996,0.00053532,0.6882281454343886,0,0,4125.774,3639.5899999999992,486.1840000000011,0.5313046497240825,0.5009182961511242,1.2198709959169973,-203.47699999999895,-161.0275999999998,176642,1,0,0,0
2025-08-09 00:00:00+00:00,116674.74,116750.0,116299.13,116384.01,971.89236,7.973e-05,0.0001210499999999996,0.00053532,0.6882281454343886,0,0,2775.842,2937.1069999999995,-161.26499999999942,0.48588601088509636,0.49429020248899586,-0.13090000759541237,726.854000000003,-124.34439999999958,137522,1,0,0,0
2025-08-09 04:00:00+00:00,116384.01,116980.0,116339.45,116756.01,2021.01259,8.835e-05,0.0001853699999999996,0.0005719500000000001,1.003937324429099,0,0,7562.49,7372.259,190.23099999999977,0.5063687377672031,0.498559410836917,0.43539615722407476,515.1500000000015,-34.90219999999972,264638,1,0,0,0
2025-08-09 08:00:00+00:00,116756.0,117944.05,116756.0,117110.0,2353.3714,9.087e-05,0.0002589499999999996,0.00057007,1.1143608588770153,0,0,13427.766,12116.850000000002,1310.9159999999974,0.5256593405044726,0.4975263561501476,0.9518449858819189,1339.8819999999978,445.60020000000003,476850,1,0,0,0
2025-08-09 12:00:00+00:00,117110.0,117238.04,116700.01,116892.47,1382.66437,9.087e-05,0.0002589499999999996,0.00057007,1.1143608588770153,0,0,7285.961,6658.052000000001,627.9089999999997,0.5225153619693269,0.49950537998069117,0.8086032213420757,2129.055999999997,490.79499999999973,267022,0,1,0,0
2025-08-09 16:00:00+00:00,116892.48,116947.16,116500.0,116535.69,1202.78039,9.087e-05,0.0002589499999999996,0.00057007,1.1143608588770153,0,0,3616.573,3976.6290000000004,-360.0560000000005,0.47629089809542796,0.5009400058742894,-0.5378610990095873,1578.7689999999966,321.5469999999994,180640,1,0,0,0
2025-08-09 20:00:00+00:00,116535.68,117021.16,116359.89,116462.25,1582.41033,5.151e-05,0.00023072999999999963,0.0005387,-0.18609581791510474,0,0,5476.956,4718.048999999999,758.9070000000011,0.5372195501620647,0.5062400901013044,1.2080860384286316,1026.7600000000002,505.58139999999946,187266,0,1,0,0
2025-08-10 00:00:00+00:00,116462.25,118500.0,116460.63,118500.0,3892.68324,5.151e-05,0.00023072999999999963,0.0005387,-0.18609581791510474,0,0,19714.822,15231.052000000003,4483.769999999997,0.5641530671117282,0.5139331404260465,1.79970253730747,4882.620999999997,1364.2891999999988,527399,1,0,0,0
2025-08-10 04:00:00+00:00,118500.0,118741.77,117466.34,117808.3,2444.0838,9.849e-05,0.0002408699999999996,0.00058876,1.3857211120457464,0,0,13350.404,15716.248999999998,-2365.8449999999975,0.45930310586499246,0.5119845727130683,-1.1085874043139392,2876.8320000000003,628.9369999999999,517767,1,0,0,0
2025-08-10 08:00:00+00:00,117808.29,118500.0,117608.01,118330.58,1506.32503,9.849e-05,0.0002408699999999996,0.00058876,1.3857211120457464,0,0,7450.555,8589.682999999999,-1139.1279999999988,0.4644915493149167,0.507319227139931,-0.9022697049414253,978.7970000000005,275.5296000000002,327515,0,1,0,0
2025-08-10 12:00:00+00:00,118330.58,119113.94,118232.0,118815.0,2809.2276,0.0001,0.0002499999999999996,0.00061302,1.4375612031975116,0,0,11936.692,10931.356,1005.3359999999993,0.5219812377514688,0.5063868859426698,0.6798572858912486,-2499.636999999997,548.6080000000002,439934,1,0,0,0
2025-08-10 16:00:00+00:00,118815.0,118944.24,118433.8,118663.08,995.85812,0.0001,0.0002499999999999996,0.00061302,1.4375612031975116,0,0,3649.124,3634.01,15.113999999999578,0.5010376027682588,0.507902045130986,0.0582992801903835,-118.67799999999988,399.8493999999999,197565,0,1,0,0
2025-08-10 20:00:00+00:00,118663.09,119311.11,118074.99,119294.01,2674.59294,0.0001,0.0002984899999999996,0.00065027,1.4375612031975116,0,0,9738.355,10389.476999999999,-651.1219999999994,0.4838253320079381,0.5056477045550596,-0.45123135924074215,369.3279999999995,-627.1289999999993,410477,0,1,0,0
2025-08-11 00:00:00+00:00,119294.27,122164.07,118972.59,121728.99,7626.19257,0.0001,0.00030000000000000003,0.0007262400000000001,1.4246012840026305,0,0,32233.366,27304.835999999996,4928.530000000006,0.5413896442489143,0.5072207349295037,1.1562483068370468,4292.522000000006,831.7460000000013,1086494,1,0,0,0
2025-08-11 04:00:00+00:00,121729.0,122335.16,121466.08,121537.15,4279.8879,0.0001,0.00030000000000000003,0.0007262400000000001,1.4246012840026305,0,0,14833.414,12973.429,1859.9850000000006,0.5334447351682462,0.5083136722493956,0.8936697123591804,6137.393000000007,1431.5686000000012,538633,0,1,0,0
2025-08-11 08:00:00+00:00,121537.14,121823.0,120286.4,120561.54,4216.26732,0.0001,0.00030000000000000003,0.0008089500000000001,1.350367056994492,0,0,13978.454,14897.795,-919.3410000000003,0.4840813638918268,0.5090927188290355,-0.5881681361914469,5869.174000000006,1046.6332000000014,583080,1,0,0,0
2025-08-11 12:00:00+00:00,120561.53,120667.54,119382.91,120314.4,5236.26223,0.0001,0.00030000000000000003,0.0008089500000000001,1.350367056994492,0,0,23571.001,24542.09,-971.0889999999999,0.489908266338573,0.5043615904466863,-0.37923791874627116,-30.44499999999971,849.3926000000014,963400,1,0,0,0
2025-08-11 16:00:00+00:00,120314.4,120794.05,118604.17,119089.3,2812.92272,0.0001,0.00030000000000000003,0.00082922,1.2600847222681877,0,0,14284.976,18711.481999999996,-4426.505999999996,0.4329245278387153,0.491238736519385,-1.9809908657457547,-6316.935999999996,94.31580000000213,643206,1,0,0,0
2025-08-11 20:00:00+00:00,119089.3,119172.63,118050.11,118686.0,2322.80155,0.0001,0.00030000000000000003,0.00082922,1.2600847222681877,0,0,9571.437,10185.974,-614.5370000000003,0.48444793702980615,0.4937532196358664,-0.5620301812920864,-6012.131999999996,-1014.2975999999992,445591,1,0,0,0
2025-08-12 00:00:00+00:00,118686.0,119275.46,118593.39,118857.7,1894.63528,0.0001,0.00030000000000000003,0.0008408700000000001,1.1753461256620954,0,0,6902.303,6397.839,504.46399999999994,0.5189646095507853,0.4992005256594533,0.4639578965165206,-4536.578999999996,-1285.4017999999992,322441,1,0,0,0
2025-08-12 04:00:00+00:00,118857.7,119158.06,118424.86,118986.72,3135.38397,0.0001,0.00030000000000000003,0.0008408700000000001,1.1753461256620954,0,0,6421.957,7878.0560000000005,-1456.0990000000002,0.44908749383654406,0.4919111512679608,-1.5550645504113074,-1566.1720000000005,-1392.7533999999991,320810,0,1,0,0
2025-08-12 08:00:00+00:00,118986.73,119058.43,118207.47,118522.22,2346.379,0.0001,0.00030000000000000003,0.0008408700000000001,1.1753461256620954,0,0,6413.742,7584.909,-1171.1669999999995,0.45816857638639613,0.4876242486297745,-1.2061267693409907,-2122.8019999999997,-1432.768999999999,308206,1,0,0,0
2025-08-12 12:00:00+00:00,118522.22,119960.0,118285.0,119933.0,4914.05441,7.988e-05,0.0002798799999999996,0.00082988,0.38416792617752143,0,0,23509.267,21625.39,1883.8770000000004,0.5208695171872028,0.491328667147701,0.7088811841163257,-743.3889999999992,-170.6923999999999,820194,1,0,0,0
2025-08-12 16:00:00+00:00,119933.0,120192.1,119172.62,119665.27,2309.07117,7.988e-05,0.0002798799999999996,0.00082988,0.38416792617752143,0,0,10925.741,11902.919,-977.1779999999999,0.47859756113587043,0.4850494588363966,-0.5821485321040091,-264.46799999999894,-243.22059999999982,486906,1,0,0,0
2025-08-12 20:00:00+00:00,119665.27,120324.43,119485.84,120134.08,2120.5851,8.543e-05,0.0002653099999999996,0.0008638000000000001,0.5592513243090729,0,0,8610.525,7535.907000000001,1074.6179999999986,0.5332772590253995,0.4850327112221119,1.1275541364222368,1981.316999999999,-129.1898000000001,350482,1,0,0,0
2025-08-13 00:00:00+00:00,120134.09,120192.1,119094.28,119482.01,2361.00135,7.123e-05,0.0002365399999999996,0.00083654,-0.03743140475411923,0,0,7754.997,9104.452000000001,-1349.4550000000008,0.45997926741259454,0.4826225015741887,-1.1850885167274972,-1252.0150000000021,-107.86100000000025,364980,1,0,0,0
2025-08-13 04:00:00+00:00,119482.01,119820.18,118920.92,119580.4,2324.10298,7.123e-05,0.0002365399999999996,0.00083654,-0.03743140475411923,0,0,7559.844,8473.046999999999,-913.2029999999986,0.47152095027652846,0.48078376996798433,-0.8009330895858285,-1188.0400000000009,-56.26820000000007,354435,0,1,0,0
2025-08-13 08:00:00+00:00,119580.4,120732.94,119446.22,120570.41,3213.18528,7.123e-05,0.0002365399999999996,0.00083654,-0.03743140475411923,0,0,12208.065,11472.640000000001,735.4249999999993,0.5155279371961266,0.4890441109037254,0.5440163600517945,-1527.2330000000002,-285.9586000000003,448427,1,0,0,0
2025-08-13 12:00:00+00:00,120570.41,122200.0,120106.02,120920.62,7228.67197,0.0001,0.0002566599999999996,0.00083654,1.0650731667760367,0,0,31989.743,33454.412,-1464.668999999998,0.48880977988026586,0.4894802951887714,-0.3005281751404439,-1642.4469999999974,-383.45679999999993,1204605,0,1,0,0
2025-08-13 16:00:00+00:00,120920.61,122839.47,120920.61,122744.21,4167.90157,0.0001,0.0002566599999999996,0.00083654,1.0650731667760367,0,0,17223.638,15740.325000000004,1483.3129999999946,0.5224990089935484,0.4898337351330476,0.7375294940251731,754.0689999999959,-301.7178000000007,645805,1,0,0,0
2025-08-13 20:00:00+00:00,122744.22,123667.79,122298.2,123306.43,3915.20787,0.0001,0.00027122999999999964,0.0008365400000000001,1.01205616383377,0,0,16565.287,16527.423,37.8640000000014,0.5005720897442367,0.494982194723817,0.08908253741417355,56.50799999999799,-24.254000000000268,636420,1,0,0,0
2025-08-14 00:00:00+00:00,123306.44,124474.0,123250.5,123337.14,3481.676316,0.0001,0.00027122999999999964,0.0008365400000000001,1.01205616383377,0,0,14359.545,15226.06,-866.5149999999994,0.48535580056584954,0.4977009171417623,-0.3923113944975036,654.6619999999966,-14.916400000000431,619660,0,1,0,0
2025-08-14 04:00:00+00:00,123337.14,123428.6,121313.86,121725.31,3755.65744,0.0001,0.00030000000000000003,0.00083654,0.949184338470458,0,0,18629.434,23102.896,-4473.4619999999995,0.44640292070919596,0.49025425749396156,-1.5006456541664095,-5302.112999999998,-1056.6938000000002,655439,1,0,0,0
2025-08-14 08:00:00+00:00,121725.31,122045.9,120694.0,120949.67,3456.28874,0.0001,0.00030000000000000003,0.00083654,0.949184338470458,0,0,11757.693,13615.091,-1857.398000000001,0.4633978281610721,0.48873428419648174,-0.9203178960318379,-7197.375,-1135.2396000000008,457617,1,0,0,0
2025-08-14 12:00:00+00:00,120949.66,121183.06,117632.0,118257.25,11617.06761,0.0001,0.00030000000000000003,0.0008365400000000001,0.8884635296839551,0,0,52786.417,59618.185,-6831.767999999996,0.46961081717988734,0.48236764001193055,-0.6815833179930442,-13162.627999999997,-2798.255799999999,1910861,1,0,0,0
2025-08-14 16:00:00+00:00,118257.26,118535.0,117180.0,117945.92,3545.40524,0.0001,0.00030000000000000003,0.0008365400000000001,0.834266529557376,0,0,15973.313,16911.525,-938.2120000000014,0.4857348848730834,0.4849432017579794,-0.19892151766596855,-9627.377999999999,-2993.4709999999995,745431,1,0,0,0
2025-08-14 20:00:00+00:00,117945.92,118516.81,117302.33,118295.09,2124.85224,0.0001,0.00030000000000000003,0.0008365400000000001,0.834266529557376,0,0,8031.925,9789.486,-1757.5610000000006,0.45068962272403684,0.48286006900273026,-1.1962111756431721,-9527.540999999997,-3171.6802,381683,0,1,0,0
2025-08-15 00:00:00+00:00,118295.09,119077.71,118032.32,118968.91,1883.55436,1.939e-05,0.00021938999999999962,0.00075593,-2.257238817512211,0,0,7495.67,7161.393,334.27700000000004,0.5114032736299217,0.4824476026461098,0.8104581089382468,-2361.496000000002,-2210.1324,390411,1,0,0,1
2025-08-15 04:00:00+00:00,118968.91,119216.82,118629.58,118956.45,1732.90691,1.939e-05,0.00021938999999999962,0.00075593,-2.257238817512211,0,0,7013.404,6262.9259999999995,750.478000000001,0.5282637596383941,0.4863930006219226,1.287979986481415,-672.8059999999996,-1688.5571999999993,299463,0,1,0,1
2025-08-15 08:00:00+00:00,118956.45,119144.5,118600.0,119006.01,1129.82607,7.99e-05,0.00019928999999999962,0.00075595,0.06221783484871195,0,0,4174.504,4741.801,-567.2970000000005,0.4681876629388519,0.48096186601645297,-0.7342815031962435,517.4580000000005,-435.6630000000003,235977,0,1,0,0
2025-08-15 12:00:00+00:00,119006.01,119130.77,116827.29,117275.22,5128.8936,7.99e-05,0.00019928999999999962,0.00075595,0.06221783484871195,0,0,22097.419,25984.127999999997,-3886.7089999999953,0.4595821136953019,0.4768628684115595,-0.9582383148141673,-3703.527999999995,-1025.362399999999,999017,1,0,0,0
2025-08-15 16:00:00+00:00,117275.23,117882.35,116803.99,116936.27,2393.46089,3.722e-05,0.00013650999999999963,0.00070774,-1.5281687649376785,0,0,12694.865,11963.148,731.7170000000006,0.514837306639428,0.4798110190189173,0.885248153453561,-3722.288999999995,-527.5067999999989,543250,0,1,0,0
2025-08-15 20:00:00+00:00,116936.28,117761.88,116862.5,117342.05,1354.69691,3.722e-05,0.00013650999999999963,0.00070774,-1.5281687649376785,0,0,5805.488,5147.611,657.8770000000004,0.5300315463231,0.4881738815803077,1.3014464001938613,-2497.1149999999943,-462.7867999999988,246815,1,0,0,0
2025-08-16 00:00:00+00:00,117342.04,117898.99,117231.14,117429.63,1420.5255,3.722e-05,0.00013650999999999963,0.00070774,-1.5281687649376785,0,0,4690.119,5782.268000000001,-1092.1490000000013,0.44785577538339627,0.48661967630254016,-1.2913309507186612,297.4449999999997,-831.3121999999992,228096,0,1,0,0
2025-08-16 04:00:00+00:00,117429.63,117884.0,117278.0,117596.07,925.25596,8.85e-05,0.00020561999999999962,0.0007250100000000001,0.3566435061073121,0,0,5089.244,3789.344,1299.8999999999996,0.5732042076960886,0.4969790153541602,2.5767384691599005,865.6279999999988,-457.8727999999992,188170,1,0,0,0
2025-08-16 08:00:00+00:00,117596.07,117703.92,117143.98,117378.52,1206.0413,8.268e-05,0.00020839999999999962,0.0007076900000000001,0.14820273388239835,0,0,4058.277,4138.76,-80.48300000000017,0.4950907260757759,0.49791459947442956,0.19972255849527912,127.26799999999821,303.37239999999986,199368,1,0,0,0
2025-08-16 12:00:00+00:00,117378.52,117825.0,117327.63,117676.7,1191.50027,8.268e-05,0.00020839999999999962,0.0007076900000000001,0.14820273388239835,0,0,4020.648,3769.277,251.3710000000001,0.5161343658635995,0.5044590737883857,0.8010194475428265,1470.7879999999996,207.30319999999975,181544,1,0,0,0
2025-08-16 16:00:00+00:00,117676.7,117817.65,117629.94,117672.12,817.42683,8.268e-05,0.00020839999999999962,0.0007076900000000001,0.14820273388239835,0,0,1851.114,3043.738,-1192.6239999999998,0.3781756833505896,0.49113631476045255,-2.8924879387824936,-1021.7359999999999,-162.7970000000003,108030,1,0,0,0
2025-08-16 20:00:00+00:00,117672.13,117713.51,117219.34,117380.66,832.93131,9.023e-05,0.0002614099999999996,0.0006979200000000001,0.4267424113904165,0,0,2654.485,3787.146,-1132.661,0.4120827473663114,0.47951821353324425,-1.8150814450804142,-2073.9139999999998,-170.89940000000007,137527,1,0,0,0
2025-08-17 00:00:00+00:00,117380.66,117771.37,117172.21,117684.95,770.53091,8.206e-05,0.0002549699999999996,0.0006799800000000001,0.07375958005088327,0,0,2952.385,2779.549,172.83600000000024,0.5150765867157577,0.4842071059109349,0.7493014478717718,-2152.4489999999996,-396.31219999999996,152772,1,0,0,0
2025-08-17 04:00:00+00:00,117684.96,118230.82,117684.95,118005.98,1109.68335,8.206e-05,0.0002549699999999996,0.0006799800000000001,0.07375958005088327,0,0,5097.036,4342.478999999999,754.5570000000007,0.5399679962370948,0.49224569416511416,1.2742628678674883,-205.26799999999912,-229.30419999999975,179658,1,0,0,0
2025-08-17 08:00:00+00:00,118005.98,118484.0,117922.0,118308.01,1007.67549,8.206e-05,0.0002549699999999996,0.0006799800000000001,0.07375958005088327,0,0,4601.406,4664.533,-63.12700000000041,0.4965935994182565,0.490421323442997,0.18030315666340968,864.2660000000005,-292.2037999999999,191703,0,1,0,0
2025-08-17 12:00:00+00:00,118308.0,118575.0,118059.12,118246.16,974.27271,4.68e-05,0.00021908999999999958,0.00062678,-1.2346052819639868,0,0,3692.38,4190.8189999999995,-498.4389999999994,0.4683859940615479,0.4842567682168418,-0.4780524788966386,192.9910000000009,-153.36679999999978,172181,1,0,0,0
2025-08-17 16:00:00+00:00,118246.15,118316.01,117321.53,117570.07,1326.17558,4.68e-05,0.00021908999999999958,0.00062678,-1.2346052819639868,0,0,6225.537,8807.938,-2582.401,0.41411164085482566,0.4808823547639848,-1.6864560614900381,-3143.9669999999996,-443.31479999999976,273801,1,0,0,0
2025-08-17 20:00:00+00:00,117570.07,117995.37,117371.65,117405.01,710.30388,1.862e-05,0.0001474799999999996,0.0005454,-2.0847507545967137,0,0,3500.021,3532.721,-32.69999999999982,0.4976751599873847,0.4733294499931143,0.3250430880272521,-3113.539999999999,-484.42199999999974,173638,1,0,0,1
2025-08-18 00:00:00+00:00,117405.01,117543.75,115000.0,115319.0,5801.42298,2.846e-05,9.387999999999961e-05,0.00055447,-1.760300093242263,0,0,19536.579,27437.965,-7901.385999999999,0.41589715059288285,0.465410092444825,-1.554156381786819,-10516.486999999997,-2215.6105999999995,884815,1,0,0,0
2025-08-18 04:00:00+00:00,115319.0,115712.49,114878.71,115205.98,3433.42415,2.846e-05,9.387999999999961e-05,0.00055447,-1.760300093242263,0,0,10951.368,11876.908000000001,-925.5400000000009,0.47972821075056216,0.46176947693352133,-0.07682598158717814,-8859.626,-2388.0932,498432,1,0,0,0
2025-08-18 08:00:00+00:00,115205.99,115402.51,114640.14,114947.27,2793.98984,2.846e-05,9.387999999999961e-05,0.00055447,-1.760300093242263,0,0,8592.905,9388.76,-795.8549999999996,0.47787037518494535,0.4717389461169569,-0.09177625670283253,-9622.780999999999,-2447.5763999999995,397364,1,0,0,0
2025-08-18 12:00:00+00:00,114947.27,116186.97,114825.0,116145.34,2772.17945,-6.82e-06,4.0259999999999604e-05,0.00046775,-2.7835681940452464,0,0,15240.836,13345.703000000001,1895.132999999998,0.5331472970547431,0.4838454010858001,1.1457396019698387,173.73799999999756,-1552.0696000000003,598160,1,0,0,1
2025-08-18 16:00:00+00:00,116145.34,116800.0,115818.86,116313.99,1731.37273,-6.82e-06,4.0259999999999604e-05,0.00046775,-2.7835681940452464,0,0,9645.041,10124.389000000001,-479.3480000000018,0.4878765346294759,0.48112539587717185,0.13461098259432114,619.9299999999967,-1641.3992000000005,439401,0,1,0,1
2025-08-18 20:00:00+00:00,116314.0,116980.0,115980.32,116227.05,1213.55039,5.296e-05,7.45999999999996e-05,0.00048349,-0.7627973932652969,0,0,5122.257,5957.068000000001,-834.8110000000015,0.4623257283273123,0.47336116908619363,-0.43090519516926395,580.9739999999947,-228.08420000000115,259993,1,0,0,0
2025-08-19 00:00:00+00:00,116227.05,116725.69,114787.23,114810.0,2390.89748,7.137e-05,0.00011750999999999961,0.00046636000000000003,-0.14009094133569985,0,0,9456.341,12351.974999999999,-2895.633999999998,0.4336117011510655,0.46706297925947454,-1.0392224406385326,-4209.7930000000015,-622.1030000000006,504103,1,0,0,0
2025-08-19 04:00:00+00:00,114810.01,115483.24,114366.0,114978.14,2499.12321,7.137e-05,0.00011750999999999961,0.00046636000000000003,-0.14009094133569985,0,0,10022.174,9884.117,138.0570000000007,0.5034676726066146,0.47057114711398124,0.516016490085537,-3592.387999999999,-435.3206000000006,466747,1,0,0,0
2025-08-19 08:00:00+00:00,114978.15,115650.0,114804.0,115508.71,1471.04277,7.137e-05,0.00011750999999999961,0.00046636000000000003,-0.14009094133569985,0,0,5962.082,5216.0740000000005,746.0079999999998,0.5333690100585463,0.48249688403435326,1.1262014928299824,-2011.5689999999977,-665.1456000000002,285624,1,0,0,0
2025-08-19 12:00:00+00:00,115508.71,115875.84,113587.68,113786.38,5294.46316,6.262e-05,0.0001869499999999996,0.0004463,-0.3977788898357482,0,0,21230.599,22994.826000000005,-1764.2270000000062,0.48005415436934745,0.4807347834725495,-0.08176370488838945,-880.1620000000057,-922.1214000000011,906161,1,0,0,0
2025-08-19 16:00:00+00:00,113786.39,113897.58,112767.06,113132.48,3784.35052,3.167e-05,0.0001656599999999996,0.00038774,-1.363608252945914,0,0,14264.056,15143.658,-879.601999999999,0.4850447062971301,0.4876495390429743,0.03126014379419388,-1897.8210000000054,-931.0796000000006,642491,1,0,0,0
2025-08-19 20:00:00+00:00,113132.49,113589.48,112732.58,112872.94,2625.5971,3.167e-05,0.0001656599999999996,0.00038774,-1.363608252945914,0,0,7062.522,7435.863,-373.34100000000035,0.48712473837603293,0.4883891918055213,0.0512779518988046,-3017.1700000000055,-426.621000000001,328448,1,0,0,0
2025-08-20 00:00:00+00:00,112872.95,113636.13,112566.01,113525.91,3116.70576,4.543e-05,0.0001397199999999996,0.00035111,-0.8617190289955533,0,0,11299.946,10319.562000000002,980.3839999999982,0.5226735964574216,0.4928695139327689,0.8466766325401585,-272.5590000000011,-258.1556000000015,452017,1,0,0,0
2025-08-20 04:00:00+00:00,113525.9,113837.93,113432.0,113490.13,1367.41482,4.543e-05,0.0001397199999999996,0.00035111,-0.8617190289955533,0,0,4342.827,4800.709,-457.8819999999996,0.4749614372382851,0.48705092795112315,-0.1957269852482829,149.16099999999824,-498.9336000000014,246159,1,0,0,0
2025-08-20 08:00:00+00:00,113490.14,114016.77,113060.08,113666.68,2352.50644,1.364e-05,9.073999999999961e-05,0.00031795000000000006,-1.718111377406776,0,0,7926.921,7696.241,230.6800000000003,0.5073826284333479,0.4890015373315103,0.5185382344159569,753.1819999999989,-99.95220000000009,346229,1,0,0,0
2025-08-20 12:00:00+00:00,113666.69,114326.35,112380.0,113353.94,4605.43198,1.364e-05,9.073999999999961e-05,0.00031795000000000006,-1.718111377406776,0,0,21455.01,23669.328000000005,-2214.3180000000066,0.4754642605504816,0.49031539055382733,-0.2269457051204509,-2441.520000000006,-366.8954000000016,986902,1,0,0,0
2025-08-20 16:00:00+00:00,113353.94,114444.0,113264.01,114276.66,2624.00614,4.936e-05,0.00010842999999999961,0.00034869,-0.5708235016635944,0,0,13789.553,13888.467,-98.91400000000067,0.4982131308525682,0.4967755335239776,0.3123858286634565,-2082.552000000007,-312.0100000000017,626917,0,1,0,0
2025-08-20 20:00:00+00:00,114276.66,114615.38,114000.0,114271.24,1570.2768,4.936e-05,0.00010842999999999961,0.00034869,-0.5708235016635944,0,0,6065.536,5268.27,797.2659999999996,0.5351720331193246,0.49994596957524867,1.1608954617072134,-1515.9660000000076,-348.63360000000137,271871,0,1,0,0
2025-08-21 00:00:00+00:00,114271.23,114821.76,113906.01,113954.62,1626.72781,4.936e-05,0.00010842999999999961,0.00034869,-0.5708235016635944,0,0,7096.415,6732.658,363.7569999999996,0.5131518938398836,0.4979242579533823,0.6058903479331779,1062.1089999999986,-184.30580000000154,344257,0,1,0,0
2025-08-21 04:00:00+00:00,113954.62,114033.84,113582.43,113896.03,1612.36321,1.143e-05,7.44299999999996e-05,0.00033166,-1.6108802363686503,0,0,4907.957,5013.305,-105.34799999999996,0.49469079639263636,0.4993879221557112,0.25613962580260186,1055.6749999999993,-251.5114000000016,261265,1,0,0,0
2025-08-21 08:00:00+00:00,113896.03,113990.0,113000.0,113148.66,1509.65106,7.757e-05,0.00013835999999999962,0.00041605,0.4177259822505249,0,0,6020.395,6804.404999999999,-784.0099999999984,0.4694338313268044,0.4978268346586786,-0.3558696346635827,-525.6009999999987,34.55020000000004,306365,1,0,0,0
2025-08-21 12:00:00+00:00,113148.65,113995.11,112608.64,112792.08,2521.11028,7.757e-05,0.00013835999999999962,0.00041605,0.4177259822505249,0,0,12698.741,14626.116,-1927.375,0.4647322033560871,0.495587581156684,-0.43450900977236584,-2816.7329999999984,-331.1419999999998,686916,1,0,0,0
2025-08-21 16:00:00+00:00,112792.08,112969.47,112015.67,112193.71,2468.80417,7.757e-05,0.00013835999999999962,0.00041605,0.4177259822505249,0,0,10447.81,10562.323000000002,-114.51300000000265,0.49727481496666387,0.49304770300760825,0.33090942418315117,-2825.898000000001,-513.4978000000003,524639,1,0,0,0
2025-08-21 20:00:00+00:00,112193.71,112870.94,112067.46,112500.0,1101.03582,7.414e-05,0.0001631399999999996,0.00043723000000000004,0.34567183853567063,0,0,5833.545,5662.686,170.85900000000038,0.5074310876321118,0.49629466804699096,0.580140788385314,-1871.0290000000023,-552.0774000000001,273771,1,0,0,0
2025-08-22 00:00:00+00:00,112500.0,113525.0,112335.6,112929.24,1610.19525,7.414e-05,0.0001631399999999996,0.00043723000000000004,0.34567183853567063,0,0,8139.328,7678.813999999999,460.51400000000103,0.5145565136537528,0.49701205656903147,0.8061187896110336,516.8599999999988,-438.9049999999999,345408,1,0,0,0
2025-08-22 04:00:00+00:00,112929.24,113394.76,112708.81,113094.83,1656.2572,7.296e-05,0.00022466999999999962,0.00043882000000000003,0.34454279520328096,0,0,6316.715,6530.851000000001,-214.13600000000042,0.4916662813796792,0.49863225865195115,0.14025500088321088,417.237000000001,-324.93020000000035,296518,0,1,0,0
2025-08-22 08:00:00+00:00,113094.83,113319.3,112177.27,112320.0,1932.43574,7.296e-05,0.00022466999999999962,0.00043882000000000003,0.34454279520328096,0,0,6416.164,6660.426,-244.26200000000063,0.49066033270141524,0.4978769788368359,0.11361914269890018,2.1159999999999854,11.692399999999543,357051,1,0,0,0
2025-08-22 12:00:00+00:00,112320.01,117296.12,111684.79,116370.75,11505.26127,0.0001,0.00024709999999999966,0.0004762000000000001,1.1681841228008323,0,0,54612.378,55572.842000000004,-960.4640000000072,0.4956415933098831,0.49392393485589176,0.2503284624591436,-1418.8620000000083,-157.49780000000138,1891986,0,1,0,0
2025-08-22 16:00:00+00:00,116370.75,117429.05,116116.0,116655.79,4307.94644,0.0001,0.00024709999999999966,0.0004762000000000001,1.1681841228008323,0,0,17683.204,17868.190999999995,-184.9869999999937,0.49739831587480615,0.49234857705938406,0.24433175042102953,-1389.7130000000016,-228.6670000000002,679268,0,1,0,0
2025-08-22 20:00:00+00:00,116655.79,117174.43,116550.96,116935.99,2115.99447,5.867e-05,0.00023162999999999962,0.0005032000000000001,-0.10586728533717021,0,0,6475.107,5493.957,981.1499999999996,0.5409869142649751,0.49697818884661793,1.7353091855172385,-164.3010000000013,-124.53980000000047,265506,1,0,0,0
2025-08-23 00:00:00+00:00,116936.0,117030.0,115458.2,115568.77,2647.58419,5.867e-05,0.00023162999999999962,0.0005032000000000001,-0.10586728533717021,0,0,9580.277,12253.071000000002,-2672.7940000000017,0.43879101821672056,0.49391390753560954,-2.0811415289243977,-1876.6309999999958,-616.2714000000008,436394,1,0,0,0
2025-08-23 04:00:00+00:00,115568.77,116034.53,115551.2,115799.47,2258.18362,0.0001,0.0002586699999999996,0.0005577700000000001,1.1501232405747166,0,0,5523.162,5081.370999999999,441.7910000000011,0.5208302902164574,0.49952371622164654,0.9951374495107722,-1249.853000000001,-479.06080000000037,225063,1,0,0,0
2025-08-23 08:00:00+00:00,115799.46,115861.8,115223.43,115310.13,1313.89391,0.0001,0.0002586699999999996,0.0005577700000000001,1.1501232405747166,0,0,4252.887,5507.076,-1254.1890000000003,0.43574827076701006,0.49337106180168117,-2.018090441179268,-3485.192000000001,-537.805799999999,185628,1,0,0,0
2025-08-23 12:00:00+00:00,115310.13,115486.97,114560.0,114812.87,3027.56166,0.0001,0.00025866999999999964,0.00064413,1.1501232405747166,0,0,11310.833,11386.711999999998,-75.87899999999718,0.49832847561267096,0.49246080059973707,0.23316699260526336,-888.2769999999964,-515.9841999999996,394133,1,0,0,0
2025-08-23 16:00:00+00:00,114812.88,115190.74,114684.11,115133.91,1105.55067,9.711e-05,0.0002971099999999996,0.0006918800000000001,1.067033604053895,0,0,4449.977,3508.3360000000002,941.6409999999996,0.5591608422538796,0.4969212334597497,2.1602218986538624,-388.42699999999786,-523.8859999999997,174897,1,0,0,0
2025-08-23 20:00:00+00:00,115133.92,115454.12,115001.88,115438.05,976.58792,9.711e-05,0.0002971099999999996,0.0006918800000000001,1.067033604053895,0,0,2746.851,2818.8619999999996,-72.01099999999951,0.49353083782796564,0.49710768910457837,-0.0619208340103858,793.7510000000029,-3.7293999999992593,120208,0,1,0,0
2025-08-24 00:00:00+00:00,115438.06,115666.68,114934.21,115036.0,1995.92433,9.711e-05,0.0002971099999999996,0.0006918800000000001,1.067033604053895,0,0,5913.601,5942.238,-28.637000000000626,0.49879228285741734,0.49792088412017865,0.04695981673165189,840.9929999999995,-97.8149999999996,241960,1,0,0,0
2025-08-24 04:00:00+00:00,115036.01,115283.21,114846.14,114888.19,1715.6873,0.0001,0.0002971099999999996,0.00078045,1.1570843311537296,0,0,4146.975,4143.743999999999,3.231000000001586,0.500194856441281,0.4983762104333184,0.10302140600367952,-97.41699999999855,153.66900000000078,173349,0,1,0,0
2025-08-24 08:00:00+00:00,114888.19,115060.99,114600.0,114730.22,2223.47925,0.0001,0.0002971099999999996,0.00078045,1.1570843311537296,0,0,4928.103,5203.865000000001,-275.7620000000006,0.48639148880059624,0.49727552772589745,-0.3613748898936742,-301.16799999999967,113.69240000000009,222000,1,0,0,0
2025-08-24 12:00:00+00:00,114730.22,114869.41,114350.57,114400.0,2662.01905,0.0001,0.0002971099999999996,0.0008028800000000001,1.1570843311537296,0,0,6585.829,7617.487999999999,-1031.6589999999997,0.4636824623431273,0.4895450825337126,-1.1852643068788102,-1304.1899999999987,-280.9675999999998,295274,1,0,0,0
2025-08-24 16:00:00+00:00,114400.01,114917.1,110680.0,112600.0,8322.01988,0.0001,0.0002971099999999996,0.0008028800000000001,1.1570843311537296,0,0,26248.131,32667.072999999997,-6418.9419999999955,0.44552389227066075,0.4902183699391066,-1.7222827316467262,-7726.362999999996,-1550.353799999999,983106,1,0,0,0
2025-08-24 20:00:00+00:00,112600.0,113692.97,111632.85,113493.59,4256.85481,0.0001,0.00030000000000000003,0.0008287400000000001,1.1570843311537296,0,0,14867.222,15123.733000000002,-256.51100000000224,0.4957235273101506,0.487707693648476,0.05160194873614951,-7707.111999999997,-1595.9285999999993,722786,0,1,0,0
2025-08-25 00:00:00+00:00,113493.59,113667.28,112159.0,112916.84,2384.9729,0.0001,0.00030000000000000003,0.0008557800000000001,1.0866794524391825,0,0,10681.855,11683.322,-1001.4670000000006,0.4776110200245676,0.49189396857423173,-0.5464675468778185,-7676.919999999998,-1796.8681999999997,491506,1,0,0,0
2025-08-25 04:00:00+00:00,112916.84,113059.52,111284.05,111511.55,4054.02521,0.0001,0.00030000000000000003,0.0008557800000000001,1.0866794524391825,0,0,12583.736,13963.823,-1380.0869999999995,0.47400727125232117,0.48946184813819676,-0.6746983246644455,-2638.0650000000023,-2017.7331999999994,569941,1,0,0,0
2025-08-25 08:00:00+00:00,111511.56,111850.13,110929.48,111214.97,4028.25788,0.0001,0.00030000000000000003,0.0008557800000000001,1.0866794524391825,0,0,13032.667,14004.713000000002,-972.0460000000021,0.48202403487320145,0.4817481674001288,-0.35646439398019536,-3353.600000000002,-2005.8106,559766,1,0,0,0
2025-08-25 12:00:00+00:00,111214.97,112580.0,110588.0,112200.64,4593.3206,0.0001,0.00030000000000000003,0.0008557800000000001,1.0482871967968266,0,0,20003.133,21666.695999999996,-1663.5629999999946,0.48003875897834863,0.48039895951516726,-0.434947636105339,-4015.6959999999963,-1054.7347999999997,836826,0,1,0,0
2025-08-25 16:00:00+00:00,112200.65,112937.26,110655.01,110716.13,3109.40411,0.0001,0.00030000000000000003,0.0008557800000000001,1.0482871967968266,0,0,13533.957,16945.368000000002,-3411.411000000002,0.44403729413299015,0.4749234606427245,-1.5970787999737506,-6047.019999999999,-1685.7147999999997,663870,1,0,0,0
2025-08-25 20:00:00+00:00,110716.13,111092.54,109274.1,110111.98,7012.81309,8.344e-05,0.0002834399999999996,0.00088055,0.49158305438527605,0,0,27391.976,29348.539,-1956.563000000002,0.4827586778160191,0.47317984278019837,-0.2071892626135957,-7031.536999999998,-1876.734,1060994,1,0,0,0
2025-08-26 00:00:00+00:00,110111.98,110111.98,108666.66,109879.56,4155.39206,4.522e-05,0.00022865999999999962,0.0008257700000000001,-0.6614901691834522,0,0,15672.613,17066.732000000004,-1394.1190000000042,0.4787088135086392,0.4724115752510025,-0.31597709492367354,-6762.093000000008,-1879.540400000001,795458,1,0,0,0
2025-08-26 04:00:00+00:00,109879.57,110547.31,109765.93,110303.2,1910.05232,4.522e-05,0.00022865999999999962,0.0008257700000000001,-0.6614901691834522,0,0,7520.425,7051.446999999999,468.978000000001,0.5160918926545608,0.47765251828214594,1.0081775515541729,-2881.704000000005,-1591.3356000000003,375237,1,0,0,0
2025-08-26 08:00:00+00:00,110303.2,110455.13,109570.34,109876.52,1852.10166,3.9e-05,0.0001676599999999996,0.00076477,-0.8051930930422624,0,0,6537.797,6895.31,-357.51300000000083,0.48669284030864934,0.4817694130859448,-0.07036651698049257,-1282.654000000004,-1330.1256000000017,344716,1,0,0,0
2025-08-26 12:00:00+00:00,109876.53,110818.6,109393.93,109666.33,4559.68511,3.9e-05,0.0001676599999999996,0.00076477,-0.8051930930422624,0,0,20454.65,20459.852999999996,-5.202999999994063,0.49993641618963336,0.4821907019738931,0.37129641105798605,106.26200000000608,-648.884,1001278,1,0,0,0
2025-08-26 16:00:00+00:00,109666.34,111162.59,109450.0,111116.03,3548.51055,0.0001,0.0001842199999999996,0.0007676600000000001,1.0731688480229802,0,0,10457.751,11067.862000000001,-610.1110000000008,0.48582825492588755,0.48301242546402506,-0.13201001049432037,-972.8269999999957,-379.5935999999998,528646,0,1,0,0
2025-08-26 20:00:00+00:00,111116.03,112371.0,110918.26,111763.22,2426.69707,0.0001,0.0001842199999999996,0.0007676600000000001,1.0731688480229802,0,0,10768.949,11088.048999999999,-319.09999999999854,0.4927002784188387,0.4848817261806769,0.13921215916766494,-934.4139999999934,-164.58979999999866,420549,0,1,0,0
2025-08-27 00:00:00+00:00,111763.22,111825.16,110918.26,111418.15,2172.27313,0.0001,0.0001842199999999996,0.0007676600000000001,1.0731688480229802,0,0,7336.949,8038.286000000001,-701.3370000000014,0.4771926412832064,0.4843985868216773,-0.3933422496187888,-1630.5480000000007,-398.6527999999991,346943,1,0,0,0
2025-08-27 04:00:00+00:00,111418.15,111737.26,110622.5,110725.18,1809.80294,1.802e-05,0.00015701999999999958,0.00068568,-1.349126624042918,0,0,5431.524,6357.072999999999,-925.5489999999991,0.460743886655893,0.48246909958943174,-0.9555343581371218,-1945.985999999999,-512.2599999999987,300463,1,0,0,0
2025-08-27 08:00:00+00:00,110725.19,111374.45,110345.42,111322.07,1594.26753,5.503e-05,0.00017304999999999957,0.00064071,-0.249422988526833,0,0,6849.105,5963.243,885.8619999999992,0.5345706345160153,0.4915224336277343,1.6301010501578035,-741.0240000000013,-334.04700000000014,300512,1,0,0,0
2025-08-27 12:00:00+00:00,111322.07,112625.0,111019.02,112000.0,3310.1006,5.503e-05,0.00017304999999999957,0.00064071,-0.249422988526833,0,0,15183.848,14379.079,804.7690000000002,0.5136111184119218,0.49460767768732444,0.8629013181562377,765.0820000000003,-51.07099999999991,699538,1,0,0,0
2025-08-27 16:00:00+00:00,111999.99,112600.0,111541.23,112080.69,1902.42552,5.503e-05,0.00017304999999999957,0.00064071,-0.249422988526833,0,0,9208.307,8966.239999999998,242.06700000000274,0.5066595057362366,0.49740274691008424,0.6081324205972896,1932.6980000000021,61.162400000000346,433284,1,0,0,0
2025-08-27 20:00:00+00:00,112080.68,112452.05,110921.79,111262.01,2603.73903,3.496e-05,0.00010800999999999958,0.00057567,-0.8856614105037165,0,0,12999.953,13491.515000000001,-491.5620000000017,0.4907222582002628,0.4948657834646545,0.12342726311471179,555.2740000000013,103.11740000000027,532359,1,0,0,0
2025-08-28 00:00:00+00:00,111262.01,112042.04,110862.42,112000.01,1203.77782,5.297e-05,0.0001429599999999996,0.00052864,-0.3659407092415553,0,0,5701.327,5966.580999999999,-265.253999999999,0.4886331808581282,0.49505981751960243,-0.014891691005997224,-514.748999999998,235.17640000000029,320679,0,1,0,0
2025-08-28 04:00:00+00:00,112000.0,113360.0,111945.07,113114.11,2481.91862,5.297e-05,0.0001429599999999996,0.00052864,-0.3659407092415553,0,0,12034.923,11052.424,982.4989999999998,0.5212778670498607,0.4971939626056251,1.2539118280518629,225.68299999999908,254.5038000000004,451848,1,0,0,0
2025-08-28 08:00:00+00:00,113114.11,113351.51,112826.22,112909.18,1419.04336,5.297e-05,0.0001429599999999996,0.00052864,-0.3659407092415553,0,0,4713.149,5796.797,-1083.6479999999992,0.44844654767969316,0.49345579188100563,-1.6467863794192574,-366.4029999999984,-123.17959999999948,240005,1,0,0,0
2025-08-28 12:00:00+00:00,112909.18,113485.9,112391.56,112678.53,3088.9335,9.693e-05,0.00018485999999999958,0.00052557,0.9739735774994287,0,0,12932.447,13307.061999999998,-374.61499999999796,0.49286162328723454,0.4934719263678452,0.14443326081433658,-475.7639999999974,-246.51599999999962,640301,1,0,0,0
2025-08-28 16:00:00+00:00,112678.53,113186.56,111901.35,111901.36,1813.29699,9.693e-05,0.00018485999999999958,0.00052557,0.9739735774994287,0,0,7662.918,9482.031,-1819.1130000000012,0.44694901104692697,0.4904475633442173,-1.7313551015650022,-3277.3759999999984,-512.0261999999996,386685,1,0,0,0
2025-08-28 20:00:00+00:00,111901.36,112575.98,111872.06,112566.9,1097.30715,7.512e-05,0.0002250199999999996,0.00051725,0.21171253137800325,0,0,5198.713,3781.9050000000007,1416.807999999999,0.5788814310997304,0.502261317788601,3.2271572468130305,-776.9200000000001,-175.6137999999999,213308,1,0,0,0
2025-08-29 00:00:00+00:00,112566.9,112638.64,111302.27,111704.23,2123.00621,4.261e-05,0.0002146599999999996,0.00051464,-0.8492290550311317,0,0,7345.109,9904.755000000001,-2559.6460000000006,0.42580677737517236,0.4913849320745167,-1.991716495465834,-2961.9510000000028,-884.0427999999999,393831,1,0,0,0
2025-08-29 04:00:00+00:00,111704.24,111850.56,109899.99,110019.38,4260.9718,4.261e-05,0.0002146599999999996,0.00051464,-0.8492290550311317,0,0,11868.523,13258.475,-1389.9520000000011,0.4723414631544922,0.4872579665487738,-0.4200989317711641,-2532.7900000000027,-945.3036000000004,540527,1,0,0,0
2025-08-29 08:00:00+00:00,110019.38,110270.3,109414.18,110098.81,2848.31026,5.856e-05,0.0001762899999999996,0.0005342000000000001,-0.3093752242415193,0,0,11911.125,11456.478,454.64700000000084,0.5097281479833426,0.4875648307734844,0.784652336948368,-3494.951000000001,-779.4512000000007,486881,1,0,0,0
2025-08-29 12:00:00+00:00,110098.81,111517.07,108103.0,108386.23,7729.2804,5.856e-05,0.0001762899999999996,0.0005342000000000001,-0.3093752242415193,0,0,34315.396,36682.424000000006,-2367.0280000000057,0.48333027690145974,0.48682563264360407,-0.10315789407579411,-3302.333000000006,-889.0342000000015,1336854,1,0,0,0
2025-08-29 16:00:00+00:00,108386.23,108832.0,107934.24,108212.01,2605.64538,5.856e-05,0.0001762899999999996,0.0005342000000000001,-0.3093752242415193,0,0,10119.471,11244.74,-1125.2690000000002,0.47366462538682097,0.4853287770964734,-0.46779171819631127,-3037.650000000005,-1397.4496000000013,537823,1,0,0,0
2025-08-29 20:00:00+00:00,108212.01,108549.99,107463.9,108377.4,3013.0964,6.44e-06,0.00010760999999999962,0.00044064,-1.9379260713372988,0,0,10046.514,11572.162,-1525.648000000001,0.46471458289120016,0.4796724486806073,-0.731657291493365,-5017.945000000007,-1190.6500000000015,424199,0,1,0,0
2025-08-30 00:00:00+00:00,108377.4,108436.21,107350.1,108436.2,3244.13736,7.523e-05,0.0001402299999999996,0.00049785,0.23500529856303384,0,0,8249.351,8148.9580000000005,100.39300000000003,0.5030610778221096,0.485133901694849,0.5343952070042198,-2550.5240000000013,-892.5810000000013,372390,1,0,0,0
2025-08-30 04:00:00+00:00,108436.21,108697.28,108120.0,108524.26,3052.32523,7.523e-05,0.0001402299999999996,0.00049785,0.23500529856303384,0,0,5957.203,5509.561999999999,447.64100000000144,0.5195190622638557,0.48779964559251104,1.0219054038587319,-977.6139999999996,-893.9822000000011,247476,1,0,0,0
2025-08-30 08:00:00+00:00,108524.26,108777.43,108400.0,108680.01,1416.9539,7.523e-05,0.0001402299999999996,0.00049785,0.23500529856303384,0,0,4528.249,4632.502,-104.25300000000061,0.49430980058294344,0.4925357245461128,0.17200253594961828,443.78100000000086,-441.4272000000001,188576,0,1,0,0
2025-08-30 12:00:00+00:00,108680.01,108926.15,108190.52,108869.98,1540.53972,7.979e-05,0.0001614599999999996,0.0005226100000000001,0.32893293047111416,0,0,6406.905,6987.565,-580.6599999999999,0.47832463695838656,0.4824800451319784,-0.35640343042620803,-237.27199999999903,-332.5054,299495,0,1,0,0
2025-08-30 16:00:00+00:00,108869.98,108900.0,108625.46,108828.33,677.58629,7.979e-05,0.0001614599999999996,0.0005226100000000001,0.32893293047111416,0,0,2258.602,3209.0730000000003,-950.4710000000005,0.41308270882962134,0.4812076382774232,-2.327533508906037,-1635.384000000001,-217.46999999999989,154624,1,0,0,0
2025-08-30 20:00:00+00:00,108828.32,108838.27,108468.77,108816.33,776.84909,8.042e-05,0.0002354399999999996,0.0005680700000000001,0.3173962161605696,0,0,2182.109,2586.8039999999996,-404.6949999999997,0.4575694712820301,0.4797304390901771,-0.9068892096364594,-1935.826,-318.4875999999998,135250,1,0,0,0
2025-08-31 00:00:00+00:00,108816.33,109480.02,108801.35,109223.84,1756.83146,8.042e-05,0.0002354399999999996,0.0005680700000000001,0.3173962161605696,0,0,7510.117,6254.978999999999,1255.1380000000008,0.5455913275141706,0.4833167570432598,1.6368059988939971,-100.02799999999934,-156.98819999999995,269986,1,0,0,0
2025-08-31 04:00:00+00:00,109223.84,109231.41,108523.49,108708.26,1177.25929,-1.232e-05,0.00014788999999999962,0.00050278,-2.6656998722171648,0,0,4578.491,4927.624,-349.1329999999998,0.4816363993071828,0.4831473692838322,-0.19559347577141048,501.3100000000013,-205.9641999999998,191086,1,0,0,1
2025-08-31 08:00:00+00:00,108708.25,109100.0,108303.21,108389.76,1590.89462,4.749e-05,0.00011558999999999962,0.00045334000000000005,-0.7003395916780792,0,0,6646.772,6146.187999999999,500.58400000000074,0.519564823152734,0.4877373890604234,0.8766259779519208,1406.5890000000018,10.284600000000319,257916,0,1,0,0
2025-08-31 12:00:00+00:00,108389.77,108858.43,108191.29,108818.69,2441.88905,4.749e-05,0.00011558999999999962,0.00045334000000000005,-0.7003395916780792,0,0,6175.967,4704.948000000001,1471.0189999999984,0.5675962913045456,0.4980255599017579,2.0391192937014897,1622.4699999999993,494.58260000000007,275637,1,0,0,0
2025-08-31 16:00:00+00:00,108818.69,109237.51,108555.0,108930.0,1232.50315,4.749e-05,0.00011558999999999962,0.00045334000000000005,-0.7003395916780792,0,0,5009.362,5471.7390000000005,-462.3770000000004,0.47794234594247303,0.4955136867137943,-0.3596977361060708,1509.2259999999987,483.04619999999994,214968,0,1,0,0
2025-08-31 20:00:00+00:00,108930.0,109230.0,108076.93,108246.35,1290.13839,0.0001,0.00013516999999999962,0.00047822000000000007,0.9364743286566792,0,0,5929.211,6794.148,-864.9369999999999,0.46600987993815157,0.4901627684812239,-0.6506053327835212,143.7049999999981,59.03119999999981,264848,1,0,0,0
2025-09-01 00:00:00+00:00,108246.36,108482.98,107393.0,107660.01,3206.34097,4.66e-05,0.0001940899999999996,0.00048221,-0.7106797780292544,0,0,12647.738,12421.052000000001,226.68599999999788,0.5045212792480211,0.4911839163477317,0.3492006424506376,-1100.6280000000024,174.19499999999934,602788,0,1,0,0
2025-09-01 04:00:00+00:00,107660.0,109432.99,107255.0,109432.99,2904.1728,4.66e-05,0.0001940899999999996,0.00048221,-0.7106797780292544,0,0,13933.928,12170.869999999999,1763.058000000001,0.5337688496957532,0.49672833762146834,1.0535129273710218,1124.8069999999989,426.68979999999937,542717,1,0,0,0
2025-09-01 08:00:00+00:00,109432.99,109912.4,108186.41,108782.88,3111.29125,0.0001,0.0002465999999999996,0.0005236500000000001,0.9555366226247372,0,0,15329.792,17709.216999999997,-2379.4249999999975,0.46399067235945246,0.5018191339744515,-0.7330246974118158,-389.6809999999987,-343.3989999999998,639668,1,0,0,0
2025-09-01 12:00:00+00:00,108782.89,109520.0,108566.0,108784.33,2266.34513,0.0001,0.0002465999999999996,0.0005236500000000001,0.9555366226247372,0,0,10186.134,11601.981000000002,-1415.8470000000016,0.4675087312509595,0.5028130599713444,-0.5980918052485761,-2032.2139999999981,-534.0930000000001,522540,0,1,0,0
2025-09-01 16:00:00+00:00,108784.33,109329.65,108391.3,109217.64,1553.15049,0.0001,0.0002465999999999996,0.0005236500000000001,0.9555366226247372,0,0,6460.767,6411.967000000001,48.79999999999927,0.5018954792354133,0.4984434751434687,0.3238067356708288,-3746.4719999999998,-351.3456000000002,335988,1,0,0,0
2025-09-01 20:00:00+00:00,109217.65,109442.95,107459.49,109237.42,3012.30155,4.963e-05,0.00019622999999999963,0.00056684,-0.6039765305901287,0,0,15998.729,15408.451000000001,590.2779999999984,0.5093971824277124,0.5012195534555216,0.505278761944727,-776.7690000000039,-278.6272000000001,625602,1,0,0,0
2025-09-02 00:00:00+00:00,109237.43,110623.97,108883.8,110322.18,3166.02008,6.946e-05,0.0002190899999999996,0.00056107,0.04431205091645906,0,0,15142.273,13160.24,1982.0329999999994,0.5350151415883105,0.5027645852990792,1.1195911303378974,2621.110999999997,-234.83220000000037,578459,1,0,0,0
2025-09-02 04:00:00+00:00,110322.19,110610.5,110000.0,110233.92,1952.71608,6.946e-05,0.0002190899999999996,0.00056107,0.04431205091645906,0,0,6283.284,7644.076000000001,-1360.7920000000013,0.4511468074351492,0.49111963691213967,-0.9923250746599196,1211.5189999999966,-31.10560000000114,346143,1,0,0,0
2025-09-02 08:00:00+00:00,110233.91,110711.1,109563.87,109733.34,2462.01591,6.946e-05,0.0002190899999999996,0.00056107,0.04431205091645906,0,0,8633.367,10196.924,-1563.5570000000007,0.45848293050808403,0.48917369536870076,-0.8185461599308547,-942.3160000000025,-60.64760000000096,373587,1,0,0,0
2025-09-02 12:00:00+00:00,109733.33,111771.52,108393.39,110829.17,6768.89317,8.805e-05,0.00020713999999999962,0.00056933,0.6510766395437738,0,0,39381.604,40194.479,-812.875,0.49489246662216335,0.49206195403710196,0.12707054438885143,-3737.224000000002,-232.98260000000082,1393094,0,1,0,0
2025-09-02 16:00:00+00:00,110829.16,111119.58,110200.0,110806.0,2585.23037,8.805e-05,0.00020713999999999962,0.00056933,0.6510766395437738,0,0,9969.04,10791.912,-822.8719999999994,0.48018221900421526,0.48962804801272125,-0.2905992778497004,-3199.304,-515.6126000000004,525422,1,0,0,0
2025-09-02 20:00:00+00:00,110806.01,111538.17,110716.77,111240.01,1575.41195,6.356e-05,0.00022106999999999962,0.00055247,-0.09668049148575694,0,0,7339.27,7224.886999999999,114.38300000000163,0.503926866484617,0.4866438496916077,0.45160878788101433,-1521.3639999999978,-889.1425999999999,316393,1,0,0,0
2025-09-03 00:00:00+00:00,111240.01,111782.21,110892.14,111054.01,2263.61693,6.356e-05,0.00022106999999999962,0.00055247,-0.09668049148575694,0,0,6876.067,7803.646,-927.5789999999997,0.46840609213545253,0.4870853916692077,-0.6755963097007563,-1636.0679999999975,-802.4999999999997,374086,1,0,0,0
2025-09-03 04:00:00+00:00,111054.0,111151.99,110528.71,111099.88,1539.69973,7.67e-06,0.0001592799999999996,0.0005724600000000001,-1.7457515558488095,0,0,5551.338,5565.706,-14.368000000000393,0.4993537850529331,0.49026989704940516,0.2639662794846103,-827.5639999999985,-492.6621999999996,265954,0,1,0,0
2025-09-03 08:00:00+00:00,111099.87,111708.0,110889.29,111437.77,1514.83708,7.67e-06,0.0001592799999999996,0.0005724600000000001,-1.7457515558488095,0,0,6055.988,5834.44,221.54800000000068,0.5093162331919423,0.49101197244505795,0.5770176968847782,-720.3989999999994,-285.77759999999944,285908,1,0,0,0
2025-09-03 12:00:00+00:00,111437.77,112500.0,111031.61,112222.74,3550.00487,5.127e-05,0.00012249999999999962,0.00057624,-0.33798162999981796,0,0,21573.675,21394.231000000003,179.44399999999587,0.5020881166515305,0.4902810658674398,0.3303240228497514,386.62399999999616,-85.31440000000039,839631,1,0,0,0
2025-09-03 16:00:00+00:00,112222.73,112575.27,111686.24,112193.74,1957.30873,5.127e-05,0.00012249999999999962,0.00057624,-0.33798162999981796,0,0,8641.447,8797.479,-156.03199999999924,0.49552633000449686,0.4863321847090584,0.1023691880726324,244.9599999999973,-139.39740000000057,399745,1,0,0,0
2025-09-03 20:00:00+00:00,112193.74,112250.0,111613.98,111705.71,948.2535,2.344e-05,8.237999999999963e-05,0.0004996800000000001,-1.1499874840720317,0,0,3164.271,4246.133,-1081.8619999999996,0.42700384486459847,0.48391788845200334,-1.9078222910360065,-1058.450000000003,-170.25400000000053,197721,1,0,0,0
2025-09-04 00:00:00+00:00,111705.72,112180.0,111136.0,111148.97,1484.75903,2.344e-05,8.237999999999963e-05,0.0004996800000000001,-1.1499874840720317,0,0,7033.867,7863.221,-829.3539999999994,0.4721638886740818,0.48528598426860314,-0.5298335217501198,-2067.2479999999982,-333.2512000000003,341768,1,0,0,0
2025-09-04 04:00:00+00:00,111148.97,111318.84,110279.68,110463.36,2293.72804,1.808e-05,9.278999999999962e-05,0.00047116000000000004,-1.2383745616750697,0,0,9754.669,10964.199999999999,-1209.530999999999,0.47081088258244214,0.482877825864631,-0.5264874683849722,-3120.746999999998,-619.4670000000003,400468,1,0,0,0
2025-09-04 08:00:00+00:00,110463.36,111154.93,110415.72,110810.0,1251.00126,4.385e-05,8.536999999999962e-05,0.00041501000000000005,-0.36069821693222803,0,0,8219.852,6626.971,1592.8810000000012,0.5536438334315699,0.4902239873073665,1.7877292844365846,-446.0039999999972,-336.7795999999992,295913,1,0,0,0
2025-09-04 12:00:00+00:00,110810.0,111123.99,109329.12,109510.31,3057.95062,4.385e-05,8.536999999999962e-05,0.00041501000000000005,-0.36069821693222803,0,0,15828.817,17483.382,-1654.5650000000023,0.475165779359087,0.48734787859481343,-0.4252390371425169,-1271.2150000000001,-636.4861999999998,750110,1,0,0,0
2025-09-04 16:00:00+00:00,109510.32,110218.39,109363.26,109799.99,2124.63495,7.941e-05,0.00014133999999999962,0.00044479000000000003,0.8311184621478818,0,0,9600.383,8204.585000000001,1395.7979999999989,0.5391968690985571,0.4944269562911239,1.3398251226717148,1334.1139999999978,-140.95420000000013,413750,1,0,0,0
2025-09-04 20:00:00+00:00,109800.0,111765.31,109755.59,110730.87,1991.06146,7.941e-05,0.00014133999999999962,0.00044479000000000003,0.8311184621478818,0,0,11962.125,8758.296999999999,3203.8280000000013,0.577310877162637,0.5022226655020943,2.1968230793700614,2945.060999999998,665.6822,437628,1,0,0,0
2025-09-05 00:00:00+00:00,110730.87,111482.09,110435.75,111311.77,1665.5758,7.941e-05,0.00014133999999999962,0.00044479000000000003,0.8311184621478818,0,0,7338.631,7481.0199999999995,-142.3889999999992,0.49519593949951995,0.500810636132852,-0.044832241013106844,4457.237000000001,879.1106,364847,0,1,0,0
2025-09-05 04:00:00+00:00,111311.78,112999.0,111144.51,112954.32,3481.17531,7.532e-05,0.00019857999999999963,0.00045065000000000003,0.6568758892654332,0,0,15740.056,12466.451000000001,3273.6049999999996,0.5580292519027613,0.5064047496579751,1.6135098460426285,6335.044000000002,1215.2553999999996,533092,1,0,0,0
2025-09-05 08:00:00+00:00,112954.32,112985.0,112131.02,112354.0,1956.82884,7.532e-05,0.00019857999999999963,0.00045065000000000003,0.6568758892654332,0,0,10295.572,11914.7,-1619.1280000000006,0.4635500186580335,0.5032071185233289,-0.921854700981963,1512.0879999999997,1222.3428,395785,1,0,0,0
2025-09-05 12:00:00+00:00,112354.0,113384.62,110286.91,110716.82,9805.88987,0.0001,0.0002547299999999996,0.0004626,1.3689295324002617,0,0,43848.205,44848.398,-1000.1929999999993,0.4943617175507838,0.5099429057919473,-0.018426470080600988,654.2839999999997,743.1446000000003,1664296,1,0,0,0
2025-09-05 16:00:00+00:00,110716.82,111627.51,110206.96,111614.54,2167.09419,7.872e-05,0.00025403999999999965,0.00047776000000000003,0.7229767427555238,0,0,9455.772,9597.634999999998,-141.86299999999756,0.4962772274795789,0.5123542396724972,0.019704284004394914,-2761.1839999999975,74.00640000000058,433723,0,1,0,0
2025-09-05 20:00:00+00:00,111614.54,111700.0,110375.6,110659.99,2510.84487,7.872e-05,0.00025403999999999965,0.00047776000000000003,0.7229767427555238,0,0,8841.883,11547.081,-2705.1980000000003,0.4336602389410271,0.5086391753083556,-1.710608829077796,-3847.253999999997,-438.5553999999996,397116,1,0,0,0
2025-09-06 00:00:00+00:00,110660.0,111307.7,110552.56,111082.22,800.18218,1.297e-05,0.00019168999999999962,0.00048306000000000005,-1.436423986139516,0,0,4045.577,3355.643,689.9340000000002,0.5466094778968873,0.5079357397548873,1.377248927115104,-2157.1269999999977,-955.2895999999995,174130,1,0,0,0
2025-09-06 04:00:00+00:00,111082.23,111082.23,110687.69,110825.6,687.98406,1.297e-05,0.00019168999999999962,0.00048306000000000005,-1.436423986139516,0,0,2352.975,2798.8120000000004,-445.83700000000044,0.45672986868440013,0.5060921486874187,-0.9966508674011174,-2461.1010000000006,-720.6313999999995,133449,1,0,0,0
2025-09-06 08:00:00+00:00,110825.59,110968.0,110675.58,110781.02,621.90211,1.297e-05,0.00019168999999999962,0.00048306000000000005,-1.436423986139516,0,0,2249.881,2798.6480000000006,-548.7670000000007,0.44565080244166166,0.4967375420217291,-1.259113127823046,-304.670000000001,-630.3461999999997,132333,1,0,0,0
2025-09-06 12:00:00+00:00,110781.03,110999.83,110358.11,110384.15,886.00942,5.66e-05,0.00014828999999999963,0.00048839,-0.005287693963928286,0,0,3677.794,5631.642,-1953.848,0.3950608823133861,0.47851254253680403,-2.3105156586735505,-2948.452000000001,-992.7432000000002,193905,1,0,0,0
2025-09-06 16:00:00+00:00,110384.16,110402.0,109977.0,110038.41,1391.66059,5.11e-05,0.00012066999999999962,0.0005160500000000001,-0.205325627492559,0,0,6660.862,7952.246,-1291.384,0.45581419093049885,0.47457436767990185,-0.7920324493612998,-3793.9990000000007,-709.9804000000001,297287,1,0,0,0
2025-09-06 20:00:00+00:00,110038.42,110282.82,110034.44,110187.97,612.56061,5.11e-05,0.00012066999999999962,0.0005160500000000001,-0.205325627492559,0,0,2548.656,2209.7799999999997,338.8760000000002,0.5356079182319569,0.47233223431282145,1.0843605057282966,-2906.3559999999998,-780.1920000000002,112301,1,0,0,0
2025-09-07 00:00:00+00:00,110187.98,110733.12,110180.0,110629.15,948.63792,1.97e-05,0.00012739999999999963,0.00051767,-1.1787353916492553,0,0,4595.303,3891.6460000000006,703.6569999999992,0.5414552390971125,0.4801227563567293,1.2100919401434502,-248.85100000000057,-550.2932000000003,149278,1,0,0,0
2025-09-07 04:00:00+00:00,110629.15,110911.42,110463.1,110753.42,872.74711,1.97e-05,0.00012739999999999963,0.00051767,-1.1787353916492553,0,0,3948.662,3226.2050000000004,722.4569999999994,0.5503463687898326,0.48572122148063424,1.3184694916638946,1764.9899999999989,-296.04840000000024,146892,1,0,0,0
2025-09-07 08:00:00+00:00,110753.41,111377.19,110720.01,111292.13,1214.41306,3.611e-05,0.00010690999999999963,0.00050993,-0.5981939364904256,0,0,8108.125,6655.285,1452.8400000000001,0.5492040795453083,0.49101390668720707,1.2041733328150364,2878.953999999999,385.2891999999998,270256,1,0,0,0
2025-09-07 12:00:00+00:00,111292.12,111412.0,111042.6,111329.99,837.52385,3.611e-05,0.00010690999999999963,0.00050993,-0.5981939364904256,0,0,3587.708,3921.444,-333.7359999999999,0.4777780500381401,0.4954256877969184,-0.4049240060386466,1841.5609999999997,576.8187999999998,182078,0,1,0,0
2025-09-07 16:00:00+00:00,111329.99,111371.35,110861.2,111259.99,940.48526,6.969e-05,0.00012549999999999964,0.0005002100000000001,0.5224850142554778,0,0,3495.573,4145.214,-649.6410000000001,0.45748860686732923,0.48651360069396266,-0.8386811667939474,469.4630000000002,379.1153999999998,185643,1,0,0,0
2025-09-07 20:00:00+00:00,111259.99,111600.0,111001.45,111137.34,867.49224,6.969e-05,0.00012549999999999964,0.0005002100000000001,0.5224850142554778,0,0,4373.263,3892.156,481.10699999999997,0.5291036062418614,0.4937509744497087,0.7415013708383933,-502.27,334.6053999999999,202641,0,1,0,0
2025-09-08 00:00:00+00:00,111137.35,111372.0,110621.78,111052.11,1701.47085,6.969e-05,0.00012549999999999964,0.0005002100000000001,0.5224850142554778,0,0,7112.108,7029.717999999999,82.39000000000124,0.5029129901612424,0.49947719322166684,0.13487707516396263,-86.14399999999887,206.59200000000027,350370,0,1,0,0
2025-09-08 04:00:00+00:00,111052.11,111609.04,110899.69,111280.39,1330.12513,9.404e-05,0.00019983999999999963,0.00051893,1.2429203693692832,0,0,4842.835,4566.187999999999,276.64700000000084,0.5147011544131628,0.5114412204316445,0.3859978418632156,840.144000000002,-28.64659999999958,220937,1,0,0,0
2025-09-08 08:00:00+00:00,111280.4,112186.98,111252.9,112052.43,2723.68786,6.682e-05,0.00023054999999999961,0.00048575000000000007,0.35094004472284096,0,0,12633.065,11383.614,1249.451000000001,0.5260121518050018,0.5184610165190948,0.6222746951027935,1608.488000000003,287.9908000000006,441510,1,0,0,0
2025-09-08 12:00:00+00:00,112052.43,112924.37,111877.64,112631.75,3018.22348,6.682e-05,0.00023054999999999961,0.00048575000000000007,0.35094004472284096,0,0,13294.222,14981.587000000001,-1687.3650000000016,0.470162392170636,0.5119164639129627,-0.5889424292544636,-161.26699999999983,80.44600000000028,552602,0,1,0,0
2025-09-08 16:00:00+00:00,112631.74,112670.06,111978.67,112097.31,1681.81458,7.311e-05,0.00023396999999999963,0.00048014000000000005,0.5039633505681969,0,0,7463.117,7402.869999999999,60.24700000000121,0.5020263370336595,0.5079735737066173,0.1085277673932658,-377.66699999999946,-3.725999999999476,321689,0,1,0,0
2025-09-08 20:00:00+00:00,112097.31,112512.71,111896.0,112065.23,1127.08021,7.311e-05,0.00023396999999999963,0.00048014000000000005,0.5039633505681969,0,0,4267.972,4140.563,127.40899999999965,0.5075761711166095,0.503696553939295,0.17934149274458647,-1499.7090000000007,5.277800000000207,175028,0,1,0,0
2025-09-09 00:00:00+00:00,112065.23,112104.41,111111.0,111708.0,2091.77038,3.799e-05,0.00017791999999999962,0.00050516,-0.6397590865018327,0,0,9491.097,9799.153,-308.0560000000005,0.49201524086001996,0.49797767007076627,-0.19545392605967077,-120.39999999999964,-111.66280000000006,382455,1,0,0,0
2025-09-09 04:00:00+00:00,111708.01,113293.29,111624.12,112991.11,2906.5944,3.799e-05,0.00017791999999999962,0.00050516,-0.6397590865018327,0,0,17000.028,14921.608,2078.4199999999983,0.5325550357130818,0.5034553686382603,0.6962438532360928,1897.7729999999974,54.1309999999994,519369,1,0,0,0
2025-09-09 08:00:00+00:00,112991.11,113176.51,112403.91,112433.59,1848.92022,0.0001,0.00021109999999999963,0.00054856,1.394029516298319,0,0,5762.751,7078.933999999999,-1316.182999999999,0.4487534930190236,0.5025818572534299,-1.1654906735458586,454.1809999999987,128.36739999999992,257379,1,0,0,0
2025-09-09 12:00:00+00:00,112433.59,112950.0,110766.66,110880.76,4662.13241,0.0001,0.00021109999999999963,0.00054856,1.394029516298319,0,0,23203.642,26182.661,-2979.0190000000002,0.4698396233465785,0.4966554589639015,-0.670624505732263,-2216.782000000001,-479.4858000000004,863203,1,0,0,0
2025-09-09 16:00:00+00:00,110880.76,111388.04,110788.0,111301.53,2121.49527,0.0001,0.0002379899999999996,0.0005974600000000001,1.3413049744305534,0,0,8155.473,6773.136,1382.3369999999995,0.5462982519000933,0.5009939851377867,1.0862024558900394,-2912.865,-228.5002000000004,312117,1,0,0,0
2025-09-09 20:00:00+00:00,111301.53,111745.69,111090.07,111546.39,1748.3698,0.0001,0.0002379899999999996,0.0005974600000000001,1.3413049744305534,0,0,4395.535,4511.115,-115.57999999999993,0.49351158965492076,0.4988750286619624,-0.06760304949872702,-1712.2620000000006,-190.00500000000028,213712,0,1,0,0
2025-09-10 00:00:00+00:00,111546.38,111586.26,110917.45,111545.88,1667.04272,5.805e-05,0.00025804999999999963,0.00063581,-0.0915927387360439,0,0,7142.625,10043.266,-2900.6409999999996,0.41560981621494053,0.48783479510295635,-1.794710768888981,-1633.884,-1185.8172,327178,1,0,0,0
2025-09-10 04:00:00+00:00,111545.88,112602.35,111372.42,112553.65,2477.2586,5.805e-05,0.00025804999999999963,0.00063581,-0.0915927387360439,0,0,9115.058,7660.243999999999,1454.8140000000021,0.5433617826969673,0.4951547341555894,1.1736308851791954,-1561.4069999999974,-631.6177999999996,333673,1,0,0,0
2025-09-10 08:00:00+00:00,112553.65,112859.8,112097.2,112299.99,2579.59736,5.805e-05,0.00025804999999999963,0.00063581,-0.0915927387360439,0,0,9179.152,10187.521999999999,-1008.369999999999,0.4739663609765931,0.4923487365498828,-0.4582141978484709,-2454.1969999999965,-237.48799999999937,358074,1,0,0,0
2025-09-10 12:00:00+00:00,112300.0,114313.13,112299.99,113853.99,6630.72074,5.026e-05,0.00020830999999999964,0.00064996,-0.3725716641888776,0,0,33390.818,30635.881999999998,2754.9360000000015,0.5215139621439181,0.49374251565261373,0.6323840659275443,3201.3800000000047,37.03180000000102,1074521,1,0,0,0
2025-09-10 16:00:00+00:00,113853.99,114074.46,113155.03,113574.52,2628.46871,0.0001,0.00020830999999999964,0.0006802700000000001,1.399667536648366,0,0,10234.777,11396.707,-1161.9300000000003,0.47314261934132673,0.4918552535007444,-0.4753515660245114,584.6360000000022,-172.23819999999904,378818,1,0,0,0
2025-09-10 20:00:00+00:00,113574.53,114025.78,113528.01,113960.0,1534.3301,0.0001,0.00020830999999999964,0.0006802700000000001,1.399667536648366,0,0,7191.89,5723.597999999999,1468.2920000000013,0.5568422966286679,0.49428397959230297,1.3740042574186273,3061.2980000000025,701.5484000000012,231444,1,0,0,0
2025-09-11 00:00:00+00:00,113960.0,114434.23,113669.82,114400.01,1596.62879,5.843e-05,0.00020868999999999963,0.0006446600000000001,-0.09594240573964768,0,0,6000.523,5183.353,817.1700000000001,0.5365333986177958,0.5030619701521802,0.9174273820500491,1123.532000000001,574.0196000000008,248810,1,0,0,0
2025-09-11 04:00:00+00:00,114400.01,114459.65,113957.2,114083.58,1954.14285,5.843e-05,0.00020868999999999963,0.0006446600000000001,-0.09594240573964768,0,0,4796.879,6824.750999999999,-2027.8719999999994,0.4127544070840321,0.49735344852592556,-1.85566181079514,257.59000000000196,370.11920000000066,245528,1,0,0,0
2025-09-11 08:00:00+00:00,114083.58,114200.0,113776.0,113999.99,1512.60333,4.283e-05,0.00020125999999999963,0.00062067,-0.6034079068526395,0,0,5144.797,5917.074,-772.277,0.4650928400810315,0.48923290734401936,-0.7120831606471631,-1982.9789999999994,-335.32339999999965,208520,1,0,0,0
2025-09-11 12:00:00+00:00,113999.99,114715.02,113430.0,114180.31,5143.69337,4.283e-05,0.00020125999999999963,0.00062067,-0.6034079068526395,0,0,24569.737,25514.347999999998,-944.6109999999971,0.49056974885335336,0.4889387232638627,-0.23032393376590612,-3744.7599999999966,-291.85959999999903,942458,0,1,0,0
2025-09-11 16:00:00+00:00,114180.32,114605.54,114102.0,114419.99,1437.71411,4.283e-05,0.00020125999999999963,0.00062067,-0.6034079068526395,0,0,6059.304,5871.632,187.67200000000048,0.5078649319718085,0.49816423483954947,0.16350077208870958,-1529.2159999999967,-547.9835999999992,265950,1,0,0,0
2025-09-11 20:00:00+00:00,114420.0,115488.09,114246.04,115482.69,2031.94874,3.326e-05,0.0001345199999999996,0.00058082,-0.9236435653226124,0,0,9986.307,7197.373,2788.934000000001,0.5811506615579434,0.501943122725647,1.8963598896786544,2031.9950000000044,-153.630799999999,294827,1,0,0,0
2025-09-12 00:00:00+00:00,115482.69,116331.81,115045.45,115194.14,3703.00155,3.326e-05,0.0001345199999999996,0.00058082,-0.9236435653226124,0,0,15931.98,15787.533,144.44700000000012,0.5022769422720961,0.5047741808551974,0.014252000342899359,3121.0530000000017,280.8330000000009,564655,0,1,0,0
2025-09-12 04:00:00+00:00,115194.14,115656.87,115086.7,115086.7,1630.41759,6.137e-05,0.00013745999999999962,0.0006042,0.10864239819982431,0,0,6206.548,6192.236,14.311999999999898,0.5005771533724598,0.5026804999780515,0.013599216208583858,2947.693000000001,438.1508000000009,254911,0,1,0,0
2025-09-12 08:00:00+00:00,115086.7,115273.12,114888.01,114913.45,1958.78975,6.137e-05,0.00013745999999999962,0.0006042,0.10864239819982431,0,0,7347.988,6037.490999999999,1310.4970000000012,0.548952189159611,0.5102614569598799,1.2385428913805476,1469.2560000000012,889.1724000000006,246655,0,1,0,0
2025-09-12 12:00:00+00:00,114913.45,115500.95,114740.99,115121.18,2042.13901,3.768e-05,0.0001323099999999996,0.00054188,-0.7024888696127483,0,0,9986.83,8840.573999999999,1146.2560000000012,0.5304411590679204,0.5076213432038053,0.7227623307784433,2471.0650000000023,1080.8892000000008,426938,1,0,0,0
2025-09-12 16:00:00+00:00,115121.18,116665.63,115030.3,116632.51,3863.84437,3.768e-05,0.0001323099999999996,0.00054188,-0.7024888696127483,0,0,14581.082,13368.076,1213.0060000000012,0.5217002243860084,0.5061380257806264,0.4569147793396962,3669.7590000000037,765.7036000000007,492863,1,0,0,0
2025-09-12 20:00:00+00:00,116632.51,116632.51,115752.68,116029.42,2125.91492,6.891e-05,0.00016795999999999963,0.00051079,0.4426687263331614,0,0,6294.937,8438.443,-2143.5059999999994,0.4272568141186883,0.507588266484092,-1.7867019247893898,215.75600000000304,308.11300000000085,335256,1,0,0,0
2025-09-13 00:00:00+00:00,116029.41,116298.78,115576.26,115957.0,2254.31226,6.891e-05,0.00016795999999999963,0.00051079,0.4426687263331614,0,0,5048.813,5818.880999999999,-770.0679999999993,0.464570772787677,0.5075360597547566,-0.8351629976842011,-1700.5679999999975,151.237000000001,235585,1,0,0,0
2025-09-13 04:00:00+00:00,115957.0,115957.01,115657.81,115778.71,1062.2047,-1.554e-05,9.104999999999961e-05,0.00043720000000000006,-2.4810309271318887,0,0,3176.064,3402.8080000000004,-226.7440000000006,0.48276725858171426,0.5067558107275927,-0.37137152570394505,-3140.3179999999993,-156.21119999999937,149774,1,0,0,1
2025-09-13 08:00:00+00:00,115778.72,116166.71,115767.33,115974.11,1228.90503,-1.554e-05,9.104999999999961e-05,0.00043720000000000006,-2.4810309271318887,0,0,3571.481,3326.146,245.33500000000004,0.5177840147053472,0.5077477190009466,0.480313883903867,-751.4769999999999,-336.3953999999996,156142,1,0,0,1
2025-09-13 12:00:00+00:00,115974.11,116060.0,115603.98,115768.68,1373.33567,2.251e-05,7.587999999999962e-05,0.00040945000000000006,-1.1059993603799436,0,0,4415.325,4688.065,-272.7399999999998,0.4850198662256588,0.4981346394677181,-0.32573552359651786,-254.14900000000034,-633.5445999999998,231902,1,0,0,0
2025-09-13 16:00:00+00:00,115768.68,115817.37,115127.27,115797.12,1589.96184,3.137e-05,3.833999999999961e-05,0.00034082000000000003,-0.8220247903923363,0,0,7203.804,7800.289999999999,-596.485999999999,0.48012255854968655,0.4959192010954771,-0.42577780974074214,-623.8909999999987,-324.1405999999997,307843,0,1,0,0
2025-09-13 20:00:00+00:00,115797.12,115991.29,115797.11,115918.29,760.68444,3.137e-05,3.833999999999961e-05,0.00034082000000000003,-0.8220247903923363,0,0,1842.655,2235.258,-392.60299999999984,0.45186226385898864,0.49104771214413007,-1.0461039040319047,-1261.8289999999986,-248.64759999999984,117359,0,1,0,0
2025-09-14 00:00:00+00:00,115918.29,116109.0,115651.99,115679.98,879.64203,3.137e-05,3.833999999999961e-05,0.00034082000000000003,-0.8220247903923363,0,0,3706.911,3970.223,-263.3119999999999,0.48285089201256615,0.48443758242942564,-0.3009856243453855,-1252.4009999999987,-255.96119999999968,179882,1,0,0,0
2025-09-14 04:00:00+00:00,115679.99,115936.0,115449.59,115805.39,914.78349,8.182e-05,0.0001356999999999996,0.00036421,0.8439125326365281,0,0,2416.75,2324.702,92.04799999999977,0.5097067311869866,0.4823641396413322,0.35941294267465057,-563.867,-286.61859999999973,121790,1,0,0,0
2025-09-14 08:00:00+00:00,115805.39,116165.19,115748.78,115794.91,840.40714,4.78e-05,0.0001609899999999996,0.00036918,-0.3440763606545315,0,0,3610.253,3899.016,-288.7629999999999,0.48077289547091734,0.47827140674982316,-0.3690943066842525,-460.02700000000004,-289.82319999999976,159255,1,0,0,0
2025-09-14 12:00:00+00:00,115794.92,115878.49,115141.8,115224.01,2036.51269,4.78e-05,0.0001609899999999996,0.00036918,-0.3440763606545315,0,0,7352.877,8644.633,-1291.7559999999994,0.45962634184945034,0.4815083595228993,-0.8736212846695374,-1488.4709999999995,-428.8771999999999,343759,1,0,0,0
2025-09-14 16:00:00+00:00,115224.01,115657.5,115193.9,115634.99,869.12927,4.78e-05,0.0001609899999999996,0.00036918,-0.3440763606545315,0,0,3325.196,2621.3460000000005,703.8499999999995,0.5591814536919103,0.49096942761332263,1.5188020546172674,-876.6689999999999,-209.5866,142705,1,0,0,0
2025-09-14 20:00:00+00:00,115634.99,116087.35,115135.0,115268.01,1167.12735,3.115e-05,0.00016076999999999961,0.00036707000000000005,-0.8652433665332026,0,0,6220.951,6995.1320000000005,-774.1810000000005,0.47071064853330596,0.4897637666084818,-0.5832118388001754,-1362.0870000000004,-311.7604000000001,248745,1,0,0,0
2025-09-15 00:00:00+00:00,115268.01,115594.9,114825.0,115445.45,1291.49944,3.115e-05,0.00016076999999999961,0.00036707000000000005,-0.8652433665332026,0,0,6764.509,6811.959999999999,-47.45099999999911,0.4982524543016303,0.48781061056811004,0.008816328474595164,-117.78200000000015,-339.6601999999999,302143,0,1,0,0
2025-09-15 04:00:00+00:00,115445.46,116757.99,115400.0,115806.62,2645.45158,6.207e-05,0.00014101999999999962,0.00036777,0.2253038740142011,0,0,13781.628,13682.062999999998,99.56500000000233,0.5018126660396813,0.4894898905495123,0.13854312391814086,-722.0669999999973,-261.9945999999994,536020,1,0,0,0
2025-09-15 08:00:00+00:00,115806.62,115806.62,114625.87,115070.0,3497.27876,6.207e-05,0.00014101999999999962,0.00036777,0.2253038740142011,0,0,15375.111,14864.432,510.6790000000001,0.5084438941421833,0.49232202410876197,0.2834761655724824,562.7930000000033,98.49240000000046,547957,0,1,0,0
2025-09-15 12:00:00+00:00,115070.01,115099.0,114384.0,114842.9,2995.41636,8.259e-05,0.0001758099999999996,0.00041268,0.9896766773821168,0,0,11946.7,13935.208999999999,-1988.5089999999982,0.4615849626857123,0.4932942939914343,-0.8905783210836785,-1378.2649999999958,-439.9793999999991,559201,1,0,0,0
2025-09-15 16:00:00+00:00,114842.9,115570.0,114600.0,115307.78,1872.69025,8.259e-05,0.0001758099999999996,0.00041268,0.9896766773821168,0,0,6862.262,7426.1230000000005,-563.8610000000008,0.48026855379386824,0.4930360601695646,-0.4099907181544008,-2041.690999999999,-397.9153999999991,399149,0,1,0,0
2025-09-15 20:00:00+00:00,115307.78,115605.07,115200.07,115349.71,910.1751,8.189e-05,0.00022654999999999962,0.00042566,0.957327979343874,0,0,2598.894,3862.3880000000004,-1263.4940000000006,0.402225750245849,0.4822879620754509,-2.2112606794359477,-3815.8639999999996,-641.1239999999995,187297,0,1,0,0
2025-09-16 00:00:00+00:00,115349.71,115520.0,114945.01,115307.25,864.47636,8.189e-05,0.00022654999999999962,0.00042566,0.957327979343874,0,0,3888.835,4385.771,-496.9359999999997,0.46997222586791443,0.48120789511515055,-0.47305042293396277,-2324.291000000001,-760.4241999999998,222229,1,0,0,0
2025-09-16 04:00:00+00:00,115307.26,116009.62,114930.0,115840.0,1899.99942,9.97e-06,0.0001744499999999996,0.00045117000000000003,-1.604920816474962,0,0,9346.398,9185.875000000002,160.5229999999974,0.5043309042555114,0.48567835135575665,0.3478254706088827,-1599.9070000000029,-830.4554000000004,355754,1,0,0,0
2025-09-16 08:00:00+00:00,115839.99,115981.17,115206.15,115287.83,1345.53241,6.991e-05,0.0001617699999999996,0.00049857,0.5107540488120733,0,0,4852.182,5051.747,-199.5650000000005,0.4899249580646226,0.47875270179302787,-0.06874592625914716,-535.9780000000028,-472.6666000000008,244483,1,0,0,0
2025-09-16 12:00:00+00:00,115287.84,115905.89,114737.11,115905.88,2622.65829,6.991e-05,0.0001617699999999996,0.00049857,0.5107540488120733,0,0,12508.667,12050.329,458.33799999999974,0.5093313668034312,0.48261477362004046,0.4472693708484645,419.29599999999664,-268.2268000000007,507364,1,0,0,0
2025-09-16 16:00:00+00:00,115905.88,116870.76,115608.28,116800.12,2955.38019,6.472e-05,0.0001445999999999996,0.00053192,0.31035668674879113,0,0,14708.625,13718.867999999999,989.7570000000014,0.5174084468159046,0.48453037287146794,0.6571873852073095,1248.5300000000007,182.42339999999967,584121,1,0,0,0
2025-09-16 20:00:00+00:00,116800.13,116964.27,116584.45,116788.96,1238.86273,6.472e-05,0.0001445999999999996,0.00053192,0.31035668674879113,0,0,4808.109,4940.778,-132.66899999999987,0.493195684799711,0.48366867474747083,0.08475139921225146,1315.4260000000013,255.27679999999964,230091,1,0,0,0
2025-09-17 00:00:00+00:00,116788.96,117077.16,116371.81,116372.04,1657.75299,6.472e-05,0.0001445999999999996,0.00053192,0.31035668674879113,0,0,5523.792,6198.044999999999,-674.2529999999988,0.47123944821959224,0.4799482301552117,-0.5548593433808822,182.83500000000276,88.3216000000004,287392,1,0,0,0
2025-09-17 04:00:00+00:00,116372.05,117286.73,116160.22,117162.48,2485.03317,6.972e-05,0.00020434999999999963,0.00051982,0.43992729127290164,0,0,11253.198,8650.526999999998,2602.671000000002,0.5653815052207565,0.4903278844087161,2.0791243546021843,1795.7490000000034,648.768800000001,395225,1,0,0,0
2025-09-17 08:00:00+00:00,117162.48,117189.86,116253.27,116258.13,1655.0881,8.441e-05,0.0002188499999999996,0.00055643,0.9117142358090722,0,0,7552.515,7195.382999999999,357.1320000000014,0.5121078949691679,0.49351181852624604,0.6394092527830944,2285.5500000000047,628.5276000000013,281152,0,1,0,0
2025-09-17 12:00:00+00:00,116258.12,116516.93,115432.0,115875.32,2848.33061,8.441e-05,0.0002188499999999996,0.00055643,0.9117142358090722,0,0,14574.807,13359.266,1215.541000000001,0.5217573176672088,0.5054649752683821,0.9399530551518803,4175.344000000005,673.6844000000012,537318,0,1,0,0
2025-09-17 16:00:00+00:00,115875.33,116333.33,114720.81,115652.02,5738.81221,8.441e-05,0.0002188499999999996,0.00055643,0.9117142358090722,0,0,29812.21,31773.232000000004,-1961.0220000000045,0.48407885097260483,0.506875637778851,-0.14165541015327393,-388.349000000002,308.0138000000003,1304951,1,0,0,0
2025-09-17 20:00:00+00:00,115652.02,116990.68,115307.33,116447.59,2369.22832,6.303e-05,0.0002171599999999996,0.0005883100000000001,0.1460177770209528,0,0,11508.574,10723.521,785.0529999999999,0.5176558484479308,0.508208132198093,0.820757952171255,39.57199999999648,599.875,461942,1,0,0,0
2025-09-18 00:00:00+00:00,116447.6,117896.0,116092.76,117581.66,3081.68078,6.303e-05,0.0002171599999999996,0.0005883100000000001,0.1460177770209528,0,0,14994.105,15350.490000000002,-356.38500000000204,0.49412770214926244,0.5086284066065571,0.043245184139176704,-1532.3540000000066,8.063799999999173,592060,0,1,0,0
2025-09-18 04:00:00+00:00,117581.67,117750.0,116888.02,117086.01,1789.62789,4.941e-05,0.0001968499999999996,0.00057565,-0.3025570639961234,0,0,8135.998,9214.925,-1078.9269999999997,0.46890865690545686,0.5045861356167596,-0.7470869395939223,-650.2590000000018,-279.14800000000105,363219,1,0,0,0
2025-09-18 08:00:00+00:00,117086.01,117413.04,117010.59,117063.4,1165.75229,4.941e-05,0.0001968499999999996,0.00057565,-0.3025570639961234,0,0,4946.164,5111.64,-165.47600000000057,0.4917737510096637,0.5020226660361354,0.010307519559193375,-1600.7880000000023,-555.3514000000014,233105,1,0,0,0
2025-09-18 12:00:00+00:00,117063.41,117843.83,116977.59,117583.56,2416.33194,8.928e-05,0.0002017199999999996,0.00058234,1.132922837007963,0,0,10934.771,11162.797999999999,-228.02699999999822,0.49484045054910797,0.5021871426110752,0.0988243559639743,-1472.4299999999985,-208.75240000000014,526189,0,1,0,0
2025-09-18 16:00:00+00:00,117583.56,117900.0,117196.33,117450.21,1828.6235,4.208e-05,0.0001807699999999996,0.0005425299999999999,-0.5533954869251323,0,0,6296.2,6160.820000000001,135.3799999999992,0.5054338838662858,0.5056065861757445,0.4136299508521326,-258.1229999999996,-338.68700000000024,333990,0,1,0,0
2025-09-18 20:00:00+00:00,117450.21,117657.17,116612.03,117073.53,1375.21725,4.208e-05,0.0001807699999999996,0.0005425299999999999,-0.5533954869251323,0,0,6083.293,8824.513,-2741.220000000001,0.4080609178842279,0.4898745274420917,-2.4549457358057674,-2833.867,-815.6540000000001,279300,1,0,0,0
2025-09-19 00:00:00+00:00,117073.53,117459.99,116871.61,116977.58,1326.38784,-2.31e-06,0.0001290499999999996,0.00053025,-1.9876716487010597,0,0,4987.365,5281.844999999999,-294.47999999999956,0.4856619934736947,0.48722993729254443,-0.16544329617492837,-2900.3200000000015,-658.7646000000001,287663,1,0,0,0
2025-09-19 04:00:00+00:00,116977.58,117100.0,116633.86,116909.97,1538.09106,-2.31e-06,0.0001290499999999996,0.00053025,-1.9876716487010597,0,0,6138.285,6724.219999999999,-585.9349999999995,0.47722313810568007,0.48277651933639154,-0.3839060318141273,-3621.635,-742.8563999999999,283053,1,0,0,0
2025-09-19 08:00:00+00:00,116909.98,117090.36,116300.0,116394.72,1243.82831,-2.31e-06,0.0001290499999999996,0.00053025,-1.9876716487010597,0,0,6043.169,7954.4259999999995,-1911.2569999999996,0.4317290934621269,0.47754154358534373,-1.6066246719091914,-2791.6719999999987,-1079.5024,248973,1,0,0,0
2025-09-19 12:00:00+00:00,116394.72,116529.08,115464.19,115884.03,2657.87565,2.109e-05,6.0859999999999604e-05,0.00048143000000000003,-1.120090041312323,0,0,13080.966,14215.163,-1134.1970000000001,0.4792242152724293,0.4736983802677936,-0.2849766558364175,-3631.388999999999,-1333.4178,538277,1,0,0,0
2025-09-19 16:00:00+00:00,115884.03,116136.0,115112.58,115125.12,1413.65495,5.264e-05,7.141999999999961e-05,0.00046935000000000005,0.03512643160283435,0,0,7809.154,8709.117,-899.9629999999997,0.4727585592947349,0.4715614659823408,-0.4171487736143452,-3945.4169999999995,-965.1663999999997,316265,1,0,0,0
2025-09-19 20:00:00+00:00,115125.13,115657.28,115100.0,115632.38,812.25284,5.264e-05,7.141999999999961e-05,0.00046935000000000005,0.03512643160283435,0,0,3846.908,3361.0310000000004,485.8769999999995,0.5337042946673105,0.4780410297585262,1.3530230765238032,-1548.2830000000004,-809.0949999999999,171732,1,0,0,0
2025-09-20 00:00:00+00:00,115632.39,115730.41,115408.47,115445.0,717.06298,3.757e-05,0.0001112999999999996,0.00043720000000000006,-0.4896755627696126,0,0,1979.586,2806.04,-826.454,0.41365246678282,0.4702289013358418,-1.9940414723542215,-1240.5400000000002,-857.1987999999999,126415,1,0,0,0
2025-09-20 04:00:00+00:00,115445.0,115985.2,115409.08,115968.56,759.46126,3.757e-05,0.0001112999999999996,0.00043720000000000006,-0.4896755627696126,0,0,3472.325,2786.2200000000003,686.1049999999996,0.5548134590388021,0.47622620218481126,1.7686188813925596,345.5279999999991,-337.7264000000001,119516,1,0,0,0
2025-09-20 08:00:00+00:00,115968.56,115968.57,115664.11,115894.06,793.04586,-2.7e-07,8.993999999999962e-05,0.00035252000000000005,-1.7112001719539671,0,0,2434.866,3694.1620000000003,-1259.2960000000003,0.39726788652295275,0.46540960245047797,-2.0921710058469243,-1399.6450000000007,-362.74620000000016,127315,1,0,0,0
2025-09-20 12:00:00+00:00,115894.05,116121.81,115804.47,115986.69,836.91424,-2.7e-07,8.993999999999962e-05,0.00035252000000000005,-1.7112001719539671,0,0,3120.687,3407.143,-286.45600000000013,0.478058864890783,0.47240939715113345,-0.14952960688349937,-859.6470000000008,-240.04480000000027,141244,0,1,0,0
2025-09-20 16:00:00+00:00,115986.7,116079.46,115698.08,115702.0,898.20806,-2.7e-07,8.993999999999962e-05,0.00035252000000000005,-1.7112001719539671,0,0,2127.145,2874.311,-747.1660000000002,0.425305151139988,0.4663737129177627,-1.343396424497976,-2292.9180000000006,-486.65340000000015,120128,1,0,0,0
2025-09-20 20:00:00+00:00,115702.0,115944.7,115603.42,115685.63,670.23512,-1.006e-05,2.7239999999999607e-05,0.00027943,-1.9010219286155903,0,0,1646.49,2006.7030000000002,-360.2130000000002,0.4506988817727396,0.4637212872844687,-0.8283710634280607,-1393.8350000000005,-393.40520000000026,96900,1,0,0,0
2025-09-21 00:00:00+00:00,115685.63,115732.94,115441.83,115669.41,919.05922,-5.322e-05,-6.355000000000039e-05,0.00017680000000000001,-2.7747695021129144,0,0,2798.903,2031.743,767.1599999999999,0.5794055287843489,0.47848893081669086,2.100764436612473,-340.2190000000005,-377.1942000000002,122892,0,1,0,1
2025-09-21 04:00:00+00:00,115669.42,115815.98,115487.56,115815.97,806.9398,-5.322e-05,-6.355000000000039e-05,0.00017680000000000001,-2.7747695021129144,0,0,2752.655,2104.064,648.5910000000003,0.5667725474749518,0.4872437640369431,1.6774388205129969,1055.538,4.383199999999943,115401,1,0,0,1
2025-09-21 08:00:00+00:00,115815.98,115819.06,115329.03,115603.45,786.85295,2.563e-05,-3.76500000000004e-05,0.00011315000000000001,-0.4567401394631215,0,0,3157.157,3437.5599999999995,-280.40299999999934,0.47874033108623165,0.48784194121609287,-0.23061250537639377,1135.3480000000009,5.593800000000101,155908,1,0,0,0
2025-09-21 12:00:00+00:00,115603.45,115747.23,115473.19,115531.61,671.3204,2.563e-05,-3.76500000000004e-05,0.00011315000000000001,-0.4567401394631215,0,0,2142.55,2293.808,-151.2579999999998,0.4829524578494342,0.4827667575343052,-0.12025675454174305,216.9300000000012,124.77540000000018,118433,1,0,0,0
2025-09-21 16:00:00+00:00,115531.62,115665.52,115209.02,115480.05,781.11646,3.742e-05,9.829999999999596e-06,0.00010849000000000001,-0.11828670899911814,0,0,3128.337,3612.271,-483.9340000000002,0.464103089810296,0.4878118198370528,-0.49409644813269304,-915.5949999999993,100.03120000000017,163531,1,0,0,0
2025-09-21 20:00:00+00:00,115480.05,115545.43,115188.0,115232.29,546.23336,3.742e-05,9.829999999999596e-06,0.00010849000000000001,-0.11828670899911814,0,0,2766.344,2568.0389999999998,198.3050000000003,0.5185874355103487,0.48418921748420746,0.6740822122314615,-436.8869999999997,-13.739799999999741,148883,0,1,0,0
2025-09-22 00:00:00+00:00,115232.29,115379.25,114150.0,114649.89,3078.59053,3.742e-05,9.829999999999596e-06,0.00010849000000000001,-0.11828670899911814,0,0,15419.483,18797.786999999997,-3378.3039999999964,0.450634518767862,0.4895258807086984,-0.7792632856228237,-3663.9329999999964,-819.118799999999,721536,1,0,0,0
2025-09-22 04:00:00+00:00,114649.89,114649.9,111800.0,112519.99,7290.80289,6.665e-05,0.00012969999999999957,0.00017745,0.7240308633326386,0,0,22962.584,31008.102000000003,-8045.518000000004,0.42546400095785325,0.4842663943154054,-1.251421132590607,-11225.517,-2372.1418,954408,1,0,0,0
2025-09-22 08:00:00+00:00,112520.0,112976.02,112173.52,112876.97,3052.23045,6.665e-05,0.00012969999999999957,0.00017745,0.7240308633326386,0,0,7920.297,8349.309000000001,-429.01200000000154,0.48681553812673767,0.49041743301408036,0.12171890299383561,-11852.834000000003,-2427.6926000000003,434265,0,1,0,0
2025-09-22 12:00:00+00:00,112876.97,113432.76,112380.0,112815.5,3313.50245,1.743e-05,0.00012149999999999959,0.00017379,-0.677233422320146,0,0,13907.79,12240.101999999999,1667.688000000002,0.5318895305212367,0.49853649788893006,1.1076194986978065,-6806.842000000003,-1997.3682000000001,600647,0,1,0,0
2025-09-22 16:00:00+00:00,112815.5,112888.0,111936.4,112122.9,2731.51753,4.838e-05,0.0001324599999999996,0.00016953,0.234619156734745,0,0,8095.637,9034.847000000002,-939.2100000000019,0.47258658891365823,0.487854603901861,-0.19198366184810126,299.46599999999853,-2224.8712000000005,423318,1,0,0,0
2025-09-22 20:00:00+00:00,112122.9,112977.41,111975.28,112650.99,1315.06971,4.838e-05,0.0001324599999999996,0.00016953,0.234619156734745,0,0,5876.366,5849.263999999999,27.10200000000077,0.5011556735117858,0.48129291650554445,0.4535414283669061,755.5800000000008,-1543.7900000000009,285199,1,0,0,0
2025-09-23 00:00:00+00:00,112650.99,112833.09,111478.0,112339.99,2398.09582,7.062e-05,0.00013642999999999961,0.00020258,0.8273426808420956,0,0,10634.025,10665.062,-31.037000000000262,0.4992714006943114,0.48334602346635236,0.4072957837788902,-943.1450000000013,59.10619999999981,453607,1,0,0,0
2025-09-23 04:00:00+00:00,112339.99,113114.01,111876.15,113090.13,2504.81638,7.062e-05,0.00013642999999999961,0.00020258,0.8273426808420956,0,0,10088.167,8920.105000000001,1168.061999999998,0.5307250969472659,0.48812328737613553,1.0401990656363456,1164.1269999999986,378.52099999999973,428479,1,0,0,0
2025-09-23 08:00:00+00:00,113090.13,113281.5,112683.33,112975.99,1814.57634,7.062e-05,0.00013642999999999961,0.00020258,0.8273426808420956,0,0,6333.13,6501.052000000001,-167.92200000000048,0.4934580170360682,0.4910587800987128,0.22704681508142371,969.1029999999973,11.398999999999251,309107,1,0,0,0
2025-09-23 12:00:00+00:00,112975.99,113290.5,112496.61,112882.19,1948.83266,7.083e-05,0.0001898299999999996,0.00027368,0.7819398492452138,0,0,8066.632,8507.855000000001,-441.2230000000018,0.4866896936237,0.4878690059100479,0.08564406031658754,558.9169999999958,110.99639999999927,467527,1,0,0,0
2025-09-23 16:00:00+00:00,112882.2,112958.58,111540.2,111655.29,2394.18192,7.478e-05,0.0002162299999999996,0.00035852,0.8484759979788475,0,0,11246.716,11220.375,26.34100000000035,0.5005862129636631,0.49286417532962795,0.39277764860701603,-582.8040000000019,110.84419999999918,551187,0,1,0,0
2025-09-23 20:00:00+00:00,111655.29,112220.54,111458.73,111998.8,1240.81718,7.478e-05,0.0002162299999999996,0.00035852,0.8484759979788475,0,0,5592.129,4483.0160000000005,1109.1129999999994,0.5550420366158502,0.5058219788954277,1.4876011022202777,694.230999999998,338.8741999999991,251087,1,0,0,0
2025-09-24 00:00:00+00:00,111998.8,112500.0,111683.09,111683.09,2848.03309,7.478e-05,0.0002162299999999996,0.00035852,0.8484759979788475,0,0,8229.746,7952.844000000001,276.9019999999982,0.508555552603137,0.5079959803430677,0.4453775449179669,1412.355999999998,160.64219999999915,414621,0,1,0,0
2025-09-24 04:00:00+00:00,111683.1,112779.37,111042.66,112583.54,2905.68984,5.794e-05,0.0002035499999999996,0.00046968000000000004,0.378268333168374,0,0,11452.94,11548.332,-95.39199999999983,0.49792637555001307,0.5045996648459453,0.1970213970933383,1290.6229999999978,175.14819999999926,492066,0,1,0,0
2025-09-24 08:00:00+00:00,112583.54,113162.17,112405.62,113029.46,1567.72874,5.794e-05,0.0002035499999999996,0.00046968000000000004,0.378268333168374,0,0,7957.541,6872.784999999999,1084.7560000000012,0.5365722236989261,0.5109982283244721,0.9800110360454202,1266.2659999999996,480.3439999999999,289408,1,0,0,0
2025-09-24 12:00:00+00:00,113029.45,113890.0,112808.0,113346.41,2535.05067,6.267e-05,0.0001953899999999996,0.00050672,0.5041336070098735,0,0,14284.756,13675.431000000002,609.3249999999971,0.5108962969382143,0.5119722906671149,0.38587033640352286,1598.6889999999985,596.9407999999992,567818,1,0,0,0
2025-09-24 16:00:00+00:00,113346.4,113940.0,113163.21,113420.01,1318.69585,6.267e-05,0.0001953899999999996,0.00050672,0.5041336070098735,0,0,7371.829,7430.821,-58.99200000000019,0.49800738381303344,0.5118458889789871,0.08155746177414745,1635.0889999999981,363.3197999999993,387423,0,1,0,0
2025-09-24 20:00:00+00:00,113420.0,113647.58,113204.71,113307.0,1194.06148,4.886e-05,0.0001694699999999996,0.0005181599999999999,0.07060052159557556,0,0,4116.373,4420.698,-304.3250000000007,0.4821762639668804,0.5069910056809486,-0.23572408275505485,246.00799999999617,247.0743999999995,233427,1,0,0,0
2025-09-25 00:00:00+00:00,113307.01,113510.23,112214.74,112546.21,3049.61418,-2.2e-06,0.0001093299999999996,0.00044931,-1.3657778099298508,0,0,12401.284,14767.71,-2366.4259999999995,0.4564498781220976,0.5032901917895515,-0.8879275657774116,-2729.7430000000004,-207.13240000000042,599603,1,0,0,0
2025-09-25 04:00:00+00:00,112546.22,112614.43,111450.42,111766.72,2930.2095,-2.2e-06,0.0001093299999999996,0.00044931,-1.3657778099298508,0,0,12922.148,13553.042,-630.8940000000002,0.48808518465778716,0.5034297408929602,-0.09183181165152088,-3301.6450000000004,-550.2624000000008,584170,1,0,0,0
2025-09-25 08:00:00+00:00,111766.73,112246.46,111283.63,111348.0,2287.76235,-2.2e-06,0.0001093299999999996,0.00044931,-1.3657778099298508,0,0,7918.825,8022.0289999999995,-103.20399999999972,0.4967629086873263,0.5030474104653265,0.04411867656710457,-3100.5239999999994,-692.7682000000001,354371,1,0,0,0
2025-09-25 12:00:00+00:00,111347.99,111729.52,110629.99,111580.77,4734.75828,1.73e-05,6.395999999999961e-05,0.00044918000000000003,-0.7398162838836037,0,0,20612.113,21487.387,-875.2739999999976,0.48960469839309256,0.49650367664305073,-0.16223171323974495,-1609.3719999999976,-856.0245999999995,927044,0,1,0,0
2025-09-25 16:00:00+00:00,111580.77,111672.58,108631.51,109360.0,6129.42446,9.56e-05,0.00011069999999999961,0.0004964,1.542964219740025,0,0,22646.43,27892.449,-5246.019,0.44809917529037396,0.4904580389117744,-1.3678727481028221,-6224.496999999998,-1844.3633999999995,1058353,1,0,0,0
2025-09-25 20:00:00+00:00,109360.0,109685.72,108765.0,108994.49,2099.3808,9.56e-05,0.00011069999999999961,0.0004964,1.542964219740025,0,0,7685.44,8754.884000000002,-1069.4440000000022,0.4674749719044466,0.4874128985472178,-0.8487373249490756,-7190.737,-1584.967,464512,1,0,0,0
2025-09-26 00:00:00+00:00,108994.49,109798.84,108809.24,109580.01,2323.19574,3.143e-05,0.00014432999999999962,0.00045721,-0.35324026252539553,0,0,9104.604,8251.882000000001,852.7219999999979,0.5245649378566606,0.4862121699629913,0.9409163421595318,-5462.7410000000045,-1288.2438000000004,492271,1,0,0,0
2025-09-26 04:00:00+00:00,109580.0,109625.94,108913.0,109320.02,3055.89804,3.143e-05,0.00014432999999999962,0.00045721,-0.35324026252539553,0,0,9361.244,9802.156,-440.91200000000026,0.4884959871421564,0.4839721389833855,-0.13822944796306,-657.6340000000046,-1355.7854000000004,453486,1,0,0,0
2025-09-26 08:00:00+00:00,109320.02,109690.98,108620.07,109133.5,2675.46214,4.36e-05,0.0001706299999999996,0.00042998,0.0328536469160084,0,0,8353.675,9684.393,-1330.7180000000008,0.46311362170272335,0.48048276277235447,-1.0015332396065122,-918.9080000000031,-1446.874200000001,434970,1,0,0,0
2025-09-26 12:00:00+00:00,109133.5,109779.73,108764.76,109027.78,3241.9244,4.36e-05,0.0001706299999999996,0.00042998,0.0328536469160084,0,0,14185.481,14082.985,102.49599999999919,0.5018129034663572,0.48244642672230215,0.3233593769452019,-1669.1340000000018,-377.17120000000125,792689,0,1,0,0
2025-09-26 16:00:00+00:00,109027.79,110300.0,109027.78,109172.2,2093.42859,4.36e-05,0.0001706299999999996,0.00042998,0.0328536469160084,0,0,11191.317,11016.11,175.20699999999852,0.5039447838779342,0.4871959172978858,0.35680956482301296,-1053.015000000003,-128.24100000000107,533990,1,0,0,0
2025-09-26 20:00:00+00:00,109172.21,109687.69,109087.57,109643.46,853.107,7.716e-05,0.0001521899999999996,0.00043236,1.0128020119496826,0,0,3959.578,3284.234,675.344,0.5466152351828015,0.4930489223503873,1.7525640340751096,953.0469999999978,-163.71660000000065,197539,1,0,0,0
2025-09-27 00:00:00+00:00,109643.46,109743.91,109324.42,109553.77,1041.65919,-1e-07,0.00012065999999999961,0.00037432000000000003,-1.186171610062851,0,0,3765.005,3670.5519999999997,94.45300000000043,0.5063514407864804,0.4940077755603026,0.34154086640548675,945.003999999999,-56.64360000000052,183829,0,1,0,0
2025-09-27 04:00:00+00:00,109553.77,109742.27,109332.02,109411.2,908.84116,-1e-07,0.00012065999999999961,0.00037432000000000003,-1.186171610062851,0,0,1924.714,2410.277,-485.5630000000001,0.44399492409557484,0.4894467981305509,-1.9726558785990906,284.2340000000004,112.38739999999962,117082,1,0,0,0
2025-09-27 08:00:00+00:00,109411.19,109477.69,109064.4,109310.21,1356.29029,-1e-07,0.00012065999999999961,0.00037432000000000003,-1.186171610062851,0,0,3803.982,3799.87,4.11200000000008,0.5002703892711221,0.49466391952862576,0.09521559282837223,-386.9979999999996,92.7105999999998,166748,0,1,0,0
2025-09-27 12:00:00+00:00,109310.22,109477.59,109193.0,109402.24,1151.38343,3.425e-05,0.00011130999999999961,0.0003459,-0.14012838181848827,0,0,3556.987,3491.102,65.88500000000022,0.5046739619774949,0.4983838185359305,0.30069773445851516,-415.5659999999998,70.84620000000014,159718,1,0,0,0
2025-09-27 16:00:00+00:00,109402.25,109440.0,109243.89,109424.2,590.81859,3.425e-05,0.00011130999999999961,0.0003459,-0.14012838181848827,0,0,2497.693,2673.2919999999995,-175.59899999999925,0.4830207397623471,0.4942293987264992,-0.5448748014034402,-105.60199999999895,-99.34239999999973,140562,0,1,0,0
2025-09-27 20:00:00+00:00,109424.21,109699.98,109362.72,109635.85,452.79377,7.821e-05,0.00011235999999999961,0.00037525000000000004,1.1478638765441769,0,0,2359.15,1919.2999999999997,439.85000000000036,0.5514029613528264,0.5005200961475662,1.8947119121368483,330.13600000000133,-30.26299999999974,107798,1,0,0,0
2025-09-28 00:00:00+00:00,109635.85,109787.75,109325.05,109436.0,822.14827,3.314e-05,0.0001455999999999996,0.00041059000000000007,-0.17004438633470562,0,0,4326.127,4239.082999999999,87.04400000000169,0.5050812531158023,0.5047168592888741,0.21839927136699067,351.2950000000028,84.25840000000062,217856,0,1,0,0
2025-09-28 04:00:00+00:00,109436.0,109537.8,109260.0,109513.06,569.05076,3.314e-05,0.0001455999999999996,0.00041059000000000007,-0.17004438633470562,0,0,2067.469,1960.8649999999998,106.60400000000027,0.5132317727378117,0.5058587462160196,0.5428004971056409,633.4980000000023,104.75680000000065,97366,1,0,0,0
2025-09-28 08:00:00+00:00,109513.06,109585.39,109250.0,109369.02,862.93461,4.976e-05,0.00016110999999999963,0.00044305,0.3756753202252782,0,0,3842.947,3993.6229999999996,-150.67599999999948,0.49038635525491386,0.5045029033537175,-0.29106465641410606,42.97200000000248,61.44460000000072,177165,1,0,0,0
2025-09-28 12:00:00+00:00,109369.02,110037.93,109189.99,110037.93,1349.20291,4.976e-05,0.00016110999999999963,0.00044305,0.3756753202252782,0,0,8535.206,7825.996999999999,709.2090000000007,0.5216734979695564,0.502008729632393,0.8058034114601105,665.1370000000015,238.40620000000072,296684,1,0,0,0
2025-09-28 16:00:00+00:00,110037.92,110393.63,110008.54,110337.6,1215.77694,5.261e-05,0.0001355099999999996,0.00040006,0.4511535563909034,0,0,6250.786,6325.972,-75.1859999999997,0.49701091489555577,0.5010746770433006,-0.08594652428845294,483.3470000000016,135.3990000000007,282119,0,1,0,0
2025-09-28 20:00:00+00:00,110337.61,112350.0,110294.78,112163.95,2723.21811,5.261e-05,0.0001355099999999996,0.00040006,0.4511535563909034,0,0,14798.409,13081.479,1716.9300000000003,0.5307915512429605,0.5097543397580392,1.2319537334904063,2350.9530000000013,461.37620000000044,536269,1,0,0,0
2025-09-29 00:00:00+00:00,112163.96,112310.0,111588.07,111857.51,2297.47362,2.312e-05,0.0001254899999999996,0.00039175,-0.491646233143679,0,0,8500.775,10246.641000000001,-1745.8660000000018,0.45343715635264076,0.5050710164661909,-1.58355897440269,-104.12200000000121,90.88220000000001,428600,1,0,0,0
2025-09-29 04:00:00+00:00,111857.51,111904.34,111560.65,111865.95,1831.36016,2.312e-05,0.0001254899999999996,0.00039175,-0.491646233143679,0,0,6436.226,6087.634000000001,348.59199999999873,0.5139171150108672,0.5059953317695282,0.6051495451864323,319.6559999999972,190.73579999999964,270868,1,0,0,0
2025-09-29 08:00:00+00:00,111865.96,112421.99,111865.95,112100.0,2126.24195,2.312e-05,0.0001254899999999996,0.00039175,-0.491646233143679,0,0,7881.33,7758.282999999999,123.04700000000048,0.5039338249610141,0.508086640289395,0.29231428083932365,-1274.2270000000026,73.5033999999996,324125,1,0,0,0
2025-09-29 12:00:00+00:00,112100.0,114231.56,111901.26,113815.57,5064.79852,1.304e-05,8.876999999999963e-05,0.00036119,-0.7953618597826201,0,0,25115.377,23434.233999999997,1681.1430000000037,0.5173136608653776,0.5046777102406501,0.7840318970629924,2152.782000000003,424.7692000000003,871600,1,0,0,0
2025-09-29 16:00:00+00:00,113815.57,114390.93,113449.74,114265.55,2716.40525,1.304e-05,8.876999999999963e-05,0.00036119,-0.7953618597826201,0,0,9362.97,8156.6849999999995,1206.2849999999999,0.5344266197022716,0.507612246899297,1.335272097661764,3010.475000000004,322.64020000000016,414875,1,0,0,0
2025-09-29 20:00:00+00:00,114265.56,114400.0,114020.0,114311.96,1504.84055,3.2e-07,3.647999999999962e-05,0.00028435,-1.1166377740237372,0,0,5745.878,6679.676,-933.7980000000007,0.46242429110203054,0.5025314987357188,-1.2247239371369751,1953.6300000000028,485.0538000000004,248724,0,1,0,0
2025-09-30 00:00:00+00:00,114311.97,114792.0,114040.35,114376.39,2494.38118,3.2e-07,3.647999999999962e-05,0.00028435,-1.1166377740237372,0,0,9061.445,9157.762999999999,-96.3179999999993,0.4973566908067574,0.5032285322909031,-0.03510596887971919,176.16899999999987,396.0718000000008,427199,0,1,0,0
2025-09-30 04:00:00+00:00,114376.39,114376.4,113585.0,113699.23,2326.82117,2.353e-05,3.688999999999962e-05,0.00030797999999999996,-0.38979304888359223,0,0,7286.955,7976.412,-689.4570000000003,0.47741464907448006,0.49880264740139546,-0.7512943153115513,-1719.5730000000003,233.57100000000065,311017,1,0,0,0
2025-09-30 08:00:00+00:00,113699.24,113741.37,112656.27,113055.01,2869.29172,2.353e-05,3.688999999999962e-05,0.00030797999999999996,-0.38979304888359223,0,0,11546.889,10519.09,1027.798999999999,0.5232892227442073,0.5014304781862607,0.8819553288075989,242.02399999999943,102.90219999999972,440466,0,1,0,0
2025-09-30 12:00:00+00:00,113055.0,113677.23,112866.11,113106.16,2840.28661,5.893e-05,8.277999999999962e-05,0.00033266,0.641840783955001,0,0,12670.07,12796.866000000002,-126.7960000000021,0.49751057606615884,0.4981023806685805,-0.057482411088257454,211.54599999999664,-163.71400000000068,651049,0,1,0,0
2025-09-30 16:00:00+00:00,113106.15,114563.46,112800.0,114359.99,2535.88761,2.584e-05,0.00010829999999999962,0.00028029000000000004,-0.4390593071901567,0,0,11930.111,9935.654999999999,1994.456000000002,0.5456068175247096,0.5073193467857874,1.5904882688057664,2895.458999999999,421.93679999999983,489579,1,0,0,0
2025-09-30 20:00:00+00:00,114359.99,114754.87,113765.42,114048.93,1977.48804,2.584e-05,0.00010829999999999962,0.00028029000000000004,-0.4390593071901567,0,0,7833.297,8605.462,-772.165,0.4765138901300275,0.5035790242977035,-0.9737171252567032,1095.495,286.7673999999997,330150,1,0,0,0
2025-10-01 00:00:00+00:00,114048.94,114551.76,113966.67,114176.92,2042.57116,3.355e-05,0.00011831999999999963,0.00028070000000000005,-0.34294749797141594,0,0,7493.349,8403.742,-910.393,0.47136605055604197,0.5003222468572063,-1.0889398021461016,311.89800000000196,242.5801999999998,320560,0,1,0,0
2025-10-01 04:00:00+00:00,114176.93,114740.0,114151.0,114539.02,1996.43364,3.355e-05,0.00011831999999999963,0.00028070000000000005,-0.34294749797141594,0,0,7993.403,8284.268,-290.8649999999998,0.4910655215970393,0.4976974329303724,-0.36575072976018896,-1973.4229999999998,-21.152599999999985,368097,0,1,0,0
2025-10-01 08:00:00+00:00,114539.02,116795.85,114484.43,116789.58,5217.93036,3.457e-05,9.395999999999962e-05,0.00026551000000000005,-0.316634185236145,0,0,29441.702,22447.649999999998,6994.052000000003,0.5673939038591194,0.5009941613460571,2.1945949642911455,5792.7940000000035,1403.0170000000012,892293,1,0,0,0
2025-10-01 12:00:00+00:00,116789.57,117649.99,116363.38,117423.73,4518.346,3.457e-05,9.395999999999962e-05,0.00026551000000000005,-0.316634185236145,0,0,16325.556,15790.001,535.5550000000003,0.5083379372806768,0.5055855259639218,0.12824710351465696,7238.742000000004,1111.2368000000008,771067,1,0,0,0
2025-10-01 16:00:00+00:00,117423.73,118199.0,116724.56,117439.53,3814.32316,0.0001,0.00016811999999999963,0.0003129,2.0078577217478037,0,0,18438.759,17117.333,1321.4259999999995,0.5185822727649596,0.5077080841597421,0.46650012430387716,8851.033000000003,1529.9550000000006,717657,1,0,1,0
2025-10-01 20:00:00+00:00,117439.53,118649.1,117163.25,118594.99,2446.79084,0.0001,0.00016811999999999963,0.0003129,2.0078577217478037,0,0,11696.881,9556.785000000002,2140.0959999999977,0.5503465143378088,0.5150012706860749,1.5546605862351452,3997.0769999999975,2140.0528000000004,426123,1,0,1,0
2025-10-02 00:00:00+00:00,118594.99,119456.92,118368.05,118733.99,4187.34775,7.784e-05,0.00021240999999999963,0.00036762000000000003,1.1731009850541902,0,0,16842.762,13517.286,3325.4759999999987,0.5547673047157238,0.5181490788832266,1.5765953911397954,6786.997999999996,2863.321,659873,1,0,0,0
2025-10-02 04:00:00+00:00,118733.99,118930.29,118279.31,118489.76,1772.36438,7.784e-05,0.00021240999999999963,0.00036762000000000003,1.1731009850541902,0,0,5713.986,6134.129,-420.14300000000003,0.4822696268562552,0.5166249839622362,-0.9124140355717144,5045.428999999996,1380.4819999999993,296624,1,0,0,0
2025-10-02 08:00:00+00:00,118489.76,118926.49,118354.61,118765.73,1460.00845,7.784e-05,0.00021240999999999963,0.00036762000000000003,1.1731009850541902,0,0,4771.194,4707.953999999999,63.2400000000016,0.5033357428325838,0.5123978764930237,-0.17377715201001273,2968.5730000000003,1286.0189999999996,243488,1,0,0,0
2025-10-02 12:00:00+00:00,118765.72,119910.79,118516.39,119910.78,5099.16626,0.0001,0.00027783999999999963,0.00045458000000000006,1.7901294120300828,0,0,22249.58,20508.625,1740.9550000000017,0.5203581394494928,0.5167823014249702,0.407077367171476,1384.0520000000033,1369.9248,907540,1,0,0,0
2025-10-02 16:00:00+00:00,119910.78,121022.07,119359.63,120836.49,4869.11141,9.543e-05,0.0002732699999999996,0.00054969,1.5135141775750873,0,0,19258.128,17150.079,2108.048999999999,0.5289501897195871,0.5225407153413246,0.6600860660495561,3912.2440000000024,1363.5154000000002,803319,1,0,0,0
2025-10-02 20:00:00+00:00,120836.49,120914.0,120072.46,120529.35,2282.83678,9.543e-05,0.0002732699999999996,0.00054969,1.5135141775750873,0,0,7034.152,7569.063,-534.9110000000001,0.4816851631644128,0.521602679498062,-0.9534222560733193,3314.0930000000008,591.4380000000004,377146,1,0,0,0
2025-10-03 00:00:00+00:00,120529.35,120550.9,119820.0,120225.89,2268.65523,9.543e-05,0.0002732699999999996,0.00054969,1.5135141775750873,0,0,7136.27,7168.312,-32.04199999999946,0.49888000921662723,0.5147512900338128,-0.32222886243260257,1541.0959999999995,669.0582000000006,385499,1,0,0,0
2025-10-03 04:00:00+00:00,120225.88,120324.53,119610.59,119640.21,2293.91523,9.926e-05,0.00029468999999999963,0.00062542,1.551063142964092,0,0,5737.22,6573.489999999999,-836.2699999999986,0.46603485907798986,0.5105209822135441,-1.4027221824787244,-1403.2229999999981,489.1562000000005,299923,1,0,0,0
2025-10-03 08:00:00+00:00,119640.22,120515.89,119248.3,120334.5,3467.40526,9.926e-05,0.00029468999999999963,0.00062542,1.551063142964092,0,0,8919.098,8961.193000000001,-42.095000000001164,0.4988228659142068,0.5085450415284688,-0.26893999736953994,-910.4069999999992,132.54619999999994,408146,0,1,0,0
2025-10-03 12:00:00+00:00,120334.51,122366.0,119881.24,122258.05,4929.42106,0.0001,0.00029468999999999963,0.00066649,1.4923563667037776,0,0,21301.625,17314.559999999998,3987.0650000000023,0.5516242736044485,0.5086728174551328,1.4920822291811107,3108.7000000000025,508.3494000000006,902259,1,0,0,0
2025-10-03 16:00:00+00:00,122258.04,123894.99,121466.25,122660.99,9447.66952,0.0001,0.0002992599999999996,0.00074065,1.4256049337020442,0,0,38404.959,36296.86899999999,2108.090000000011,0.5141100295430522,0.5046070899378656,0.20477980472115648,6053.060000000012,1036.9496000000029,1552402,1,0,0,0
2025-10-03 20:00:00+00:00,122661.0,122734.92,121999.33,122232.0,1529.2617,0.0001,0.0002992599999999996,0.00074065,1.4256049337020442,0,0,4843.077,5223.588999999999,-380.5119999999988,0.48110039609936406,0.5044901668621764,-0.8546859320158667,5714.643000000015,967.2556000000029,274803,1,0,0,0
2025-10-04 00:00:00+00:00,122232.21,122325.6,121684.97,122243.99,1730.5772,0.0001,0.0002992599999999996,0.00074065,1.4256049337020442,0,0,8379.253,8160.509999999998,218.7430000000022,0.5066126400964754,0.5048178565885657,-0.05618323419134797,1946.3210000000145,1178.2582000000032,357209,1,0,0,0
2025-10-04 04:00:00+00:00,122243.99,122800.0,122219.3,122324.08,1516.17531,0.0001,0.00030000000000000003,0.0008071,1.3394875774782353,0,0,6392.87,6773.312000000001,-380.4420000000009,0.4855523036215054,0.5013372730057669,-0.7702765685632724,-542.2109999999975,1110.5888000000032,276945,0,1,0,0
2025-10-04 08:00:00+00:00,122324.08,122539.83,121962.81,121973.26,1268.73633,0.0001,0.00030000000000000003,0.00087253,1.2672377820171548,0,0,3958.325,4189.087,-230.76200000000063,0.48583832510249875,0.4970260865440581,-0.731774627399056,-392.46099999999933,267.0234000000026,208417,1,0,0,0
2025-10-04 12:00:00+00:00,121973.26,122509.52,121698.88,121791.31,1464.05666,0.0001,0.00030000000000000003,0.00087253,1.2672377820171548,0,0,6822.838,6649.030000000001,173.80799999999908,0.5064507757944183,0.4995026478070586,0.006463857225472287,-437.39600000000246,-119.83299999999981,328054,0,1,0,0
2025-10-04 16:00:00+00:00,121791.31,121964.95,121510.0,121959.25,1443.23464,8.312e-05,0.00028311999999999966,0.0008556500000000001,0.7541894866415395,0,0,5295.296,7114.7029999999995,-1819.4069999999992,0.4266959247941922,0.49228423936481513,-2.426079117559287,-1876.3610000000008,-407.6119999999999,285059,0,1,0,0
2025-10-04 20:00:00+00:00,121959.25,122410.0,121871.01,122391.0,785.38664,8.312e-05,0.00028311999999999966,0.0008556500000000001,0.7541894866415395,0,0,3626.657,3117.3289999999997,509.32800000000043,0.5377616442264264,0.49945691787965885,1.0508303071760527,-1136.2709999999997,-349.49500000000023,159319,1,0,0,0
2025-10-05 00:00:00+00:00,122390.99,124362.28,122136.0,123776.22,4212.02615,8.648e-05,0.0002695999999999996,0.0008642900000000001,0.794687510620305,0,0,20080.619,14650.559000000001,5430.059999999998,0.578172701196602,0.5073919014078984,2.0864684674077654,4119.980999999999,812.6053999999995,673803,1,0,0,0
2025-10-05 04:00:00+00:00,123776.23,125708.42,123734.0,124713.63,7342.549203,8.648e-05,0.0002695999999999996,0.0008642900000000001,0.794687510620305,0,0,22901.999,19894.464000000004,3007.534999999996,0.5351376584555597,0.5057432398930095,0.7553424237324525,8946.922999999995,1460.2647999999988,1045078,1,0,0,0
2025-10-05 08:00:00+00:00,124713.63,124838.37,122520.24,123464.64,4455.30964,8.648e-05,0.0002695999999999996,0.0008642900000000001,0.794687510620305,0,0,19908.006,21646.424999999996,-1738.4189999999944,0.47908262779485544,0.5022404997181897,-0.8629887015899468,6699.175999999999,1077.8194,805728,1,0,0,0
2025-10-05 12:00:00+00:00,123464.64,123464.65,122675.0,122803.17,2233.09004,0.0001,0.0002695999999999996,0.00086429,1.1095762504687225,0,0,5378.358,7030.380999999999,-1652.0229999999992,0.43343308292647625,0.4974737684009011,-1.9926179935891195,-382.9069999999974,1111.2962000000002,367351,1,0,0,0
2025-10-05 16:00:00+00:00,122803.17,123464.0,122301.63,122591.79,2386.1605,0.0001,0.0002695999999999996,0.00086429,1.1095762504687225,0,0,9109.118,10896.092999999999,-1786.9749999999985,0.45533726187641815,0.4923462305788952,-1.297651849745656,-5177.416999999992,652.0356000000004,486937,1,0,0,0
2025-10-05 20:00:00+00:00,122591.8,123548.83,122473.62,123482.31,1413.96202,9.566e-05,0.0002821399999999996,0.00086452,0.9837616318138374,0,0,6320.484,4754.493999999999,1565.9900000000016,0.5706994632404688,0.5008609465407916,1.6720693184229347,-1873.0079999999962,-120.77839999999887,280308,1,0,0,0
2025-10-06 00:00:00+00:00,123482.32,124358.46,123084.0,123839.09,3025.28443,9.566e-05,0.0002821399999999996,0.00086452,0.9837616318138374,0,0,12362.843,12572.968,-210.125,0.49578668205337295,0.501855782235879,-0.29888171920361883,-431.10999999999694,-764.3103999999981,703181,0,1,0,0
2025-10-06 04:00:00+00:00,123839.09,124165.56,123280.49,123390.47,2210.62835,7.672e-05,0.00027237999999999964,0.00084198,0.3958812070290224,0,0,6607.869,7930.7789999999995,-1322.9099999999999,0.4545036787464694,0.49666107253108416,-1.3152920232714256,32.955000000001746,-681.2085999999993,425917,1,0,0,0
2025-10-06 08:00:00+00:00,123390.47,124531.66,123390.46,124215.0,2768.21181,7.672e-05,0.00027237999999999964,0.00084198,0.3958812070290224,0,0,7606.798,6834.583,772.2150000000001,0.52673618956525,0.5066650990081899,0.5901892403171698,-760.8199999999997,-196.36099999999934,398952,1,0,0,0
2025-10-06 12:00:00+00:00,124215.0,125408.29,124178.0,125000.0,4567.6948,9.708e-05,0.00026945999999999963,0.00083906,0.9307499140101838,0,0,17868.054,19587.541,-1719.487000000001,0.4770463264567016,0.5005935672312175,-0.6988399288049307,-2270.1820000000007,-182.8633999999998,981202,0,1,0,0
2025-10-06 16:00:00+00:00,125000.0,126199.63,124800.0,125410.81,4722.172353,9.708e-05,0.00026945999999999963,0.00083906,0.9307499140101838,0,0,17755.855,15492.422000000002,2263.4329999999973,0.5340383503181232,0.49618013214336953,0.7852531003483831,1316.1609999999964,-43.37480000000069,754160,1,0,0,0
2025-10-06 20:00:00+00:00,125410.8,125534.0,124511.15,124658.54,2200.63705,5.831e-05,0.00023210999999999962,0.00079737,-0.1756123904731263,0,0,7131.973,8449.644,-1317.6710000000003,0.457717129101556,0.48843807920796917,-1.1355114576133032,-773.725000000004,-264.88400000000075,370291,1,0,0,0
2025-10-07 00:00:00+00:00,124658.54,125082.27,124101.26,124329.74,1773.60979,0.0001,0.00025538999999999965,0.00079737,0.9857429886418996,0,0,6115.274,6935.619,-820.3449999999993,0.46857130772583916,0.4873869472010675,-0.7950392124396154,125.41699999999764,-164.37100000000063,400544,1,0,0,0
2025-10-07 04:00:00+00:00,124329.74,124654.47,123567.6,123667.99,2455.2259,0.0001,0.00025538999999999965,0.00079737,0.9857429886418996,0,0,8775.897,9380.443,-604.5459999999985,0.4833516556750976,0.4923788044759297,-0.397931085953078,-2742.561999999998,-439.72320000000036,460847,1,0,0,0
2025-10-07 08:00:00+00:00,123668.0,124509.6,123322.9,124453.38,2444.73415,0.0001,0.00025538999999999965,0.00079737,0.9857429886418996,0,0,9475.225,8968.26,506.96500000000015,0.5137437420314003,0.4982194524914279,0.410850185626449,-917.9259999999977,5.5671999999998665,436839,1,0,0,0
2025-10-07 12:00:00+00:00,124453.37,125126.0,121172.89,121846.01,7360.01455,8.608e-05,0.00024438999999999966,0.0007834500000000001,0.5155640630463718,0,0,32694.624,38277.163,-5582.539000000001,0.46067071694277617,0.4872165778616586,-0.9526552700872137,-5680.119999999999,-1563.6271999999997,1493807,1,0,0,0
2025-10-07 16:00:00+00:00,121846.01,122084.14,120574.94,121637.17,5726.896,6.194e-05,0.0002480199999999996,0.0007622700000000001,-0.21480149022392991,0,0,23233.831,24961.15,-1727.3190000000031,0.4820798871152164,0.485845898367843,-0.3452916143868982,-6802.893000000004,-1645.5568000000003,1021531,1,0,0,0
2025-10-07 20:00:00+00:00,121637.18,122292.62,121258.08,121332.95,1873.51346,6.194e-05,0.0002480199999999996,0.0007622700000000001,-0.21480149022392991,0,0,5961.898,7119.963000000001,-1158.0650000000005,0.45573775780066766,0.4859693062732628,-1.0141923358745852,-8467.923000000004,-1713.1008000000006,388437,1,0,0,0
2025-10-08 00:00:00+00:00,121332.96,122229.66,121200.0,121374.75,2406.76826,2.542e-05,0.00017343999999999964,0.0007012100000000001,-1.3242809509394398,0,0,10507.062,9181.896999999999,1325.1650000000009,0.5336524902103763,0.4866609363377754,0.9999380799472737,-1560.2190000000028,-1327.1586000000007,549860,1,0,0,0
2025-10-08 04:00:00+00:00,121374.76,121910.24,121066.14,121597.06,2670.85944,2.542e-05,0.00017343999999999964,0.0007012100000000001,-1.3242809509394398,0,0,8296.039,7845.7919999999995,450.2470000000012,0.5139465900739514,0.4903509626995004,0.44894158371106513,617.3470000000016,-1338.5022000000004,464958,1,0,0,0
2025-10-08 08:00:00+00:00,121597.05,123200.0,121524.01,122884.14,3408.74044,2.542e-05,0.00017343999999999964,0.0007012100000000001,-1.3242809509394398,0,0,12400.097,10289.119,2110.977999999999,0.5465194125702713,0.4915990689247153,1.225989711880178,3886.3900000000012,200.20119999999952,560770,1,0,0,0
2025-10-08 12:00:00+00:00,122884.14,123350.0,121649.68,122189.72,3373.3683,0.0001,0.00018735999999999964,0.0007012100000000001,0.9026562921342962,0,0,15062.957,15357.169,-294.21199999999953,0.4951641883403113,0.4953437748485907,-0.035420785141702854,2267.013000000001,486.82260000000025,883556,1,0,0,0
2025-10-08 16:00:00+00:00,122189.72,124197.25,122110.08,123450.0,3795.53021,0.0001,0.00018735999999999964,0.0007012100000000001,0.9026562921342962,0,0,15755.81,13892.703,1863.107,0.5314199062866998,0.5016286347046768,0.895176079431622,3679.8729999999996,1091.0570000000002,818246,1,0,0,0
2025-10-08 20:00:00+00:00,123450.01,123737.0,122794.4,123306.0,1357.35135,5.396e-05,0.0001793799999999996,0.00065951,-0.4981096518354945,0,0,4114.488,4396.652999999999,-282.16499999999905,0.48342378536555797,0.5016358476737228,-0.3584963693734102,1286.7300000000014,769.5910000000003,268149,1,0,0,0
2025-10-09 00:00:00+00:00,123306.01,123348.32,121475.98,122038.01,2319.17839,5.396e-05,0.0001793799999999996,0.00065951,-0.4981096518354945,0,0,9010.07,8462.956999999999,547.1130000000012,0.515655930709659,0.5018270665415486,0.473294133618977,2128.055000000002,788.9642000000003,487684,0,1,0,0
2025-10-09 04:00:00+00:00,122038.01,122264.0,121724.71,121906.1,1451.1479,1.344e-05,0.00016739999999999962,0.0005962300000000001,-1.6935785882611034,0,0,4967.439,5724.001,-756.5619999999999,0.46461833017816123,0.5022218278650872,-0.8275392872239902,-491.61399999999776,215.45620000000054,315291,1,0,0,0
2025-10-09 08:00:00+00:00,121906.09,122833.02,121145.49,122737.57,2689.44106,5.35e-05,0.00012089999999999962,0.00055265,-0.5617222177406679,0,0,10834.168,10423.887,410.28099999999904,0.5096500126657871,0.5049788404201443,0.31111169939053684,200.83200000000033,356.35480000000024,546955,1,0,0,0
2025-10-09 12:00:00+00:00,122737.56,123762.94,120673.99,121147.14,6566.062,5.35e-05,0.00012089999999999962,0.00055265,-0.5617222177406679,0,0,27607.988,34909.28,-7301.291999999998,0.44160579761738794,0.5035656444018163,-1.3404257537612134,-7647.5729999999985,-1476.5249999999992,1320057,1,0,0,0
2025-10-09 16:00:00+00:00,121147.15,121481.9,119651.47,120951.72,6174.05969,1.455e-05,8.148999999999963e-05,0.00050889,-1.8600829876385438,0,0,19180.988,22825.198999999997,-3644.2109999999957,0.45662292557046424,0.49586268793782506,-1.0274329235681683,-10535.221999999994,-2148.934199999999,977380,1,0,0,0
2025-10-09 20:00:00+00:00,120951.72,121900.0,120838.0,121662.4,2359.47103,1.455e-05,8.148999999999963e-05,0.00050889,-1.8600829876385438,0,0,4706.145,4944.258,-238.11299999999937,0.4876630540714207,0.493234334337572,-0.18617714825705695,-11183.615999999993,-2305.979399999999,290834,0,1,0,0
2025-10-10 00:00:00+00:00,121662.41,121874.13,120900.0,121026.01,2094.68145,1.455e-05,8.148999999999963e-05,0.00050889,-1.8600829876385438,0,0,7122.684,8991.43,-1868.746,0.4420152420418523,0.4827839172847302,-1.3497891825615884,-5751.069999999995,-2528.4161999999988,388493,1,0,0,0
2025-10-10 04:00:00+00:00,121026.0,121754.34,120855.41,120932.05,2566.54979,7.85e-06,7.589999999999962e-05,0.00041674,-1.9979834157860026,0,0,6874.415,6761.925,112.48999999999978,0.5041246404827101,0.48367996249897,0.43044569469034233,-1994.3689999999997,-2587.9743999999982,354399,0,1,0,0
2025-10-10 08:00:00+00:00,120932.05,121777.07,120916.44,121554.55,1553.83694,7.85e-06,7.589999999999962e-05,0.00041674,-1.9979834157860026,0,0,5061.479,4987.074,74.40500000000065,0.5037022743473613,0.4809081993050362,0.39420021394831295,-1681.8509999999997,-1112.834999999999,295262,1,0,0,0
2025-10-10 12:00:00+00:00,121554.55,122550.0,118500.0,119018.98,7767.59253,3.879e-05,6.118999999999962e-05,0.00036945000000000006,-0.9879194707858894,0,0,31603.423,35498.93100000001,-3895.5080000000125,0.47097338790826915,0.4796631595593072,-0.6069759468767492,-3708.613000000012,-1163.0944000000022,1533338,1,0,0,0
2025-10-10 16:00:00+00:00,119018.99,119456.28,115952.47,116661.5,8454.54427,3.879e-05,6.118999999999962e-05,0.00036945000000000006,-0.9879194707858894,0,0,31002.529,36839.99900000001,-5837.470000000012,0.4569777971717091,0.47379534620551234,-1.0299058595113855,-9658.573000000024,-2282.9658000000045,1572026,1,0,0,0
2025-10-10 20:00:00+00:00,116661.5,117214.64,102000.0,112774.5,41734.73429,1.013e-05,5.676999999999962e-05,0.00031764,-1.8116744391923068,0,0,100050.31,117169.43299999999,-17119.122999999992,0.46059491931173124,0.47339300511886934,-0.8953698330564719,-26852.101000000017,-5333.041200000003,4833326,1,0,0,0
2025-10-11 00:00:00+00:00,112774.49,113322.39,111019.43,112300.01,11533.52669,0.0001,0.00014891999999999962,0.00039222000000000004,0.8432415087787911,0,0,21091.95,23930.228,-2838.2779999999984,0.4684791126719814,0.46927591511948874,-0.6007847048742967,-25794.871000000003,-5923.194800000003,1274058,1,0,0,0
2025-10-11 04:00:00+00:00,112300.0,112991.16,110090.29,110384.61,7142.76272,0.0001,0.00014891999999999962,0.00039222000000000004,0.8432415087787911,0,0,15519.374,22500.890000000003,-6981.516000000003,0.4081869079078462,0.4659340261485346,-2.3268674070389626,-26938.916999999994,-7334.3790000000035,871684,1,0,0,0
2025-10-11 08:00:00+00:00,110384.6,112359.67,110162.23,112280.0,5929.13992,0.0001,0.00014891999999999962,0.00039222000000000004,0.8432415087787911,0,0,11592.021,11900.969000000001,-308.9480000000003,0.4934246768929796,0.4696142012807861,0.2914314776457918,-10128.742000000002,-6617.067000000001,674340,0,1,0,0
2025-10-11 12:00:00+00:00,112280.01,112500.0,111793.2,111793.2,3681.24351,0.0001,0.00021012999999999962,0.00039222000000000004,0.7869590111140218,0,0,7267.031,9431.867000000002,-2164.836000000002,0.4351802735725435,0.4643659232308984,-1.4220699941001407,-9455.300000000007,-5882.5401999999995,457303,1,0,0,0
2025-10-11 16:00:00+00:00,111793.21,112185.53,110865.82,111178.31,3138.91159,4.67e-06,0.00020466999999999962,0.0003429300000000001,-1.9377238043926268,0,0,7544.603,9566.034,-2021.4309999999996,0.44093057435558947,0.46425745646227207,-1.178723870214906,-4495.215000000002,-2863.001800000001,517364,1,0,0,0
2025-10-11 20:00:00+00:00,111178.3,111368.29,109561.59,110644.4,4022.93209,4.67e-06,0.00020466999999999962,0.0003429300000000001,-1.9377238043926268,0,0,10770.17,12556.453,-1786.2829999999994,0.46171149591606125,0.46001614200560725,-0.549876219341453,-5972.550000000001,-2652.602800000001,855979,1,0,0,0
2025-10-12 00:00:00+00:00,110644.4,111368.14,109565.06,110676.0,4785.58424,4.67e-06,0.00020466999999999962,0.0003429300000000001,-1.9377238043926268,0,0,16487.127,15537.382999999998,949.7440000000024,0.5148283923782129,0.46112875380869234,1.0115793029528342,-2857.9699999999966,-1066.3507999999997,1039199,1,0,0,0
2025-10-12 04:00:00+00:00,110676.0,112125.51,110617.1,111525.2,2731.29761,-3.055e-05,7.411999999999962e-05,0.00029894000000000003,-2.5151041031248402,0,0,9675.315,9072.296,603.0190000000002,0.5160825557987095,0.4656396705977365,0.998329876504913,-233.5199999999968,-883.9573999999997,561074,1,0,0,1
2025-10-12 08:00:00+00:00,111525.19,112133.33,111139.87,111848.36,2810.82095,-3.055e-05,7.411999999999962e-05,0.00029894000000000003,-2.5151041031248402,0,0,9436.019,9744.392,-308.3729999999996,0.4919612515081142,0.4691380160313769,0.31099585834302923,1244.390000000003,-512.6647999999992,469516,0,1,0,1
2025-10-12 12:00:00+00:00,111848.35,113745.84,111177.75,113198.2,9020.41664,2.865e-05,2.769999999999623e-06,0.00027409000000000005,-0.9358753562000013,0,0,29904.235,30660.216,-755.9809999999998,0.49375887185041933,0.4724544112852458,0.33350826707478093,-461.3349999999991,-259.57479999999924,1355152,0,1,0,0
2025-10-12 16:00:00+00:00,113198.2,114700.0,113198.2,114342.28,6635.34892,-0.00010915,-0.00011105000000000037,0.00015039000000000003,-3.347948202718646,0,0,21899.407,22146.342000000004,-246.93500000000495,0.49719683504530704,0.47532618352257827,0.4205797898638437,-1311.2890000000043,48.29479999999967,980705,0,1,0,1
2025-10-12 20:00:00+00:00,114342.28,115770.0,114217.75,114958.8,6271.83436,-0.00010915,-0.00011105000000000037,0.00015039000000000003,-3.347948202718646,0,0,21136.101,22229.204,-1093.1030000000028,0.4873965719830634,0.48324714993010004,0.09569004333425148,-2096.0190000000075,-360.2746000000014,857066,0,1,0,1
2025-10-13 00:00:00+00:00,114958.81,115963.81,114619.45,114821.12,4123.60858,-0.00010915,-0.00011105000000000037,0.00015039000000000003,-3.347948202718646,0,0,15893.85,17972.229,-2078.378999999999,0.4693147382075144,0.4808361560615535,-0.4042837179252769,-3418.4170000000067,-896.5542000000012,799193,1,0,0,1
2025-10-13 04:00:00+00:00,114821.13,115554.83,114398.24,115399.67,3437.01313,-3.942e-05,-0.00011992000000000037,0.00010312000000000006,-1.776466428407767,0,0,14292.925,12723.624,1569.3009999999995,0.5290433282207879,0.490222461526378,1.4388482560363542,-1602.1810000000023,-521.0194000000014,643334,1,0,0,0
2025-10-13 08:00:00+00:00,115399.66,115438.17,113616.5,114180.0,4560.86246,-3.942e-05,-0.00011992000000000037,0.00010312000000000006,-1.776466428407767,0,0,13591.94,16339.465999999999,-2747.525999999998,0.4541029579432386,0.49153969988514284,-0.8387146151543339,-3256.6039999999975,-919.328400000001,669105,1,0,0,0
2025-10-13 12:00:00+00:00,114180.0,115530.0,113800.01,114312.1,5538.12887,2.519e-05,-0.00012338000000000038,8.952000000000005e-05,-0.5038670020938336,0,0,25408.016,26842.198,-1434.1820000000007,0.48627582654494006,0.49399613294803074,0.2332943820822394,-2612.4069999999992,-1156.7778000000003,1390332,0,1,0,0
2025-10-13 16:00:00+00:00,114312.09,115891.3,114215.79,115792.84,3368.92301,2.519e-05,-0.00012338000000000038,8.952000000000005e-05,-0.5038670020938336,0,0,19996.272,18758.431999999997,1237.8400000000038,0.5159701903541826,0.4941103127456278,1.26721411219209,-2943.867999999995,-690.5891999999989,840841,1,0,0,0
2025-10-13 20:00:00+00:00,115792.84,115868.0,115005.44,115166.0,1528.70428,-2.305e-05,-3.7280000000000375e-05,5.634000000000005e-05,-1.3294545408677982,0,0,6511.246,7666.585,-1155.339,0.45925543900191784,0.48842760106594857,-0.6303178756677889,-1351.6809999999969,-505.9811999999991,313804,1,0,0,0
2025-10-14 00:00:00+00:00,115166.0,115409.96,113279.76,113500.0,3456.84461,-4.041e-05,-3.827000000000038e-05,-8.406999999999996e-05,-1.5294200157049098,0,0,15420.098,16448.097999999998,-1027.9999999999982,0.483871066940846,0.48761858260922175,0.24414735830503315,-945.4989999999943,-1025.4413999999986,611322,1,0,0,0
2025-10-14 04:00:00+00:00,113500.0,113691.0,111355.01,111724.41,6286.29915,-4.041e-05,-3.827000000000038e-05,-8.406999999999996e-05,-1.5294200157049098,0,0,31837.686,34375.187999999995,-2537.501999999993,0.48083830343929795,0.48632652576810953,0.12023288466326675,-4720.840999999991,-983.4365999999976,1181330,1,0,0,0
2025-10-14 08:00:00+00:00,111724.41,112140.0,110012.24,111313.98,5281.83478,7.12e-06,-5.634000000000037e-05,-0.00017694999999999996,-0.6052794777111158,0,0,22016.611,22784.12,-767.5089999999982,0.49143419110728354,0.48575026137430727,0.520415738175085,-4333.0109999999895,-850.1019999999971,1041840,1,0,0,0
2025-10-14 12:00:00+00:00,111313.98,112943.82,109866.0,112900.43,7186.98731,7.12e-06,-5.634000000000037e-05,-0.00017694999999999996,-0.6052794777111158,0,0,27121.248,25660.262000000002,1460.9859999999971,0.5138399412976249,0.4883945983057633,1.2318315334368863,-1844.0249999999942,-805.4727999999984,1503970,1,0,0,0
2025-10-14 16:00:00+00:00,112900.44,113544.53,111692.31,112613.7,7436.01163,-4.498e-05,-7.827000000000037e-05,-0.00022659999999999995,-1.457782889258199,0,0,22498.141,28543.187,-6045.046000000002,0.440782829945177,0.48554140747952956,-1.3195223583416351,-5351.569000000003,-1783.4141999999988,1236452,1,0,0,0
2025-10-14 20:00:00+00:00,112613.69,113577.0,112230.46,113028.14,2222.35226,-4.498e-05,-7.827000000000037e-05,-0.00022659999999999995,-1.457782889258199,0,0,6254.789,6285.068,-30.27900000000045,0.49879268958170736,0.4825163436156215,0.6836658535309644,-4614.339000000005,-1583.8699999999994,385300,0,1,0,0
2025-10-15 00:00:00+00:00,113028.13,113612.35,111825.93,112024.29,3526.54912,-4.498e-05,-7.827000000000037e-05,-0.00022659999999999995,-1.457782889258199,0,0,9784.725,10580.822999999999,-796.0979999999981,0.4804547856998496,0.4851515263912827,0.004941229374819489,-6871.423000000001,-1235.5892000000003,719679,1,0,0,0
2025-10-15 04:00:00+00:00,112024.3,112680.0,111746.76,112584.5,3442.20374,-5.425e-05,-9.211000000000038e-05,-0.00025029999999999996,-1.5010958228594298,0,0,6806.829,6127.157000000001,679.6719999999987,0.5262746534594981,0.48915140908273846,1.5611395288937602,-146.70499999999993,-946.1530000000009,547046,1,0,0,0
2025-10-15 08:00:00+00:00,112584.49,113520.88,111693.26,111905.73,3699.08334,-5.425e-05,-9.211000000000038e-05,-0.00025029999999999996,-1.5010958228594298,0,0,11634.436,14226.517000000002,-2592.081000000002,0.44988427147290355,0.48254281719461056,-1.0067005643229987,-2708.5070000000014,-1756.7664000000009,711510,1,0,0,0
2025-10-15 12:00:00+00:00,111905.72,112238.41,110400.0,110798.01,6590.50038,3.973e-05,-5.9500000000000376e-05,-0.00023921999999999995,0.2029567035871952,0,0,20395.596,19792.257999999998,603.3380000000034,0.5075064719803153,0.4873679204924503,0.9136479621534236,-1309.071,-427.0895999999997,1344889,0,1,0,0
2025-10-15 16:00:00+00:00,110798.01,111557.7,110164.0,111271.73,3317.74779,2.25e-06,-1.2270000000000375e-05,-0.00012781999999999998,-0.43202217252629904,0,0,9665.31,9278.484000000002,386.8259999999973,0.5102098344185964,0.4900017972402254,0.9406641042432053,-1601.9170000000013,-343.66860000000014,804318,1,0,0,0
2025-10-15 20:00:00+00:00,111271.73,111556.27,110500.0,110763.28,2410.40374,2.25e-06,-1.2270000000000375e-05,-0.00012781999999999998,-0.43202217252629904,0,0,6489.637,6995.318,-505.6810000000005,0.4812501784396018,0.49004298474025576,-0.05744436231596922,484.4830000000002,-285.5852000000006,544439,1,0,0,0
2025-10-16 00:00:00+00:00,110763.28,111867.17,110361.0,111329.48,2715.42468,-2.741e-05,1.4569999999999622e-05,-0.00011580999999999996,-0.9207313546876876,0,0,7895.449,7297.269000000001,598.1799999999985,0.519686405026408,0.4928682061321682,1.1659901308831009,479.32499999999527,-301.8836000000007,556927,1,0,0,0
2025-10-16 04:00:00+00:00,111329.48,111773.7,110553.19,110584.2,3097.1426,-2.741e-05,1.4569999999999622e-05,-0.00011580999999999996,-0.9207313546876876,0,0,9600.24,10327.051000000001,-726.8110000000015,0.48176342685014234,0.4896605546874199,-0.20238715719617886,-634.3120000000035,71.17039999999943,590318,1,0,0,0
2025-10-16 08:00:00+00:00,110584.21,111728.7,109635.15,111404.72,5282.11808,-2.741e-05,1.4569999999999622e-05,-0.00011580999999999996,-0.9207313546876876,0,0,17930.78,17901.217000000004,29.562999999994645,0.5004125223609501,0.4956235239289972,0.49427873973339204,-99.0680000000084,-43.58460000000232,930653,1,0,0,0
2025-10-16 12:00:00+00:00,111404.73,111982.45,108361.69,108549.21,8252.81169,-2.23e-05,-4.7460000000000376e-05,-0.00016329999999999996,-0.7707192628161381,0,0,25459.402,30777.110000000004,-5317.708000000006,0.4527201473661808,0.4910162697074446,-1.3834403503644195,-6014.956000000013,-1184.491400000003,1711045,1,0,0,0
2025-10-16 16:00:00+00:00,108549.21,109254.0,107577.57,108197.66,8255.26892,-2.23e-05,-4.7460000000000376e-05,-0.00016329999999999996,-0.7707192628161381,0,0,25109.388,25776.694000000003,-667.3060000000041,0.49344313834183573,0.49231510497164316,0.15821944732605914,-5955.4510000000155,-1216.8164000000038,1693100,1,0,0,0
2025-10-16 20:00:00+00:00,108197.67,108500.0,107427.0,108194.28,2254.40655,-3.004e-05,-7.975000000000038e-05,-0.00017028999999999997,-0.8601252739461859,0,0,7645.647,7824.538,-178.89099999999962,0.49421820101052444,0.48910945972674585,0.14892408488756476,-6163.90500000001,-1372.2306000000033,561179,1,0,0,0
2025-10-17 00:00:00+00:00,108194.27,109240.0,107934.4,109176.74,2417.89309,-3.004e-05,-7.975000000000038e-05,-0.00017028999999999997,-0.8601252739461859,0,0,8055.319,6944.328999999999,1110.9900000000016,0.5370338690614607,0.4978244194856015,1.8671302905549378,264.79299999999785,-1004.6704000000027,524531,1,0,0,0
2025-10-17 04:00:00+00:00,109176.74,109236.01,105542.09,105633.75,8020.07533,-2.85e-06,-5.5190000000000385e-05,-0.00013272999999999996,-0.289626858740557,0,0,20229.476,26690.635,-6461.159,0.43114723236694813,0.49018849552426474,-2.187380023754982,-5529.059999999998,-2302.8148000000015,1237446,1,0,0,0
2025-10-17 08:00:00+00:00,105633.75,106651.22,103528.23,105683.72,13908.33322,-2.85e-06,-5.5190000000000385e-05,-0.00013272999999999996,-0.289626858740557,0,0,44267.551,41510.310000000005,2757.2409999999945,0.5160719850545119,0.4907747105878563,0.9941969875629965,-2592.9280000000035,-687.8250000000014,2046591,1,0,0,0
2025-10-17 12:00:00+00:00,105683.71,106852.14,104533.21,106803.53,7847.34313,-6.34e-06,-3.923000000000038e-05,-0.00014618999999999998,-0.3098136562945942,0,0,28385.312,29366.361999999997,-981.0499999999956,0.49150630681285534,0.49180032342518165,0.07910761125593542,-4684.968000000001,-750.5737999999998,1746201,0,1,0,0
2025-10-17 16:00:00+00:00,106803.52,107575.6,106071.42,106454.72,3916.46744,-6.34e-06,-3.923000000000038e-05,-0.00014618999999999998,-0.3098136562945942,0,0,12947.377,12807.364999999998,140.01200000000244,0.5027181790444649,0.4901035008269875,0.48995392001503263,1916.2030000000013,-686.7931999999994,1003449,0,1,0,0
2025-10-17 20:00:00+00:00,106457.24,107440.02,106342.47,106431.68,1810.55617,-2.91e-06,-1.2100000000000379e-05,-0.00010411999999999997,-0.19772066532152385,0,0,5314.787,6270.869000000001,-956.0820000000003,0.45873854704472494,0.48780101284644567,-1.0900608416803645,-1797.1199999999935,-1100.2075999999997,377919,1,0,0,0
2025-10-18 00:00:00+00:00,106431.68,107306.06,106322.2,107070.4,2668.3034,-4.819e-05,-5.744000000000038e-05,-9.805999999999997e-05,-1.0881024296310524,0,0,7242.383,8369.842,-1127.4590000000007,0.4638917899274447,0.48414893960309513,-0.8906240138600247,-1943.5289999999986,-33.46759999999995,444534,0,1,0,0
2025-10-18 04:00:00+00:00,107070.41,107499.0,106439.38,106665.0,2976.33507,-4.819e-05,-5.744000000000038e-05,-9.805999999999997e-05,-1.0881024296310524,0,0,7912.445,11625.79,-3713.345000000001,0.4049723529274778,0.47937416015922485,-2.6079785427059146,-5796.886000000002,-1327.5847999999992,481643,1,0,0,0
2025-10-18 08:00:00+00:00,106665.01,107222.0,106605.93,107208.6,2336.72819,-4.819e-05,-5.744000000000038e-05,-9.805999999999997e-05,-1.0881024296310524,0,0,5701.958,4713.910000000001,988.0479999999989,0.5474299405484017,0.4847728403798815,1.8780735684277226,-3852.756000000003,-933.7652000000002,345928,1,0,0,0
2025-10-18 12:00:00+00:00,107208.61,107300.0,106739.33,106948.75,1425.61863,-6.376e-05,-0.00011486000000000037,-0.00020154999999999997,-1.3569005719310296,0,0,4629.072,4724.575000000001,-95.50300000000061,0.49489487897073725,0.4848405081759027,0.22493302284174022,-2820.800000000003,-980.8682000000008,348702,1,0,0,0
2025-10-18 16:00:00+00:00,106948.75,107091.87,106484.0,107080.14,911.25891,-6.376e-05,-0.00011486000000000037,-0.00020154999999999997,-1.3569005719310296,0,0,3805.014,4027.099,-222.08500000000004,0.4858221529745549,0.4797193365672122,-0.02769411808754442,670.4599999999982,-834.0688000000007,266041,0,1,0,0
2025-10-18 20:00:00+00:00,107080.14,107339.03,106851.84,107185.01,804.94346,-3.681e-05,-0.00014876000000000038,-0.00024060999999999996,-0.7158135398748252,0,0,3019.366,2738.4489999999996,280.91700000000037,0.5243944100322779,0.48904405433374515,1.116410004543011,-36.67100000000028,-552.3936000000006,202037,1,0,0,0
2025-10-19 00:00:00+00:00,107185.0,107367.16,106734.17,107275.78,1058.1121,-3.681e-05,-0.00014876000000000038,-0.00024060999999999996,-0.7158135398748252,0,0,4612.005,5049.990000000001,-437.9850000000006,0.4773346498316341,0.48517032081145733,-0.35489395939937857,-379.15300000000025,102.6783999999996,285522,0,1,0,0
2025-10-19 04:00:00+00:00,107275.79,107290.0,106558.61,106786.0,1247.19589,-1.411e-05,-0.00011468000000000039,-0.00022730999999999996,-0.19214262651727618,0,0,4020.856,4058.93,-38.073999999999614,0.49764387324119724,0.48578407745429153,0.2645244806036976,-195.14199999999983,-102.54600000000009,253582,1,0,0,0
2025-10-19 08:00:00+00:00,106786.0,108260.5,106103.36,107783.47,5059.55867,-1.411e-05,-0.00011468000000000039,-0.00022730999999999996,-0.19214262651727618,0,0,23601.487,22166.748,1434.7390000000014,0.5156739603351539,0.4870796555833604,0.7955655297119032,958.6800000000012,203.5024000000003,1098024,1,0,0,0
2025-10-19 12:00:00+00:00,107783.47,108621.68,107355.02,108486.7,3636.47308,1.512e-05,-3.580000000000038e-05,-0.00018988999999999996,0.4997470726278352,0,0,10450.785,9881.753,569.0319999999992,0.5139931375020669,0.4926051146290947,0.7431981449249243,1965.697000000001,361.72580000000016,620865,1,0,0,0
2025-10-19 16:00:00+00:00,108486.71,109450.07,108240.0,108908.43,2430.56297,1.512e-05,-3.580000000000038e-05,-0.00018988999999999996,0.4997470726278352,0,0,9470.515,9788.508000000002,-317.9930000000022,0.4917443112249255,0.49539036675884274,0.0007566332744550158,1685.7779999999984,241.94379999999964,571576,0,1,0,0
2025-10-19 20:00:00+00:00,108908.43,109370.99,108471.1,108642.78,2048.76152,2.787e-05,2.887999999999962e-05,-0.00013197999999999997,0.7758133935552459,0,0,5160.351,5211.792,-51.44100000000071,0.49752023280049257,0.5046451547461441,0.18920662362356602,199.59799999999632,319.25259999999963,352521,1,0,0,0
2025-10-20 00:00:00+00:00,108642.77,110427.86,107402.52,110145.44,3683.55508,2.787e-05,2.887999999999962e-05,-0.00013197999999999997,0.7758133935552459,0,0,15920.937,15011.283000000001,909.6539999999986,0.5147039882685432,0.5013725595181583,0.7041590622708371,540.2199999999957,508.79819999999927,903410,1,0,0,0
2025-10-20 04:00:00+00:00,110145.45,111445.67,109951.96,111169.92,3967.97672,-2.197e-05,2.101999999999962e-05,-0.00015109999999999996,-0.3329929762351061,0,0,13701.542,15120.374000000002,-1418.8320000000022,0.4753862303949536,0.49942169466057995,-0.5147452579798966,-560.6190000000042,-61.91600000000144,803889,0,1,0,0
2025-10-20 08:00:00+00:00,111169.91,111679.25,110608.27,111016.75,3452.86704,-2.197e-05,2.101999999999962e-05,-0.00015109999999999996,-0.3329929762351061,0,0,9624.53,9637.886,-13.355999999999767,0.49965331451672523,0.500804810814797,0.23216223825157314,-522.5340000000033,-178.39360000000124,577516,1,0,0,0
2025-10-20 12:00:00+00:00,111016.75,111705.56,110588.23,111144.55,3006.20504,-6.65e-06,-7.500000000003816e-07,-0.00015140999999999996,0.05010373818722977,0,0,10725.914,11277.673999999999,-551.7599999999984,0.4874620448265074,0.4971115742942199,-0.15784844802877776,-1983.9480000000003,-225.14700000000047,817862,0,1,0,0
2025-10-20 16:00:00+00:00,111144.55,111303.05,109855.83,110803.22,3716.65669,-1.8e-07,-2.880000000000038e-05,-0.00014867999999999997,0.2084178779330627,0,0,13909.908,15470.065000000002,-1560.1570000000029,0.47344863114748265,0.49672297242580477,-0.5919842261339694,-2125.273000000001,-526.890200000001,972782,1,0,0,0
2025-10-20 20:00:00+00:00,110803.22,111272.0,110418.25,110532.09,1366.18103,-1.8e-07,-2.880000000000038e-05,-0.00014867999999999997,0.2084178779330627,0,0,4607.884,4638.951999999999,-31.0679999999993,0.4983200740231578,0.4967905925040009,0.23312559662895846,-2142.9850000000006,-715.0346000000005,333116,1,0,0,0
2025-10-21 00:00:00+00:00,110532.09,110532.09,109052.09,109059.22,2405.81342,-1.8e-07,-2.880000000000038e-05,-0.00014867999999999997,0.2084178779330627,0,0,8113.763,9863.335000000003,-1749.5720000000028,0.45133886459316175,0.4903570829298016,-1.26915537153917,-3340.797000000005,-781.1826000000007,581737,1,0,0,0
2025-10-21 04:00:00+00:00,109059.23,109059.23,107473.72,108086.37,4930.3268,-5.567e-05,-6.250000000000038e-05,-0.00015615999999999997,-1.0700528612141176,0,0,17430.198,17110.808,319.3899999999994,0.504623345365216,0.48942010371611655,0.490816347956777,-1461.2500000000027,-714.6334000000008,1007491,0,1,0,0
2025-10-21 08:00:00+00:00,108086.38,108811.47,107484.22,108580.01,2989.72657,2.222e-05,-3.363000000000038e-05,-7.017999999999998e-05,1.191780649043459,0,0,11151.814,9250.358999999999,1901.4550000000017,0.5465993254738111,0.4949056051410051,1.7436868849425913,471.2729999999983,-223.99040000000076,575843,1,0,0,0
2025-10-21 12:00:00+00:00,108580.0,113557.62,107922.06,113422.61,10002.10737,2.222e-05,-3.363000000000038e-05,-7.017999999999998e-05,1.191780649043459,0,0,38855.741,38076.87499999999,778.8660000000091,0.5050620012713464,0.49565978198809046,0.3838806227005022,2999.7110000000102,243.81420000000162,2099137,1,0,0,0
2025-10-21 16:00:00+00:00,113422.6,114000.0,111324.29,111780.39,10731.47816,-2.506e-05,-5.851000000000038e-05,-5.8429999999999974e-05,-0.2184925290037831,0,0,24802.31,26936.838,-2134.5279999999984,0.47937221540640756,0.49212660470187697,-0.4326853462680546,545.7930000000124,-176.87779999999822,1447334,1,0,0,0
2025-10-21 20:00:00+00:00,111780.4,111801.41,108045.81,108297.67,6168.56427,-2.506e-05,-5.851000000000038e-05,-5.8429999999999974e-05,-0.2184925290037831,0,0,17965.813,21569.572000000004,-3603.7590000000055,0.45442362582279133,0.49003034424466074,-1.1669201116565726,-4959.420999999995,-547.7151999999987,1188122,1,0,0,0
2025-10-22 00:00:00+00:00,108297.66,108678.21,107841.2,108216.02,4851.56459,-2.506e-05,-5.851000000000038e-05,-5.8429999999999974e-05,-0.2184925290037831,0,0,11971.197,10737.776999999998,1233.420000000002,0.5271571053804545,0.4927807233310336,1.1529622214411803,-4504.867000000002,-364.90919999999824,774370,0,1,0,0
2025-10-22 04:00:00+00:00,108216.03,108638.99,107610.0,108321.63,3883.15964,-4.212e-05,-4.496000000000038e-05,-8.643999999999998e-05,-0.7245591033407627,0,0,10302.728,9470.194,832.5339999999997,0.5210523765784338,0.4961397565062263,0.9108791031194828,-1537.805000000004,-578.6933999999986,570169,1,0,0,0
2025-10-22 08:00:00+00:00,108321.64,108358.76,106708.18,107555.05,4012.65986,2.445e-05,-4.2730000000000385e-05,-7.710999999999997e-05,1.3139428675652998,0,0,13961.79,14989.522999999997,-1027.7329999999965,0.48225066683504136,0.49701996007498217,-0.3650310616826339,1038.221000000005,-940.0131999999998,809687,1,0,0,0
2025-10-22 12:00:00+00:00,107555.04,109163.88,107443.01,108416.5,7925.67327,2.445e-05,-4.2730000000000385e-05,-7.710999999999997e-05,1.3139428675652998,0,0,33058.662,28012.446000000004,5046.215999999993,0.5413142659864628,0.5013193792713126,1.5224894551091765,4851.016999999996,496.13559999999853,1740124,1,0,0,0
2025-10-22 16:00:00+00:00,108416.5,108796.42,107463.29,107870.35,4008.05438,5.702e-05,3.934999999999962e-05,-4.795999999999997e-05,2.2722020218846133,0,0,12210.377,12606.432,-396.0550000000003,0.49202042857323036,0.5053875356693196,-0.07360565936221745,3622.4279999999962,1137.6763999999996,1023355,1,0,1,0
2025-10-22 20:00:00+00:00,107870.35,108069.93,106666.69,107567.44,3929.67277,5.702e-05,3.934999999999962e-05,-4.795999999999997e-05,2.2722020218846133,0,0,11316.582,12256.275,-939.6929999999993,0.4800683260412601,0.502932033736924,-0.4969958928562114,3710.4679999999935,703.0537999999993,744839,1,0,1,0
2025-10-23 00:00:00+00:00,107567.45,108720.39,107500.0,108377.96,2373.50317,8.911e-05,0.00017057999999999963,6.312000000000003e-05,2.750194459499616,0,0,9079.872,8081.101999999999,998.7700000000004,0.5291000382612315,0.5011821050156661,1.0630279452804419,-336.97799999999916,736.3009999999995,538346,1,0,1,0
2025-10-23 04:00:00+00:00,108377.96,110298.29,108350.36,109269.9,3314.78585,8.911e-05,0.00017057999999999963,6.312000000000003e-05,2.750194459499616,0,0,13077.084,13372.911999999998,-295.8279999999977,0.49440778743407,0.5001166836319384,-0.23387641018046096,-236.75099999999657,882.6819999999992,713568,0,1,1,0
2025-10-23 08:00:00+00:00,109269.9,109903.83,109100.4,109253.89,2204.01103,8.911e-05,0.00017057999999999963,6.312000000000003e-05,2.750194459499616,0,0,6682.81,7400.464999999999,-717.6549999999988,0.47452101872611313,0.49963156396390895,-0.997681372365713,-14.7129999999961,-270.09219999999914,519507,1,0,1,0
2025-10-23 12:00:00+00:00,109253.88,110109.99,108685.72,109908.28,4284.59025,2.673e-05,0.00017285999999999964,9.650000000000003e-05,0.9921174935517723,0,0,14591.068,15703.636000000002,-1112.568000000003,0.4816375825952945,0.5023529596411592,-0.6673016770142743,-2126.0509999999995,-413.3947999999997,1088221,0,1,0,0
2025-10-23 16:00:00+00:00,109908.29,111293.61,109647.34,110200.0,3640.32069,2.673e-05,0.00017285999999999964,9.650000000000003e-05,0.9921174935517723,0,0,13253.456,13633.506,-380.0499999999993,0.4929324480765064,0.4989304939107644,-0.19592668337344496,-2210.273000000001,-301.4661999999997,900370,0,1,0,0
2025-10-23 20:00:00+00:00,110200.01,110200.01,109341.28,110078.18,1755.88195,3.933e-05,0.00015516999999999961,0.00013601000000000005,1.2547315645349952,0,0,7093.967,7670.839000000001,-576.8720000000012,0.48046462649085936,0.49487171890200693,-0.6781253541293231,-2069.4900000000034,-616.5946,445433,1,0,0,0
2025-10-24 00:00:00+00:00,110078.19,110829.67,109983.93,110441.46,1538.88446,3.391e-05,9.996999999999963e-05,0.00022559000000000004,1.0345352076515832,0,0,6422.71,6809.419000000001,-386.70900000000074,0.48538749886734023,0.49518540210523687,-0.4792432073353078,-1343.6310000000012,-634.7708000000006,448658,0,1,0,0
2025-10-24 04:00:00+00:00,110441.46,111522.3,110332.0,111054.61,2705.19443,3.391e-05,9.996999999999963e-05,0.00022559000000000004,1.0345352076515832,0,0,10122.928,9396.762999999999,726.1650000000009,0.5186008323594877,0.4929140587425393,0.9327096926179561,-237.41600000000108,-346.0068000000007,565268,1,0,0,0
2025-10-24 08:00:00+00:00,111054.61,111482.99,110600.0,111066.29,1981.64658,1.783e-05,9.106999999999963e-05,0.00022120000000000004,0.5836629050283914,0,0,7086.509,8089.592000000001,-1003.0830000000005,0.46695188704924934,0.49040720459014125,-1.2097545127087017,-663.6270000000004,-324.1098000000002,483413,0,1,0,0
2025-10-24 12:00:00+00:00,111066.29,112104.98,109700.01,110046.91,5533.12257,1.783e-05,9.106999999999963e-05,0.00022120000000000004,0.5836629050283914,0,0,21491.495,22385.699000000004,-894.2040000000052,0.489810150576174,0.49138138704363266,-0.20501366267558035,-1171.1220000000048,-426.9406000000014,1389398,1,0,0,0
2025-10-24 16:00:00+00:00,110046.92,110945.39,109797.13,110615.07,1470.06782,1.783e-05,9.106999999999963e-05,0.00022120000000000004,0.5836629050283914,0,0,5871.395,5024.358,847.0370000000003,0.5388700533134332,0.4923583885488528,1.7359577526582426,-1050.2500000000055,-142.15880000000107,502335,1,0,0,0
2025-10-24 20:00:00+00:00,110615.07,111138.62,110478.0,111004.89,1776.25327,3.224e-05,8.397999999999963e-05,0.00027850000000000005,0.9121817797510026,0,0,3802.254,4256.41,-454.15599999999995,0.4718218801528392,0.49009979782072965,-0.9386440362570313,-501.32300000000487,-155.6482000000009,256055,0,1,0,0
2025-10-25 00:00:00+00:00,111004.9,111226.67,110672.86,111029.99,829.34913,5.02e-05,0.00010026999999999963,0.00037082,1.3179170582349777,0,0,2537.666,3422.2789999999995,-884.6129999999994,0.4257868151467841,0.4852263774627968,-2.398416038496442,-491.73199999999906,-477.80380000000093,211159,0,1,0,0
2025-10-25 04:00:00+00:00,111029.99,111820.87,111029.99,111489.6,1417.09029,5.02e-05,0.00010026999999999963,0.00037082,1.3179170582349777,0,0,4853.982,4407.522000000001,446.4599999999991,0.5241029966623131,0.4894729188694987,1.0714255776642427,-892.3090000000002,-187.895200000001,278601,1,0,0,0
2025-10-25 08:00:00+00:00,111489.59,111850.13,111375.81,111563.81,1378.18654,5.02e-05,0.00010026999999999963,0.00037082,1.3179170582349777,0,0,4028.075,4302.594,-274.51900000000023,0.4835235921628863,0.4885320332781367,-0.35095859589350015,-712.6720000000005,-63.95820000000003,266477,0,1,0,0
2025-10-25 12:00:00+00:00,111563.81,111943.19,111311.19,111385.18,1254.08497,1.484e-05,9.727999999999964e-05,0.00036121000000000005,0.3723003211414043,0,0,4896.789,5453.858000000001,-557.0690000000013,0.47309013629775987,0.4877945842588267,-0.6985727921214857,-385.12800000000243,-344.77940000000035,285666,1,0,0,0
2025-10-25 16:00:00+00:00,111385.18,111731.78,111164.39,111623.45,963.51944,1.484e-05,9.727999999999964e-05,0.00036121000000000005,0.3723003211414043,0,0,3843.863,3690.122,153.74099999999999,0.510203166053556,0.4902761509774482,0.5662522223598034,-677.8470000000016,-223.20000000000036,206223,1,0,0,0
2025-10-25 20:00:00+00:00,111623.46,111683.64,111342.25,111646.27,565.73827,5.57e-05,0.00012073999999999963,0.00035989,1.4143824911308815,0,0,1950.657,1882.0760000000002,68.58099999999968,0.5089467489647727,0.48931074263797675,0.5072539136621877,-334.74700000000166,-32.561200000000554,142645,1,0,0,0
2025-10-26 00:00:00+00:00,111646.27,111899.56,111260.45,111260.46,1026.78183,5.57e-05,0.00012073999999999963,0.00035989,1.4143824911308815,0,0,3084.845,3750.0580000000004,-665.2130000000006,0.45133705628302256,0.48774925956135406,-1.5175932278354276,-442.891000000001,-254.89580000000052,245194,1,0,0,0
2025-10-26 04:00:00+00:00,111260.46,111724.96,111260.46,111723.98,665.50994,1.903e-05,8.956999999999962e-05,0.00028981000000000005,0.38577453926582733,0,0,1814.374,1695.224,119.15000000000009,0.5169748786043302,0.4904657323641697,0.7684796448569008,-477.4820000000009,-176.16200000000043,134694,1,0,0,0
2025-10-26 08:00:00+00:00,111723.98,113466.23,111708.63,113286.09,2987.57218,1.903e-05,8.956999999999962e-05,0.00028981000000000005,0.38577453926582733,0,0,13788.711,11932.082000000002,1856.6289999999972,0.5360919859663735,0.4901879256294637,1.4776170848780714,1310.5659999999966,306.5775999999993,625536,1,0,0,0
2025-10-26 12:00:00+00:00,113286.09,114000.0,113279.85,113694.97,3506.31151,5.35e-06,8.007999999999963e-05,0.00026843,-0.0126639022747697,0,0,13636.736,13294.802,341.9340000000011,0.5063482078149417,0.49364055839567406,0.4172010009928831,2317.7129999999984,344.2161999999995,690980,1,0,0,0
2025-10-26 16:00:00+00:00,113694.97,113793.93,113290.62,113585.99,1360.11589,6.904e-05,9.341999999999963e-05,0.00029814,1.6017687818402553,0,0,4094.555,4727.438,-632.8830000000003,0.4641303841433562,0.4974749152953312,-1.0507097103171543,1565.679999999998,203.9233999999995,263359,1,0,0,0
2025-10-26 20:00:00+00:00,113585.98,115466.8,112901.0,114559.4,3908.18602,6.904e-05,9.341999999999963e-05,0.00029814,1.6017687818402553,0,0,13729.268,11787.294000000002,1941.9739999999983,0.5380532063841515,0.4988699362675151,1.4385855031131491,1651.0249999999992,725.3607999999992,730386,1,0,0,0
2025-10-27 00:00:00+00:00,114559.41,115445.39,114362.26,114958.51,3281.65267,0.0001,0.00017438999999999964,0.00036423000000000006,2.1417594616876707,0,0,8464.512,9588.758,-1124.2459999999992,0.46886309239268015,0.4974038862904944,-0.9167784882644578,184.8449999999989,476.68159999999943,593615,0,1,1,0
2025-10-27 04:00:00+00:00,114958.52,116400.0,114938.01,115554.6,5478.9455,0.0001,0.00017438999999999964,0.00036423000000000006,2.1417594616876707,0,0,16047.044,14768.615,1278.429,0.5207431715154948,0.5021691898122679,0.906745231183461,2096.1569999999992,361.0416,725216,1,0,1,0
2025-10-27 08:00:00+00:00,115554.59,115607.48,114814.69,115362.02,3701.92326,0.0001,0.00017438999999999964,0.00036423000000000006,2.1417594616876707,0,0,8617.778,9162.455,-544.6769999999997,0.48468307473810945,0.4996171806807233,-0.36397516741634894,-390.4939999999988,183.71939999999987,547352,1,0,1,0
2025-10-27 12:00:00+00:00,115362.02,115437.48,114503.99,114969.68,4493.43933,0.0001,0.00026903999999999963,0.00044640000000000006,1.9221054699257667,0,0,10781.148,11791.734000000002,-1010.586000000003,0.47761504268706134,0.4964840100529521,-0.5622042825091561,-276.83400000000256,108.17879999999931,760462,1,0,0,0
2025-10-27 16:00:00+00:00,114969.68,115790.0,114790.81,114942.64,2258.20754,7.304e-05,0.0002730399999999997,0.0004872,1.2173074869748406,0,0,6835.062,7753.799000000001,-918.737000000001,0.4685123807814743,0.49820154250279725,-0.8567096075967489,-2474.0000000000036,-463.96340000000055,514937,1,0,0,0
2025-10-27 20:00:00+00:00,114942.64,114942.64,113830.01,114107.65,2236.06411,7.304e-05,0.0002730399999999997,0.0004872,1.2173074869748406,0,0,7208.491,7592.216,-383.72500000000036,0.4870369368165994,0.49520774832402426,-0.19340510846549597,-2313.0480000000043,-315.8592000000008,464514,1,0,0,0
2025-10-28 00:00:00+00:00,114107.65,114547.2,113569.91,113908.24,2184.14279,6.059e-05,0.00023362999999999965,0.00049759,0.88159324158329,0,0,8184.113,7220.277999999999,963.835000000001,0.5312844240320829,0.4947269921305952,1.4088392925425024,-338.6270000000004,-378.7780000000006,508640,0,1,0,0
2025-10-28 04:00:00+00:00,113908.25,114364.99,113483.3,114188.37,2190.6787,6.059e-05,0.00023362999999999965,0.00049759,0.88159324158329,0,0,6508.553,5439.807000000001,1068.7459999999992,0.544723543649505,0.4985645257140515,1.7341842442832733,1648.8559999999998,-56.09340000000084,410316,1,0,0,0
2025-10-28 08:00:00+00:00,114188.38,114673.68,114113.3,114357.73,1236.93368,7.806e-05,0.00021168999999999962,0.00056081,1.2314217747114138,0,0,4684.23,4892.918,-208.6880000000001,0.4891048984520235,0.5010619771449182,-0.18923424075051737,1823.893,104.28619999999974,300396,0,1,0,0
2025-10-28 12:00:00+00:00,114357.72,116086.0,114138.06,114641.38,4008.51256,7.806e-05,0.00021168999999999962,0.00056081,1.2314217747114138,0,0,20162.066,20644.554000000004,-482.48800000000483,0.49408811609488845,0.4966654681159919,-0.03168084916530228,377.56999999999425,191.53599999999898,1071041,0,1,0,0
2025-10-28 16:00:00+00:00,114641.38,115591.41,113566.44,113689.99,2719.79536,7.806e-05,0.00021168999999999962,0.00056081,1.2314217747114138,0,0,11612.74,12535.959,-923.219000000001,0.4808847052174529,0.4978676293984692,-0.4732369500363256,-1614.395000000006,83.63719999999884,798741,1,0,0,0
2025-10-28 20:00:00+00:00,113689.0,113703.32,112211.0,112898.45,3183.35948,2.992e-05,0.00016856999999999961,0.00053503,0.018269771543244457,0,0,13511.398,15692.224,-2180.826000000001,0.46266172052220095,0.4920594842991398,-1.0639441514362264,-3586.5330000000067,-545.2950000000016,864284,1,0,0,0
2025-10-29 00:00:00+00:00,112898.44,112975.75,112100.0,112523.49,2076.22141,2.992e-05,0.00016856999999999961,0.00053503,0.018269771543244457,0,0,8282.445,8144.281999999999,138.16300000000047,0.504205433011701,0.49401172012649897,0.3247228679214458,-2965.8820000000014,-731.4116000000013,543159,0,1,0,0
2025-10-29 04:00:00+00:00,112523.49,113577.9,112505.58,113577.9,2036.63326,-3.2e-07,0.00010765999999999963,0.00051568,-0.7634831125405347,0,0,8139.651,6118.714,2020.937,0.5708684691407465,0.5033370627718675,2.303146730317671,-21.726000000000568,-285.48660000000126,452638,1,0,0,0
2025-10-29 08:00:00+00:00,113577.9,113624.12,112732.91,113132.36,1970.99326,-3.2e-07,0.00010765999999999963,0.00051568,-0.7634831125405347,0,0,6227.525,6931.122000000001,-703.5970000000016,0.4732648425024244,0.5038123089439626,-0.725095552731709,1455.5029999999988,-329.7084000000006,419613,1,0,0,0
2025-10-29 12:00:00+00:00,113132.35,113643.73,111401.5,111509.74,4606.39611,3.588e-05,6.547999999999964e-05,0.0005462100000000001,0.1412448219633594,0,0,14391.176,19479.038,-5087.862000000001,0.4248917943063483,0.49759779469293736,-2.0026927625673503,-3770.5220000000027,-1162.6370000000006,982264,1,0,0,0
2025-10-29 16:00:00+00:00,111509.74,112030.23,109200.0,110640.0,7741.83881,5.003e-05,8.558999999999965e-05,0.0005272,0.48159399363770905,0,0,31342.284,35145.046,-3802.7620000000024,0.47140235590750895,0.49160958788048,-0.6124540908015946,-9594.221000000005,-1487.024200000001,1939484,1,0,0,0
2025-10-29 20:00:00+00:00,110640.0,111800.0,109733.22,110021.29,2647.63091,5.003e-05,8.558999999999965e-05,0.0005272,0.48159399363770905,0,0,10333.654,9385.928999999998,947.7250000000022,0.5240300466799932,0.48954023818352876,0.8812007142097648,-7942.899000000001,-1325.1118000000006,606560,0,1,0,0
2025-10-30 00:00:00+00:00,110021.3,111011.99,109703.43,110751.47,2342.18582,5.003e-05,8.558999999999965e-05,0.0005272,0.48159399363770905,0,0,8904.914,8148.3499999999985,756.5640000000021,0.5221823810386095,0.4928479864421874,0.7826555087305277,-2098.472999999998,-1577.9864000000002,578433,1,0,0,0
2025-10-30 04:00:00+00:00,110751.48,111592.0,107925.06,111366.72,6581.76635,1.097e-05,9.687999999999964e-05,0.00043817000000000004,-0.5545756536495523,0,0,25877.856,28023.333,-2145.476999999999,0.48009805497982616,0.4914489803306812,-0.4903399863642229,-441.18799999999464,-1866.3623999999995,1564818,0,1,0,0
2025-10-30 08:00:00+00:00,111366.72,111467.01,109692.3,109717.29,2970.54213,1.097e-05,9.687999999999964e-05,0.00043817000000000004,-0.5545756536495523,0,0,9963.759,11806.078,-1842.3189999999995,0.45768643100083845,0.4891291529090197,-1.1446428275081626,-3231.2319999999963,-1217.2537999999993,625319,1,0,0,0
2025-10-30 12:00:00+00:00,109717.19,109777.93,107328.0,107711.56,6544.11088,3.449e-05,9.548999999999963e-05,0.00037266,0.024923506255971672,0,0,25845.543,27982.98,-2137.436999999998,0.4801458698764594,0.49087756784444564,-0.4611722467023352,-6125.2329999999965,-884.1887999999984,1683774,1,0,0,0
2025-10-30 16:00:00+00:00,107711.56,108214.85,106304.34,106536.39,4367.26208,3.449e-05,9.548999999999963e-05,0.00037266,0.024923506255971672,0,0,17331.833,19570.537000000004,-2238.704000000005,0.4696672056564388,0.48742374510891934,-0.7395016444751934,-6218.460000000003,-1521.4746,1189216,1,0,0,0
2025-10-30 20:00:00+00:00,106536.39,108334.53,106316.17,108322.88,3182.96112,3.562e-05,8.107999999999962e-05,0.00033524000000000005,0.023578306507524554,0,0,12162.766,10135.695,2027.071,0.5454531593009939,0.48488221412494414,1.4987852513705242,-2349.0700000000033,-1267.3732000000005,688760,1,0,0,0
2025-10-31 00:00:00+00:00,108322.87,110042.16,108275.28,109227.86,4174.2813,2.13e-06,7.223999999999963e-05,0.00027678,-1.0323309599917747,0,0,16165.504,16168.097999999998,-2.5939999999973224,0.4999598869312488,0.4875517185678266,0.10508659844511176,-214.2270000000026,-838.7966,978591,0,1,0,0
2025-10-31 04:00:00+00:00,109227.87,110215.0,109114.88,109449.31,3598.46922,2.13e-06,7.223999999999963e-05,0.00027678,-1.0323309599917747,0,0,12166.08,11760.001999999999,406.07800000000134,0.5084860947981371,0.49591114861700547,0.37603217205589773,2430.555000000004,-389.11719999999985,644061,1,0,0,0
2025-10-31 08:00:00+00:00,109449.32,110550.0,109214.13,110415.61,2439.82294,2.13e-06,7.223999999999963e-05,0.00027678,-1.0323309599917747,0,0,10071.934,9065.757,1006.1769999999997,0.5262878369182573,0.5013996967180803,0.9432583870308804,1409.6610000000037,239.6055999999997,636595,1,0,0,0
2025-10-31 12:00:00+00:00,110415.62,111190.0,109366.91,110202.9,6113.3169,0.0001,0.00013774999999999963,0.00029872000000000004,1.722023723604046,0,0,23272.586,21227.813,2044.773000000001,0.5229747715295766,0.5012941692030386,0.8148875770097145,3457.028000000002,1096.3010000000008,1323732,0,1,0,0
2025-10-31 16:00:00+00:00,110202.9,110300.0,108635.0,109828.78,3864.41061,0.0001,0.00013774999999999963,0.00029872000000000004,1.722023723604046,0,0,12602.658,12720.82,-118.16200000000026,0.49766694764439545,0.4988426258636173,0.002589877165470942,2932.7880000000005,667.2544000000009,932112,1,0,0,0
2025-10-31 20:00:00+00:00,109828.78,109828.79,109329.15,109608.01,1327.90342,0.0001,0.00020212999999999964,0.0003688,1.6258528014191986,0,0,3828.031,3014.4930000000004,813.5379999999996,0.5594472156765544,0.50677754193329,1.8471989617250468,2740.1490000000003,830.4808000000003,275846,0,1,0,0
2025-11-01 00:00:00+00:00,109608.01,110315.54,109394.81,110226.37,1329.53082,0.0001,0.00020212999999999964,0.0003688,1.6258528014191986,0,0,4979.266,3772.84,1206.4259999999995,0.5689220400209961,0.5179011028353059,1.921382999909556,1901.8019999999988,990.5503999999999,311644,1,0,0,0
2025-11-01 04:00:00+00:00,110226.38,110564.49,109933.86,110071.4,1273.91172,0.0001,0.00030000000000000003,0.00046912,1.6031694553239861,0,0,3576.409,3754.1150000000002,-177.70600000000013,0.4878790383879788,0.5186744196864577,-0.3625224099900058,1842.257999999999,753.7737999999999,300213,1,0,0,0
2025-11-01 08:00:00+00:00,110071.4,110270.9,109854.72,110137.59,1127.98746,0.0001,0.00030000000000000003,0.00053324,1.4788386954894503,0,0,2452.366,2720.4710000000005,-268.1050000000005,0.4740853036737867,0.5191162294881926,-0.7427954093920487,760.6149999999989,291.19819999999964,203222,0,1,0,0
2025-11-01 12:00:00+00:00,110137.59,110348.0,109702.66,110310.65,1527.00509,0.0001,0.00030000000000000003,0.00053324,1.4788386954894503,0,0,4960.574,4794.916,165.65799999999945,0.5084905012459651,0.5154199636826896,0.2085029998493249,-280.15300000000116,347.9621999999996,298753,1,0,0,0
2025-11-01 16:00:00+00:00,110310.65,110529.99,110192.0,110299.99,1247.33562,9.782e-05,0.00029781999999999964,0.0005810300000000001,1.3295410302474915,0,0,3198.852,3245.9170000000004,-47.06500000000051,0.4963485890650231,0.515058833896067,-0.1685305342238408,-149.51200000000154,175.84159999999957,210930,1,0,0,0
2025-11-01 20:00:00+00:00,110300.0,110516.17,109858.44,110098.1,872.7336,9.782e-05,0.00029781999999999964,0.0005810300000000001,1.3295410302474915,0,0,1965.752,2192.743,-226.99099999999999,0.4727075540550127,0.5114809798217547,-0.834818475754631,-108.39800000000105,-110.84180000000033,168106,1,0,0,0
2025-11-02 00:00:00+00:00,110098.1,110263.91,109879.39,110053.23,856.27323,9.782e-05,0.00029781999999999964,0.0005810300000000001,1.3295410302474915,0,0,2400.622,2132.668,267.9539999999997,0.5295540325017812,0.511807599380107,0.8069286009176135,-6.102000000000771,-21.70980000000036,176576,0,1,0,0
2025-11-02 04:00:00+00:00,110053.22,111045.09,110030.06,110895.53,4429.20302,8.2e-05,0.00027981999999999963,0.0006520600000000001,0.8830320377637917,0,0,6437.383,5717.509,719.8739999999998,0.5296125214440408,0.5124713743715534,0.8362723337938966,760.8369999999995,175.88599999999968,377442,1,0,0,0
2025-11-02 08:00:00+00:00,110895.53,111229.78,110346.15,111196.99,2428.29839,8.15e-05,0.0002613199999999997,0.0006990700000000001,0.8131765472467474,0,0,5936.165,6485.773,-549.6080000000002,0.47787752603498745,0.5104924322106126,-0.6663841295145219,438.21999999999935,32.83279999999977,387382,0,1,0,0
2025-11-02 12:00:00+00:00,111196.99,111250.01,110096.32,110117.48,1689.37947,8.15e-05,0.0002613199999999997,0.0006990700000000001,0.8131765472467474,0,0,6396.859,7575.912,-1179.0529999999999,0.45780890562079635,0.5003286012050367,-1.1862533900290761,-1008.7870000000003,-193.5648000000001,480935,1,0,0,0
2025-11-02 16:00:00+00:00,110117.49,110331.0,109735.59,110180.84,1185.47603,8.15e-05,0.0002613199999999997,0.0006990700000000001,0.8131765472467474,0,0,3763.843,5352.142000000001,-1588.299000000001,0.4128838518273121,0.48472478238566835,-2.194671415591435,-3316.960000000001,-465.82640000000026,319927,0,1,0,0
2025-11-02 20:00:00+00:00,110180.85,110742.26,109471.34,110540.68,1518.37073,5.635e-05,0.00021984999999999965,0.0007198,0.0627311765635578,0,0,4392.719,4517.578,-124.85900000000038,0.49299355565813346,0.4852362341126839,-0.13904328614314757,-2892.211000000001,-544.3890000000004,327985,0,1,0,0
2025-11-03 00:00:00+00:00,110540.69,110750.0,107907.44,107937.45,3966.5295,6.098e-05,0.00019882999999999964,0.0007786500000000001,0.1728672524644402,0,0,12142.663,14916.972999999998,-2774.3099999999977,0.44873711531078986,0.48270141527638416,-1.2245208843953959,-4487.467999999999,-1243.2257999999997,937618,1,0,0,0
2025-11-03 04:00:00+00:00,107937.45,108075.0,107006.05,107468.23,3863.52296,6.098e-05,0.00019882999999999964,0.0007786500000000001,0.1728672524644402,0,0,12832.087,12006.577000000001,825.5099999999984,0.5166174396497332,0.48351410911676107,0.6023415153673768,-2073.6589999999997,-968.2022000000001,852831,0,1,0,0
2025-11-03 08:00:00+00:00,107468.23,107920.92,106726.63,107787.42,3470.56341,6.098e-05,0.00019882999999999964,0.0007786500000000001,0.1728672524644402,0,0,9678.39,10428.331000000002,-749.9410000000025,0.48135098706546925,0.4820143489168056,-0.3714275222649668,-2698.741000000002,-882.3798000000006,711489,0,1,0,0
2025-11-03 12:00:00+00:00,107787.42,108333.0,105511.0,105745.71,6164.15776,6.853e-05,0.00018585999999999966,0.00074718,0.35232097376283855,0,0,23936.087,24451.948000000004,-515.8610000000044,0.49466953969095867,0.48421054748040027,-0.07460437562873737,-440.29200000000856,-667.8922000000014,1348002,1,0,0,0
2025-11-03 16:00:00+00:00,105745.71,107783.2,105306.56,107090.0,7788.41484,5.329e-05,0.00018279999999999967,0.00070047,-0.12769612191915342,0,0,18679.126,19441.134000000002,-762.0080000000016,0.4900052098280547,0.4802556652130276,-0.23253564988016062,-2027.8100000000086,-795.3220000000016,1255647,0,1,0,0
2025-11-03 20:00:00+00:00,107090.0,107169.68,105755.59,106583.04,3427.99932,5.329e-05,0.00018279999999999967,0.00070047,-0.12769612191915342,0,0,7892.178,7852.553,39.625,0.5012583574784478,0.4774202488164683,0.12619304232695983,-1238.244000000006,-232.53500000000204,706358,0,1,0,0
2025-11-04 00:00:00+00:00,106583.05,107298.74,105852.37,107158.79,4088.97853,5.329e-05,0.00018279999999999967,0.00070047,-0.12769612191915342,0,0,11565.412,10106.726999999999,1458.6850000000013,0.5336534617095249,0.482997842383922,1.0771149687420534,736.3019999999997,-105.90000000000146,807482,1,0,0,0
2025-11-04 04:00:00+00:00,107158.79,107299.0,104200.0,104490.72,8029.86674,0.0001,0.00022181999999999963,0.00070047,1.2067727195989246,0,0,18896.058,22406.838,-3510.779999999999,0.4574995903434955,0.4829669108561919,-1.1437467640935322,-2012.4699999999975,-658.0678000000007,1292589,1,0,0,0
2025-11-04 08:00:00+00:00,104490.73,104699.07,103605.0,104584.76,5321.10046,0.0001,0.00022181999999999963,0.00070047,1.2067727195989246,0,0,14570.407,16323.385000000002,-1752.9780000000028,0.4716289602778448,0.4888414217012452,-0.755005824678101,-3805.0730000000003,-905.4912000000004,1031916,0,1,0,0
2025-11-04 12:00:00+00:00,104584.75,104842.63,102915.05,103197.01,7422.89891,5.808e-05,0.00021136999999999965,0.00065855,-0.07692693617277718,0,0,22027.612,23859.299999999996,-1831.6879999999946,0.4800412806161374,0.4875461941970456,-0.5060644696337749,-7095.445999999996,-1119.427199999999,1462884,1,0,0,0
2025-11-04 16:00:00+00:00,103197.02,103500.05,100010.73,100542.64,13452.93585,6.339e-05,0.00022146999999999965,0.00062412,0.07720363360434854,0,0,38474.458,43427.104999999996,-4952.646999999997,0.46976463684826136,0.4896489463507928,-0.8101615439390317,-8537.312999999995,-2117.8815999999983,2324600,1,0,0,0
2025-11-04 20:00:00+00:00,100542.64,101893.09,98944.36,101497.22,12219.09327,6.339e-05,0.00022146999999999965,0.00062412,0.07720363360434854,0,0,30211.351,29873.507,337.8439999999973,0.5028113905170584,0.48826834143752523,0.21720844660513539,-6446.4909999999945,-2342.0497999999993,1646175,1,0,0,0
2025-11-05 00:00:00+00:00,101497.23,102272.23,98966.8,102130.0,11012.84461,7.132e-05,0.00019278999999999965,0.00061344,0.2736358634556558,0,0,28279.733,27237.411,1042.3220000000001,0.5093873885155188,0.4910719815825303,0.40829165356208597,-3572.4809999999998,-1431.4293999999995,1812887,1,0,0,0
2025-11-05 04:00:00+00:00,102130.0,102370.0,101500.0,101993.02,4661.84078,7.132e-05,0.00019278999999999965,0.00061344,0.2736358634556558,0,0,9623.065,11365.283000000001,-1742.2180000000008,0.4584955900292867,0.4874545866163631,-1.0782167195880132,-362.0520000000033,-1429.277399999999,805479,1,0,0,0
2025-11-05 08:00:00+00:00,101993.03,102203.48,101176.47,102070.61,3577.50149,2.831e-05,0.00016301999999999964,0.0005602500000000001,-1.1422497425202807,0,0,10917.56,9817.956,1099.6039999999994,0.526514990029667,0.4911055646365242,0.964996133652179,399.7079999999987,-843.0190000000002,794249,1,0,0,0
2025-11-05 12:00:00+00:00,102070.62,103798.37,101916.77,103728.3,6345.91865,2.831e-05,0.00016301999999999964,0.0005602500000000001,-1.1422497425202807,0,0,19055.85,16262.747000000003,2793.1029999999955,0.539541533883693,0.4949338822770487,1.3151289298878843,2150.488999999994,706.1309999999983,1316018,1,0,0,0
2025-11-05 16:00:00+00:00,103728.3,104529.41,103057.56,104008.09,5492.77185,2.831e-05,0.00016301999999999964,0.0005602500000000001,-1.1422497425202807,0,0,10887.374,11381.314999999999,-493.9409999999989,0.4889095177538292,0.4904594878814792,-0.16920256372206535,3398.765999999996,539.7739999999991,859087,0,1,0,0
2025-11-05 20:00:00+00:00,104008.09,104534.74,103305.05,103885.16,2687.89833,2.816e-05,0.00012778999999999964,0.00053206,-1.0802028476746215,0,0,6505.69,6436.11,69.57999999999993,0.502688188660001,0.4949783477131297,0.31328142862062164,2368.7419999999966,345.225599999999,498302,0,1,0,0
2025-11-06 00:00:00+00:00,103885.16,103933.33,102716.26,103636.03,3781.79437,2.816e-05,0.00012778999999999964,0.00053206,-1.0802028476746215,0,0,8230.51,9540.358999999999,-1309.8489999999983,0.46314617478751324,0.4941300691640966,-0.9098100503141979,-1734.2099999999973,431.6993999999995,669857,1,0,0,0
2025-11-06 04:00:00+00:00,103636.92,104200.0,102910.66,103185.48,2970.86552,3.985e-05,9.631999999999965e-05,0.00051093,-0.6555848174719046,0,0,7230.185,6483.185999999999,746.9990000000016,0.5272361551364724,0.4988495566161301,1.2439565377285755,-493.2699999999968,361.17839999999995,604990,0,1,0,0
2025-11-06 08:00:00+00:00,103184.75,103440.0,102651.63,103227.58,2657.25315,7.916e-05,0.00014716999999999964,0.00052156,0.6612268015333107,0,0,5698.991,7025.794,-1326.8029999999999,0.4478654059773898,0.496659633529043,-1.3762298819616623,-1889.6529999999966,-462.80279999999914,548865,0,1,0,0
2025-11-06 12:00:00+00:00,103227.59,103626.46,101630.0,102014.48,6680.54627,7.916e-05,0.00014716999999999964,0.00052156,0.6612268015333107,0,0,20571.881,20440.032999999996,131.8480000000054,0.5016074353418376,0.49653923801152083,0.4021459708723943,-447.95599999999286,-337.6449999999983,1410765,0,1,0,0
2025-11-06 16:00:00+00:00,102014.49,102393.51,100300.95,101388.81,6059.2639,7.916e-05,0.00014716999999999964,0.00052156,0.6612268015333107,0,0,23502.187,21306.766999999996,2195.4200000000055,0.5244975591262407,0.49805025507259304,1.1039512690608528,1000.4650000000111,87.52300000000287,1486354,0,1,0,0
2025-11-06 20:00:00+00:00,101388.82,101643.28,100541.17,101346.04,3664.89818,4.494e-05,0.00016394999999999962,0.0005132100000000001,-0.4472746100184129,0,0,7758.833,7241.095,517.7379999999994,0.5172580161718109,0.5039264976868455,0.8166020162108351,2845.0060000000103,453.0404000000024,600095,0,1,0,0
2025-11-07 00:00:00+00:00,101346.04,102500.0,100749.94,101916.29,3965.61372,4.494e-05,0.00016394999999999962,0.0005132100000000001,-0.4472746100184129,0,0,9848.871,10368.66,-519.7890000000007,0.48714509204907364,0.4999895078887861,-0.10916009258424797,2193.3690000000042,199.68280000000195,868760,0,1,0,0
2025-11-07 04:00:00+00:00,101916.3,102527.0,101582.92,102010.0,3062.61099,4.705e-05,0.00017114999999999963,0.00046026,-0.3611532532398335,0,0,6480.578,6799.604,-319.02599999999984,0.48798864352913235,0.4948342188533301,-0.036583400699076195,-321.07700000000114,401.23820000000194,482020,0,1,0,0
2025-11-07 08:00:00+00:00,102009.99,102050.0,99803.58,100411.89,6600.41114,4.705e-05,0.00017114999999999963,0.00046026,-0.3611532532398335,0,0,13697.552,17142.12,-3444.5679999999993,0.444153621348502,0.4903586292127973,-1.4388527830890474,-4283.383,-314.044999999999,794863,1,0,0,0
2025-11-07 12:00:00+00:00,100411.89,101253.99,99260.86,100797.95,8633.01674,4.227e-05,0.00013425999999999965,0.00044445000000000004,-0.48223684427463,0,0,24281.842,23326.685,955.1569999999992,0.5100313647595104,0.4910929468227483,0.675251666852143,-2808.437,-562.0976000000003,1618895,1,0,0,0
2025-11-07 16:00:00+00:00,100797.95,103395.25,100517.06,103395.25,6836.56812,4.227e-05,0.00013425999999999965,0.00044445000000000004,-0.48223684427463,0,0,17631.745,16777.464000000004,854.2809999999954,0.5124135518488669,0.4960196845288837,0.7279295161169123,-1635.1300000000047,-494.789000000001,1302105,1,0,0,0
2025-11-07 20:00:00+00:00,103395.92,104096.36,102958.0,103339.08,2961.28871,8.631e-05,0.00017562999999999964,0.00046737000000000005,0.9234804450721383,0,0,8720.708,8891.628999999999,-170.92099999999846,0.49514769107586354,0.49281083812282284,0.07792737807474771,1638.5169999999962,-425.01540000000057,536412,1,0,0,0
2025-11-08 00:00:00+00:00,103339.09,103406.22,102539.49,102592.76,2401.80651,8.631e-05,0.00017562999999999964,0.00046737000000000005,0.9234804450721383,0,0,7198.744,8494.917000000001,-1296.1730000000016,0.4587039314790857,0.49389469067299235,-1.3262199287305834,-612.8130000000046,-620.4448000000009,571384,1,0,0,0
2025-11-08 04:00:00+00:00,102592.76,102836.0,101902.64,102352.96,2041.96251,7.776e-05,0.00020633999999999965,0.00047381,0.5904321648657416,0,0,6682.083,8186.032,-1503.9490000000005,0.449423682827312,0.4886763154215398,-1.5475496773804172,-2971.0430000000006,-232.3210000000012,520588,1,0,0,0
2025-11-08 08:00:00+00:00,102352.96,102687.72,101715.76,101857.1,1838.21057,7.776e-05,0.00020633999999999965,0.00047381,0.5904321648657416,0,0,5680.089,6039.120000000001,-359.03100000000086,0.48468194397761827,0.4846947539066776,-0.24467575109003117,-3159.153000000003,-495.15860000000123,410895,1,0,0,0
2025-11-08 12:00:00+00:00,101857.1,102186.99,101454.0,101711.45,3063.13156,3.047e-05,0.00019453999999999967,0.00047597000000000004,-1.0827079080058737,0,0,6512.248,7895.653,-1383.4050000000007,0.4519914455270063,0.4781680968421971,-1.3588413502425152,-3246.385000000002,-942.6958000000004,528921,1,0,0,0
2025-11-08 16:00:00+00:00,101711.46,102219.39,101522.08,101989.65,2120.40711,3.047e-05,0.00019453999999999967,0.00047597000000000004,-1.0827079080058737,0,0,4412.48,4439.763000000001,-27.283000000001266,0.49845897813695345,0.47929948545098505,0.29842119789457433,-1769.7190000000028,-913.9682000000009,328218,0,1,0,0
2025-11-08 20:00:00+00:00,101989.65,102482.2,101957.94,102312.94,925.26159,3.74e-05,0.00014562999999999967,0.00048521,-0.8146534815201191,0,0,2541.254,2609.566,-68.3119999999999,0.4933688228282099,0.4798375033808928,0.12575738197501393,-1479.0000000000018,-668.3960000000006,199202,0,1,0,0
2025-11-09 00:00:00+00:00,102312.95,102337.89,101400.0,101662.05,2156.33613,3.74e-05,0.00014562999999999967,0.00048521,-0.8146534815201191,0,0,4041.941,4571.628,-529.6869999999999,0.46925275690018853,0.48234741693606153,-0.6890235819205367,-625.2820000000011,-473.54360000000054,392355,1,0,0,0
2025-11-09 04:00:00+00:00,101662.05,102130.61,101635.96,101944.59,1101.66332,-1.64e-05,5.146999999999966e-05,0.00042896000000000004,-2.4951389386658187,0,0,3472.552,3283.8209999999995,188.73100000000068,0.5139668872633291,0.4827409691864434,0.9162029020381982,-409.2679999999991,-363.9912000000002,296812,1,0,0,1
2025-11-09 08:00:00+00:00,101944.6,102307.68,101500.0,102239.41,1825.56978,4.187e-05,6.286999999999966e-05,0.00039167000000000005,-0.5960249964962858,0,0,5164.165,4342.1140000000005,822.0509999999995,0.5432372645490418,0.4858233404564608,1.8241381770145444,481.09500000000025,77.09999999999982,363772,1,0,0,0
2025-11-09 12:00:00+00:00,102239.41,104168.0,102050.64,103762.17,4687.64884,4.187e-05,6.286999999999966e-05,0.00039167000000000005,-0.5960249964962858,0,0,16032.754,13889.440999999999,2143.313000000002,0.5358147689365703,0.4898900482425315,1.4419519949189208,3154.095000000002,511.21920000000046,925458,1,0,0,0
2025-11-09 16:00:00+00:00,103762.18,104805.57,103316.23,104805.57,2824.51417,4.187e-05,6.286999999999966e-05,0.00039167000000000005,-0.5960249964962858,0,0,10639.366,9050.729000000001,1588.6369999999988,0.5403410191774087,0.4980537570123638,1.4747505298492194,4554.001,842.6090000000002,635575,1,0,0,0
2025-11-09 20:00:00+00:00,104805.57,105495.62,104058.59,104722.96,3743.23872,8.948e-05,0.00011494999999999965,0.00043621,0.912094637107843,0,0,8762.566,9116.592999999999,-354.0269999999982,0.49009945042717057,0.5021213337723498,-0.18980711426806066,3377.9230000000025,877.7410000000006,618009,1,0,0,0
2025-11-10 00:00:00+00:00,104722.95,106670.11,104265.02,106027.97,6501.34292,8.87e-05,0.00022004999999999963,0.00047786000000000004,0.8412617867813894,0,0,16503.906,16429.216000000004,74.68999999999505,0.5011339647665349,0.5037665358512413,0.18873429578648387,1309.2999999999956,854.9327999999994,1047249,1,0,0,0
2025-11-10 04:00:00+00:00,106027.97,106539.4,105846.26,106461.45,2684.13909,8.87e-05,0.00022004999999999963,0.00047786000000000004,0.8412617867813894,0,0,5890.035,6638.798000000001,-748.7630000000008,0.47011840607980004,0.5055792319065208,-0.8764449187644077,-1028.100000000004,540.7699999999993,482027,0,1,0,0
2025-11-10 08:00:00+00:00,106461.46,106599.47,105836.0,106176.5,2356.44228,7.355e-05,0.00025172999999999965,0.00050914,0.35175045308817576,0,0,6450.475,7122.290999999999,-671.8159999999989,0.47525132312750407,0.5032584664055758,-0.6516172547135684,-1345.8890000000047,-22.255800000000818,456807,1,0,0,0
2025-11-10 12:00:00+00:00,106176.5,106589.89,104667.0,105079.99,5720.78074,7.355e-05,0.00025172999999999965,0.00050914,0.35175045308817576,0,0,15583.849,17494.295,-1910.445999999998,0.47112223104174167,0.501033807226929,-0.7411547178861841,-3331.024999999998,-722.0724000000002,1051431,1,0,0,0
2025-11-10 16:00:00+00:00,105079.99,106094.31,104784.36,105817.99,2756.40939,7.355e-05,0.00025172999999999965,0.00050914,0.35175045308817576,0,0,8085.74,8240.679,-154.9390000000003,0.495254960686725,0.5036340276055826,0.11205047170781297,-2737.2009999999973,-682.2548000000006,698782,0,1,0,0
2025-11-10 20:00:00+00:00,105818.0,106299.22,105280.0,106011.13,2663.14231,4.979e-05,0.00021203999999999966,0.00047262000000000004,-0.4522577343250403,0,0,6030.19,5934.064000000001,96.12599999999838,0.5040172166187712,0.5026390605411268,0.42271444747906783,-1969.259,-677.9676,476356,1,0,0,0
2025-11-11 00:00:00+00:00,106011.13,107500.0,105500.0,106456.0,4935.02762,4.979e-05,0.00021203999999999966,0.00047262000000000004,-0.4522577343250403,0,0,15708.301,14403.503,1304.7979999999989,0.5216658888985861,0.5004819229760813,0.9840801140218323,1245.984999999997,-267.2554,1084281,1,0,0,0
2025-11-11 04:00:00+00:00,106456.0,106546.0,104741.2,104783.98,3316.23424,2.818e-05,0.00015151999999999966,0.00042304,-1.173066927642102,0,0,9727.139,11271.525000000001,-1544.3860000000022,0.4632265652710096,0.4932231026095252,-1.0329804900197208,-143.462000000005,-441.7694000000007,737116,1,0,0,0
2025-11-11 08:00:00+00:00,104783.99,105497.99,104762.23,105311.9,1804.62899,-2.775e-05,5.021999999999965e-05,0.00036482,-2.7578409876443324,0,0,5629.962,5925.631,-295.66899999999987,0.48720667126299794,0.4879096678180841,-0.22872926579588795,-535.2570000000032,-118.81400000000103,492742,0,1,0,1
2025-11-11 12:00:00+00:00,105311.9,105500.0,103170.33,103455.99,8851.069,-2.775e-05,5.021999999999965e-05,0.00036482,-2.7578409876443324,0,0,16026.918,18976.311,-2949.393000000002,0.4578697011067179,0.48468669288603883,-1.2440544565588827,-4789.448000000004,-677.7048000000013,1133143,1,0,0,1
2025-11-11 16:00:00+00:00,103455.99,103730.0,102840.22,103126.39,2547.95909,-2.775e-05,5.021999999999965e-05,0.00036482,-2.7578409876443324,0,0,9373.622,9864.502,-490.880000000001,0.48724199927186246,0.4832974963365716,-0.12573579253785053,-3735.9420000000027,-795.1060000000012,778211,1,0,0,1
2025-11-11 20:00:00+00:00,103126.39,103224.29,102476.09,103058.99,2741.58824,5.823e-05,5.865999999999965e-05,0.00038565,0.14227560895013572,0,0,7982.019,7714.341,267.6779999999999,0.5085267539735328,0.48713833112594485,0.6921045771844953,-3172.595000000003,-1002.530000000001,534722,0,1,0,0
2025-11-12 00:00:00+00:00,103059.0,103440.96,102687.72,103310.0,2672.05561,2.462e-05,5.509999999999965e-05,0.00042667000000000003,-0.9480380553397711,0,0,6718.766,6404.1720000000005,314.59399999999914,0.5119864164564368,0.49081184045883813,0.7834864585018354,91.391999999998,-630.7340000000007,564670,1,0,0,0
2025-11-12 04:00:00+00:00,103310.0,103654.38,103011.0,103112.66,2165.62446,2.462e-05,5.509999999999965e-05,0.00042667000000000003,-0.9480380553397711,0,0,4007.616,4816.933999999999,-809.3179999999993,0.4541439506830377,0.4891140124229677,-1.3051190943440671,-227.04600000000028,-733.4638000000007,344689,1,0,0,0
2025-11-12 08:00:00+00:00,103112.65,105200.0,103112.24,105020.83,3543.70691,2.462e-05,5.509999999999965e-05,0.00042667000000000003,-0.9480380553397711,0,0,14726.234,12676.260999999999,2049.973000000002,0.5374048603968362,0.4933290023939788,1.6180578183761711,1555.2490000000016,266.4094000000001,819621,1,0,0,0
2025-11-12 12:00:00+00:00,105020.82,105333.33,101961.97,102173.51,5192.00313,6.87e-06,8.971999999999965e-05,0.00039167000000000005,-1.4436743983768392,0,0,19052.613,22887.603,-3834.989999999998,0.45428027838483237,0.48835530857058496,-1.316693140714612,-2594.3349999999955,-402.4125999999993,1284552,1,0,0,0
2025-11-12 16:00:00+00:00,102173.51,102285.18,100813.59,101297.31,4869.26591,5.786e-05,8.934999999999965e-05,0.00036005000000000005,0.2735544107305966,0,0,18776.429,19048.606000000003,-272.1770000000033,0.49640215798875,0.4858289354796013,0.204640040756838,-2057.1939999999995,-510.38359999999994,1246864,1,0,0,0
2025-11-12 20:00:00+00:00,101297.31,101999.35,101141.03,101654.37,2014.98304,5.786e-05,8.934999999999965e-05,0.00036005000000000005,0.2735544107305966,0,0,6257.712,5503.329999999999,754.3820000000014,0.5320712229409605,0.49271340124659646,1.3928477726272173,-3352.785,-422.4259999999995,443104,1,0,0,0
2025-11-13 00:00:00+00:00,101654.37,102604.0,100922.55,102130.21,3586.47221,5.786e-05,8.934999999999965e-05,0.00036005000000000005,0.2735544107305966,0,0,11298.345,11341.227,-42.882000000001426,0.49905294146020074,0.49389802826631674,0.2048994365870933,439.3229999999967,-269.1387999999999,859127,0,1,0,0
2025-11-13 04:00:00+00:00,102130.21,104085.01,101665.59,103475.66,4325.82278,1.077e-05,7.549999999999964e-05,0.00028212000000000007,-1.2258994787712179,0,0,18192.614,16132.739999999998,2059.8740000000034,0.5300051384757751,0.5011115720032224,1.2308142552085832,2771.3740000000034,-267.1585999999996,1048426,1,0,0,0
2025-11-13 08:00:00+00:00,103475.66,103811.49,102553.63,102936.5,3138.63943,9.352e-05,0.00016214999999999966,0.00030209000000000003,1.4239768483564341,0,0,8617.012,9949.635,-1332.6229999999996,0.46411244852126504,0.49879861692816274,-1.1059171778898387,684.3690000000024,233.3148000000001,639137,1,0,0,0
2025-11-13 12:00:00+00:00,102936.49,103483.83,101184.14,101382.64,6264.43277,9.352e-05,0.00016214999999999966,0.00030209000000000003,1.4239768483564341,0,0,22402.171,22676.728,-274.5570000000007,0.49695470601444813,0.4976414121322543,0.006241588818203764,452.69400000000314,232.83880000000062,1518004,1,0,0,0
2025-11-13 16:00:00+00:00,101382.63,101540.93,98147.4,98682.14,12921.08077,9.352e-05,0.00016214999999999966,0.00030209000000000003,1.4239768483564341,0,0,36419.01,38599.426,-2180.4159999999974,0.4854674656240501,0.4949895170490156,-0.40237860455195534,-3787.5959999999977,-354.1207999999991,2034828,1,0,0,0
2025-11-13 20:00:00+00:00,98682.13,100501.31,98000.4,99692.02,5962.05975,7.448e-05,0.00017876999999999965,0.00032678000000000004,0.7852759351967373,0,0,20866.794,19551.097,1315.6970000000001,0.5162761708670054,0.5012027390674124,0.7020955408005564,-1139.275999999998,-82.40499999999884,1182962,1,0,0,0
2025-11-14 00:00:00+00:00,99692.03,99866.02,98700.0,99139.38,5839.81569,8.569e-05,0.00025368999999999967,0.00038429,1.1797711474128911,0,0,12653.131,16062.649,-3409.518,0.44063337300954386,0.49152559032868315,-1.9309784109102952,-4274.236999999997,-1176.2833999999996,1108256,1,0,0,0
2025-11-14 04:00:00+00:00,99139.38,99178.58,95933.75,97151.98,11116.73192,8.569e-05,0.00025368999999999967,0.00038429,1.1797711474128911,0,0,32486.769,38827.039000000004,-6340.270000000004,0.455546687396079,0.4916522312298078,-1.3117450299659148,-8434.091000000004,-2177.8128000000006,2109158,1,0,0,0
2025-11-14 08:00:00+00:00,97151.97,97553.7,95711.0,96167.44,5255.60132,9.126e-05,0.00025142999999999964,0.0005033,1.2860921055761516,0,0,14741.353,16369.481,-1628.1280000000006,0.47383342407342727,0.4893953578382756,-0.6408572980806633,-11377.916000000005,-2448.5270000000005,1008730,1,0,0,0
2025-11-14 12:00:00+00:00,96167.45,97322.35,94560.48,96796.14,14312.72078,9.126e-05,0.00025142999999999964,0.0005033,1.2860921055761516,0,0,40438.488,42162.053,-1723.5650000000023,0.48956686615406064,0.4851449221595855,-0.029450249515690648,-9691.963000000007,-2357.1568000000016,2428850,0,1,0,0
2025-11-14 16:00:00+00:00,96796.14,97411.11,94800.55,95778.29,5605.64502,9.126e-05,0.00025142999999999964,0.0005033,1.2860921055761516,0,0,20170.891,22145.719,-1974.8280000000013,0.47666604201045404,0.48290623221461093,-0.4567676440810619,-5326.521000000004,-3015.2618000000016,1413942,1,0,0,0
2025-11-14 20:00:00+00:00,95778.3,95940.0,94012.45,94594.0,5157.63008,9.078e-05,0.00026772999999999966,0.00053585,1.2130575022876482,0,0,15264.391,15750.819,-486.4279999999999,0.4921582346210134,0.4791215418291347,0.15198370708317616,-4184.821000000004,-2430.6438000000016,1062820,1,0,0,0
2025-11-15 00:00:00+00:00,94594.0,96846.68,94558.49,96417.12,4376.79077,9.078e-05,0.00026772999999999966,0.00053585,1.2130575022876482,0,0,16511.255,10895.208999999999,5616.046000000002,0.6024584200282095,0.4929561389798291,3.380008382120692,3154.790000000001,-39.38060000000041,988257,1,0,0,0
2025-11-15 04:00:00+00:00,96417.12,96570.65,95921.21,96333.86,2543.94362,8.507e-05,0.00026710999999999966,0.0005963000000000001,1.0122596233524546,0,0,6963.571,6920.855,42.71600000000035,0.5015382702893155,0.4934144954073158,0.2704658154868548,5172.334000000003,294.7881999999998,474795,0,1,0,0
2025-11-15 08:00:00+00:00,96333.87,96350.52,95630.0,95696.87,2336.22638,0.0001,0.00027584999999999963,0.00068943,1.3572029899849067,0,0,6154.915,6701.315,-546.3999999999996,0.4787496023328768,0.4927427090781986,-0.43375393253223216,5112.362000000003,530.2212000000003,515752,1,0,0,0
2025-11-15 12:00:00+00:00,95696.86,96471.22,95565.17,96260.0,1987.28578,0.0001,0.00027584999999999963,0.00068943,1.3572029899849067,0,0,6501.441,6702.579000000001,-201.13800000000083,0.4923834559475069,0.4903534375862487,-0.03638737763756524,-704.8220000000001,884.9592000000005,514123,0,1,0,0
2025-11-15 16:00:00+00:00,96259.99,96419.65,95731.32,96012.01,1880.65231,0.0001,0.00027584999999999963,0.00068943,1.3572029899849067,0,0,5571.201,6389.69,-818.4889999999996,0.46578478141803986,0.4928685784270983,-0.8208361280960467,-1566.027,818.5470000000005,422507,1,0,0,0
2025-11-15 20:00:00+00:00,96012.01,96012.01,95119.94,95596.24,1985.99505,5.923e-05,0.00024429999999999965,0.0006908000000000001,0.12507353961431195,0,0,5500.864,5407.424000000001,93.43999999999869,0.504282981894134,0.4977422078769038,0.3584452217482521,-926.1870000000017,-285.9742000000002,375857,0,1,0,0
2025-11-16 00:00:00+00:00,95596.23,95979.79,94841.62,95825.02,1896.67006,5.923e-05,0.00024429999999999965,0.0006908000000000001,0.12507353961431195,0,0,6617.022,6017.025000000001,599.9969999999994,0.5237452417265821,0.5027333896422193,0.9506647258279303,-125.0520000000015,-174.5180000000004,541006,1,0,0,0
2025-11-16 04:00:00+00:00,95825.02,96192.0,95650.72,96099.99,1279.33932,7.745e-05,0.0002366799999999997,0.00075748,0.6286114838659107,0,0,4468.031,4148.348000000001,319.6829999999991,0.5185508901128885,0.505631792038102,0.7390098286034349,1013.1199999999972,-1.301400000000649,297350,1,0,0,0
2025-11-16 08:00:00+00:00,96099.98,96635.11,95500.0,95627.13,2585.38054,0.0001,0.00023667999999999967,0.00076396,1.251904592671382,0,0,8064.184,8649.251,-585.067,0.482497104874013,0.5062148983244579,-0.3633049033433321,334.61299999999846,-78.08720000000048,529498,1,0,0,0
2025-11-16 12:00:00+00:00,95627.13,95900.0,94368.24,94573.46,2546.31874,0.0001,0.00023667999999999967,0.00076396,1.251904592671382,0,0,8345.741,10524.01,-2178.2690000000002,0.44228145882794107,0.5012272207451507,-1.5470273164729302,-2443.653000000001,-350.04320000000064,642998,1,0,0,0
2025-11-16 16:00:00+00:00,94573.46,95567.79,93770.48,94020.0,9045.25375,7.06e-05,0.00024804999999999966,0.0007600800000000001,0.37132404732952085,0,0,20765.933,23558.151,-2792.2180000000008,0.4685022481231648,0.4878316035546463,-0.7345549901734284,-5555.554000000001,-927.1748000000005,1407943,1,0,0,0
2025-11-16 20:00:00+00:00,94020.49,94739.74,93005.55,94261.44,6536.44269,7.06e-05,0.00024804999999999966,0.0007600800000000001,0.37132404732952085,0,0,16889.569,17702.244000000002,-812.6750000000029,0.4882533621467021,0.48650311274038494,-0.12734763165970675,-5783.162000000004,-1209.709200000001,1184853,0,1,0,0
2025-11-17 00:00:00+00:00,94261.45,95559.99,93767.27,95496.77,4124.53725,7.06e-05,0.00024804999999999966,0.0007600800000000001,0.37132404732952085,0,0,13026.031,11633.285999999998,1392.7450000000026,0.5282397318628087,0.49145212569337804,1.0360169205477219,-2212.148000000001,-995.0968000000003,921248,1,0,0,0
2025-11-17 04:00:00+00:00,95496.77,95880.0,94849.37,95653.77,3839.84656,0.0001,0.00027059999999999964,0.00077439,1.149326316356732,0,0,7200.013,8560.608,-1360.5950000000003,0.4568356158047326,0.48789734167910065,-1.0727637140924426,-780.5250000000005,-1150.2024000000004,601951,0,1,0,0
2025-11-17 08:00:00+00:00,95653.78,96026.71,95309.68,95565.38,3415.65942,0.0001,0.00027059999999999964,0.00077439,1.149326316356732,0,0,6937.1,7994.969999999999,-1057.869999999999,0.4645772488342206,0.48777658842071875,-0.788159864365514,-1025.7199999999966,-926.1226,499172,1,0,0,0
2025-11-17 12:00:00+00:00,95565.38,96043.0,93571.3,93959.67,8085.63652,9.568e-05,0.0002662799999999997,0.00077881,0.9636615188262873,0,0,28182.436,30705.114999999998,-2522.6789999999964,0.47858054073262446,0.48520634430456777,-0.3980157922808315,-4941.143999999996,-872.2147999999992,1801471,1,0,0,0
2025-11-17 16:00:00+00:00,93959.68,94419.88,91588.0,91678.93,11700.57582,7.208e-05,0.0002677599999999997,0.00076011,0.3161177529278303,0,0,27978.756,32205.32,-4226.5639999999985,0.46488635964104524,0.47932045609601415,-0.7782913085678412,-7807.112999999994,-1554.9925999999982,1720580,1,0,0,0
2025-11-17 20:00:00+00:00,91678.93,92399.48,91220.0,92215.14,8052.34249,7.208e-05,0.0002677599999999997,0.00076011,0.3161177529278303,0,0,14703.285,16034.365000000002,-1331.0800000000017,0.47834772664793823,0.47530013974951907,-0.32330485499218026,-8080.322999999997,-2099.7575999999995,905306,0,1,0,0
2025-11-18 00:00:00+00:00,92215.14,92357.51,89700.0,90842.72,10647.23561,7.208e-05,0.0002677599999999997,0.00076011,0.3161177529278303,0,0,24727.684,29397.813000000002,-4670.129000000001,0.45685832686210714,0.4727362619483285,-0.937691389668164,-10227.773000000001,-2761.664399999999,1622831,1,0,0,0
2025-11-18 04:00:00+00:00,90842.72,90851.66,89253.78,90512.1,9028.06735,0.0001,0.0002677599999999997,0.0007750400000000001,1.0672168821939998,0,0,21058.668,23311.876999999997,-2253.2089999999953,0.4746091804822321,0.47596903411375757,-0.34384776242167403,-8254.417999999998,-3000.7321999999986,1384231,1,0,0,0
2025-11-18 08:00:00+00:00,90512.1,91617.17,90509.79,91517.82,5777.46408,0.0001,0.0002677599999999997,0.0007750400000000001,1.0672168821939998,0,0,14290.768,14062.075,228.6929999999993,0.5040329818071507,0.4795221074821562,0.5496412911874561,-6694.644999999997,-2450.457799999999,886782,1,0,0,0
2025-11-18 12:00:00+00:00,91517.83,93049.91,90905.7,92910.1,7097.51563,0.0001,0.0002720799999999997,0.0007750400000000001,0.9982334013818905,0,0,29408.369,28676.816,731.5529999999999,0.5062972425757102,0.481326495525057,0.6089020025766645,-1292.962999999996,-1458.8343999999997,1723346,1,0,0,0
2025-11-18 16:00:00+00:00,92910.1,93836.01,92579.23,93195.61,4917.36921,3.725e-05,0.00023724999999999967,0.0007530600000000001,-0.7399325961875618,0,0,16437.199,16568.156000000003,-130.95700000000215,0.49801612495911646,0.47830413483468776,0.33259740503524504,829.288999999997,-1218.8097999999998,1072779,0,1,0,0
2025-11-18 20:00:00+00:00,93195.61,93423.74,92462.72,92960.83,2367.49581,3.725e-05,0.00023724999999999967,0.0007530600000000001,-0.7399325961875618,0,0,7863.794,6887.937,975.857,0.5330760166383186,0.48592817491804635,1.3942079312172664,1576.4529999999977,-89.61259999999966,487938,0,1,0,0
2025-11-19 00:00:00+00:00,92960.83,92980.22,91660.49,91874.52,3065.15376,7.496e-05,0.00021220999999999968,0.00075057,0.24253857724153893,0,0,11279.734,13242.517,-1962.7829999999994,0.4599795508169295,0.4854684051163172,-0.9121466156678347,-1117.8830000000016,-31.52740000000049,847333,1,0,0,0
2025-11-19 04:00:00+00:00,91874.51,92028.92,90025.06,91863.64,5635.23952,7.496e-05,0.00021220999999999968,0.00075057,0.24253857724153893,0,0,22698.428,23359.929000000004,-661.5010000000038,0.4928188819240773,0.48689223923546254,0.09304153533112945,-1648.4270000000033,-209.56620000000112,1075434,1,0,0,0
2025-11-19 08:00:00+00:00,91863.64,91950.0,91072.41,91410.22,2540.86239,5.012e-05,0.00016232999999999965,0.0007006900000000001,-0.5263668391250635,0,0,9450.485,10228.756000000001,-778.2710000000006,0.48022609205304206,0.4884262124766622,-0.32279983248617805,-3402.555000000004,-511.5310000000012,587231,1,0,0,0
2025-11-19 12:00:00+00:00,91410.23,92384.61,89880.0,89951.7,6014.09197,5.012e-05,0.00016232999999999965,0.0007006900000000001,-0.5263668391250635,0,0,20049.206,22229.049,-2179.8430000000008,0.47422028179734477,0.48801346799160294,-0.4991048896440504,-3619.6150000000052,-921.308200000001,1276983,1,0,0,0
2025-11-19 16:00:00+00:00,89951.7,90232.56,88630.71,88884.56,8787.19485,5.012e-05,0.00016232999999999965,0.0007006900000000001,-0.5263668391250635,0,0,26778.314,27392.344000000005,-614.0300000000061,0.4943324483893106,0.49176088014432323,0.13285427170201597,-3572.1440000000075,-1239.2856000000022,1527787,1,0,0,0
2025-11-19 20:00:00+00:00,88884.56,91594.0,88608.0,91554.96,6244.09511,3.98e-05,0.00016487999999999965,0.00066989,-0.7897850529901299,0,0,21338.701,18390.987,2947.714,0.537097119916975,0.49800967408779756,1.4179791623196758,153.84099999999307,-257.18620000000226,1005714,1,0,0,0
2025-11-20 00:00:00+00:00,91554.96,92798.14,91185.26,92440.32,3929.05974,4.259e-05,0.00013250999999999966,0.0006124800000000001,-0.6582336383652413,0,0,12756.149,14081.366,-1325.2170000000006,0.4753103631241566,0.4951374122194981,-0.5011381990004635,1008.4669999999933,-389.92940000000164,835897,0,1,0,0
2025-11-20 04:00:00+00:00,92440.33,93160.0,91687.07,92320.18,3791.89,4.259e-05,0.00013250999999999966,0.0006124800000000001,-0.6582336383652413,0,0,14013.951,13981.915000000003,32.03599999999642,0.5005721559033036,0.49456490355225735,0.5394092498933667,1654.5329999999958,-227.8680000000022,736756,0,1,0,0
2025-11-20 08:00:00+00:00,92320.18,92400.94,91440.55,91934.0,3200.83736,0.0001,0.00018238999999999967,0.0006168,1.0526319494420424,0,0,7903.325,9198.707999999999,-1295.382999999999,0.4621278066765513,0.490976071724001,-1.0037124010716985,-2588.564000000003,-50.97600000000184,547095,1,0,0,0
2025-11-20 12:00:00+00:00,91934.01,92541.92,89835.34,89869.88,6162.85424,0.0001,0.00018238999999999967,0.0006168,1.0526319494420424,0,0,24956.057,26001.574,-1045.5169999999998,0.48974131077639776,0.48664260113780883,0.11827792645148444,-2308.8640000000023,-137.27340000000058,1664461,1,0,0,0
2025-11-20 16:00:00+00:00,89869.88,89911.73,86100.0,86921.28,17595.68288,8.999e-05,0.00023257999999999965,0.0006347100000000001,0.7078063256668036,0,0,53908.905,60155.40700000001,-6246.502000000008,0.47261850840778313,0.4879064968968942,-0.5889195963766031,-8587.402000000006,-1976.1166000000019,2899433,1,0,0,0
2025-11-20 20:00:00+00:00,86921.27,88250.0,86325.23,86637.23,5052.86651,8.999e-05,0.00023257999999999965,0.0006347100000000001,0.7078063256668036,0,0,19891.686,19663.983999999997,227.70200000000477,0.5028782472904644,0.4889124334335329,0.6486532323329866,-7064.317000000003,-1665.5328000000009,1018871,0,1,0,0
2025-11-21 00:00:00+00:00,86637.22,87498.94,85360.0,85821.34,6428.51913,8.999e-05,0.00023257999999999965,0.0006347100000000001,0.7078063256668036,0,0,19712.379,25866.959000000003,-6154.580000000002,0.4324849781714688,0.4841383220453756,-2.026414834846331,-12173.380000000005,-2902.8560000000007,1440835,1,0,0,0
2025-11-21 04:00:00+00:00,85821.35,86459.53,82000.0,84049.39,14205.49105,4.272e-05,0.00023270999999999963,0.0005774300000000001,-0.7299057732189861,0,0,33793.674,44572.100999999995,-10778.426999999996,0.4312300108050996,0.479839294946151,-1.8950483750920157,-16705.304999999993,-4799.4648,1778896,1,0,0,0
2025-11-21 08:00:00+00:00,84049.38,84709.89,81648.0,82309.66,16184.92659,4.524e-05,0.00017794999999999966,0.00052267,-0.8536698992770556,0,0,39932.056,44192.136,-4260.080000000002,0.4746798162412068,0.4778740317313407,-0.23221787637416555,-21193.087,-5442.3774,2269804,1,0,0,0
2025-11-21 12:00:00+00:00,82309.67,85496.0,80600.0,82932.47,23041.35364,4.524e-05,0.00017794999999999966,0.00052267,-0.8536698992770556,0,0,64058.245,65479.62499999999,-1421.37999999999,0.49451365071851194,0.4736156848114944,0.47192706248568145,-16459.886999999988,-4477.352999999997,3422308,0,1,0,0
2025-11-21 16:00:00+00:00,82932.46,85572.82,82333.0,84209.3,8107.54282,4.524e-05,0.00017794999999999966,0.00052267,-0.8536698992770556,0,0,40107.525,40626.799999999996,-519.2749999999942,0.4967840506500798,0.47576305356408677,0.5245039042562973,-6200.734999999986,-4626.748399999997,2199292,0,1,0,0
2025-11-21 20:00:00+00:00,84209.3,85416.66,83464.96,85129.43,4288.29356,2.642e-05,0.00011437999999999966,0.0005118400000000001,-1.4340631779125903,0,0,16311.808,15151.016,1160.7920000000013,0.5184470408632105,0.47755054206007747,1.2984656640848882,-779.862999999983,-3163.6739999999963,995190,1,0,0,0
2025-11-22 00:00:00+00:00,85129.42,85620.0,84212.39,84440.47,2923.21557,2.642e-05,0.00011437999999999966,0.0005118400000000001,-1.4340631779125903,0,0,9427.8,10470.087,-1042.2870000000003,0.4738091034490245,0.47871867173732474,-0.3560642227677747,-400.76999999999316,-1216.445999999997,721754,1,0,0,0
2025-11-22 04:00:00+00:00,84440.48,84799.54,83832.91,84580.06,2218.31844,1.373e-05,8.538999999999967e-05,0.00045061000000000005,-1.8185821964036595,0,0,8014.501,7950.790999999999,63.710000000000946,0.5019952657301853,0.47994406723270344,0.7238514165310029,182.21500000000196,-351.68799999999646,595130,1,0,0,0
2025-11-22 08:00:00+00:00,84580.06,84586.62,83500.0,84098.94,3342.45829,6.735e-05,0.00010749999999999966,0.00046784,-0.09012461314881315,0,0,10267.781,10396.263,-128.48199999999997,0.496891169995573,0.4823713333914824,0.4763136310936983,-1107.0589999999993,-93.10839999999844,616963,1,0,0,0
2025-11-22 12:00:00+00:00,84098.94,84755.83,83620.16,84284.01,2668.44444,6.735e-05,0.00010749999999999966,0.00046784,-0.09012461314881315,0,0,9301.095,9281.360999999999,19.73400000000038,0.5005309847094486,0.4821366071333809,0.5923405957538365,-45.03799999999865,14.693400000000475,628784,1,0,0,0
2025-11-22 16:00:00+00:00,84284.01,84899.0,84219.62,84609.76,1351.08151,5.057e-05,0.00013164999999999965,0.00047861000000000003,-0.6896352104354714,0,0,4563.968,4499.14,64.82799999999952,0.5035764772967507,0.4892457570459091,0.6673601544607257,-43.92000000000007,-204.49939999999987,369116,1,0,0,0
2025-11-22 20:00:00+00:00,84609.77,85260.0,84237.7,84739.74,1690.41438,5.057e-05,0.00013164999999999965,0.00047861000000000003,-0.6896352104354714,0,0,5307.263,4717.005,590.2579999999998,0.5294414514855349,0.49906690111395263,1.5841210017818292,674.8199999999997,122.00960000000013,369226,1,0,0,0
2025-11-23 00:00:00+00:00,84739.75,86349.84,84667.57,86308.54,4004.15131,3.812e-05,0.00015603999999999968,0.00047414,-1.2471034988252683,0,0,13217.33,10982.767000000002,2234.5629999999983,0.5461684719693478,0.5062157666867667,2.0196443119471708,2889.6489999999976,556.1801999999996,748527,1,0,0,0
2025-11-23 04:00:00+00:00,86308.54,86860.0,85420.0,85782.19,2913.01357,3.812e-05,0.00015603999999999968,0.00047414,-1.2471034988252683,0,0,11263.709,13338.737,-2075.0279999999984,0.45782882726376073,0.5025472843412915,-1.2254050960068363,749.7929999999997,166.87099999999992,634417,1,0,0,0
2025-11-23 08:00:00+00:00,85782.18,86465.24,85768.22,86331.28,2087.40357,3.812e-05,0.00015603999999999968,0.00047414,-1.2471034988252683,0,0,7883.525,8790.216000000002,-906.6910000000025,0.47281081072328035,0.5001499603486116,-0.6381507006176461,-747.1560000000027,-18.41400000000067,450792,0,1,0,0
2025-11-23 12:00:00+00:00,86331.28,87244.51,86271.1,87087.44,3471.36676,1.53e-06,9.021999999999967e-05,0.00037567000000000004,-2.3157127604263663,0,0,13215.434,13629.819000000001,-414.38500000000204,0.4922819688084146,0.497533453143132,0.08780206396256808,-3396.104000000003,-114.25660000000099,732116,0,1,0,1
2025-11-23 16:00:00+00:00,87087.44,87689.47,86502.47,87325.01,3711.9574,1.53e-06,9.021999999999967e-05,0.00037567000000000004,-2.3157127604263663,0,0,12602.233,11941.072,661.1610000000001,0.5134692740036437,0.501499470198594,0.8351428476379935,-659.9150000000045,-100.07600000000093,667006,1,0,0,1
2025-11-23 20:00:00+00:00,87325.01,88127.64,86701.54,86830.0,3546.57157,-8.93e-06,3.071999999999968e-05,0.00027675000000000003,-2.325423931247062,0,0,11013.017,11052.214,-39.197000000000116,0.4991117926660274,0.5012111228921782,0.37170052226176964,207.5789999999979,-554.8280000000007,633940,1,0,0,1
2025-11-24 00:00:00+00:00,86830.0,88059.44,85946.65,87460.02,4318.16094,-8.93e-06,3.071999999999968e-05,0.00027675000000000003,-2.325423931247062,0,0,18479.518,18279.195000000003,200.32299999999668,0.5027248369658643,0.5017944895892074,0.46277277794348864,822.2869999999966,-99.7578000000016,1097920,1,0,0,1
2025-11-24 04:00:00+00:00,87460.03,87837.57,86450.0,87050.39,3276.3396,-6e-08,-7.460000000000324e-06,0.00023397000000000004,-1.84661918601354,0,0,12517.794,13577.372000000001,-1059.5780000000013,0.479697810697966,0.49971117218805905,-0.40477824748191316,-898.4520000000048,-130.33520000000135,831671,1,0,0,0
2025-11-24 08:00:00+00:00,87050.39,87050.39,85696.56,86264.72,3484.50939,-1.34e-06,-1.0330000000000323e-05,0.00018739000000000003,-1.719431803976724,0,0,11969.736,13220.310999999998,-1250.574999999997,0.4751771999472649,0.4968712444531104,-0.5698615902560049,-2109.8300000000017,-297.5732000000004,729845,1,0,0,0
2025-11-24 12:00:00+00:00,86264.71,86741.5,85272.0,86616.44,4635.50962,-1.34e-06,-1.0330000000000323e-05,0.00018739000000000003,-1.719431803976724,0,0,23197.631,24222.178999999996,-1024.5479999999952,0.4891970465507981,0.49284680395963687,-0.05337826745317664,-3334.7009999999937,-634.7149999999995,1314093,0,1,0,0
2025-11-24 16:00:00+00:00,86616.44,88834.62,86616.43,88327.29,6003.91247,-1.34e-06,-1.0330000000000323e-05,0.00018739000000000003,-1.719431803976724,0,0,25533.913,25920.055,-386.1419999999998,0.49624769463843876,0.4878547262265459,0.21535285412588814,-2661.264999999992,-704.1039999999994,1217408,0,1,0,0
2025-11-24 20:00:00+00:00,88327.29,89228.0,88252.5,88300.01,2944.69593,5.044e-05,4.903999999999967e-05,0.00021141000000000004,-0.2009052569869063,0,0,11731.507,12464.121000000001,-732.6140000000014,0.4848606120080867,0.4905579047009785,-0.1652319533781625,-2143.3039999999964,-890.691399999999,569931,1,0,0,0
2025-11-25 00:00:00+00:00,88300.01,88300.01,87457.53,87822.12,2506.39849,-5.29e-05,-3.8000000000003228e-06,0.00014478000000000003,-2.679292141475497,0,0,9608.94,10105.036999999998,-496.09699999999793,0.4874176326775668,0.49201858689640715,-0.07771648828860234,-1614.8529999999992,-777.9951999999982,545443,1,0,0,1
2025-11-25 04:00:00+00:00,87822.12,88519.99,87300.0,87384.81,3032.60485,-5.29e-05,-3.8000000000003228e-06,0.00014478000000000003,-2.679292141475497,0,0,8723.318,8341.573,381.744999999999,0.5111850992778096,0.4939088999433466,0.8747745119538849,-846.9660000000003,-451.5311999999991,443156,0,1,0,1
2025-11-25 08:00:00+00:00,87384.81,87606.57,86666.0,87361.71,3402.11161,-5.29e-05,-3.8000000000003228e-06,0.00014478000000000003,-2.679292141475497,0,0,10618.141,13169.032,-2550.8909999999996,0.4463809549793916,0.4872000680409214,-1.685697010521776,-2665.2429999999986,-756.7998,579621,1,0,0,1
2025-11-25 12:00:00+00:00,87361.71,87792.2,86116.0,86988.94,4897.6285,1.996e-05,1.7499999999999673e-05,9.739000000000003e-05,-0.7758585485115372,0,0,18508.913,21215.192000000003,-2706.2790000000023,0.4659365642095649,0.48388254519527524,-0.8714207105294037,-4875.425000000003,-1220.8272000000004,1051487,1,0,0,0
2025-11-25 16:00:00+00:00,86988.93,88155.65,86182.49,86882.85,3228.35208,1.996e-05,1.7499999999999673e-05,9.739000000000003e-05,-0.7758585485115372,0,0,15594.614,14487.511,1107.1029999999992,0.5184013429902309,0.48545019579771187,1.0928318399108379,-4150.067000000003,-852.8838000000003,797027,0,1,0,0
2025-11-25 20:00:00+00:00,86882.84,87889.38,86565.48,87369.96,2499.94557,-3.019e-05,-6.313000000000033e-05,1.663000000000003e-05,-1.864898615757733,0,0,9671.014,9594.369999999999,76.64400000000023,0.5019891635692286,0.4876793310848381,0.465553026389929,-1522.5320000000029,-738.3356000000007,518172,1,0,0,0
2025-11-26 00:00:00+00:00,87369.97,88224.0,87069.97,87119.92,2235.2732,-3.019e-05,-6.313000000000033e-05,1.663000000000003e-05,-1.864898615757733,0,0,8275.626,8865.348999999998,-589.7229999999981,0.4827978571814031,0.48844139680825194,-0.3665630249760088,594.0240000000013,-932.6292000000001,526766,1,0,0,0
2025-11-26 04:00:00+00:00,87119.93,87970.0,86909.99,87935.05,1828.65169,4.038e-05,3.0149999999999676e-05,1.889000000000003e-05,-0.1337058061491789,0,0,7320.523,6785.070000000001,535.4529999999995,0.5189801662361873,0.4914197087767908,1.14658107203848,22.374000000001615,-315.3604000000003,376977,1,0,0,0
2025-11-26 08:00:00+00:00,87935.05,87941.58,86670.36,87095.79,2199.53135,4.038e-05,3.0149999999999676e-05,1.889000000000003e-05,-0.1337058061491789,0,0,8541.957,8912.995,-371.03800000000047,0.48937155484586836,0.49073209479753377,-0.2636688971336385,-425.3079999999991,151.68780000000007,388862,1,0,0,0
2025-11-26 12:00:00+00:00,87095.78,87693.21,86306.77,86978.0,4198.26229,5.388e-05,6.406999999999968e-05,7.124000000000003e-05,0.23981045151216535,0,0,16130.531,20156.600999999995,-4026.0699999999943,0.44452482494345386,0.48669851609107057,-2.11759907354027,-3861.654999999995,-874.9467999999986,876725,1,0,0,0
2025-11-26 16:00:00+00:00,86977.99,90418.39,86956.61,89957.36,7510.43418,-4.19e-06,9.006999999999968e-05,7.598000000000003e-05,-1.1380697182191784,0,0,27672.89,26639.176,1033.714,0.5095164304742155,0.48890839587073537,0.6820210300317031,-3363.393999999995,-683.5327999999987,1122629,1,0,0,0
2025-11-26 20:00:00+00:00,89957.37,90656.08,89508.85,90484.02,3703.66968,-4.19e-06,9.006999999999968e-05,7.598000000000003e-05,-1.1380697182191784,0,0,9896.576,9949.239,-52.663000000000466,0.49867319633887547,0.48765720557684195,0.24790386158680247,-3045.018999999995,-576.1207999999991,482879,0,1,0,0
2025-11-27 00:00:00+00:00,90484.01,91950.0,90089.91,91091.68,5743.81731,-4.19e-06,9.006999999999968e-05,7.598000000000003e-05,-1.1380697182191784,0,0,17162.124,15583.803,1578.321,0.5240995009852676,0.49542906017742955,1.270368587714364,2559.3719999999994,-367.54719999999907,757087,1,0,0,0
2025-11-27 04:00:00+00:00,91091.68,91554.49,90889.11,91408.34,2443.78349,-2.599e-05,2.3699999999999675e-05,5.0050000000000024e-05,-1.561924552053297,0,0,6875.905,7301.495,-425.59000000000015,0.4849905483374949,0.49733445859022263,-0.39519432427760515,1100.0679999999993,-378.457599999999,419980,0,1,0,0
2025-11-27 08:00:00+00:00,91408.34,91940.18,91221.17,91371.88,2353.99141,2.408e-05,-6.1000000000003245e-06,7.547000000000003e-05,-0.28437082279877246,0,0,7974.566,10163.551,-2188.9849999999997,0.4396578762834092,0.48946011191954036,-2.087012139095236,-1036.254,-11.040600000000087,372418,1,0,0,0
2025-11-27 12:00:00+00:00,91371.87,91457.36,90438.43,90958.3,2921.51001,2.408e-05,-6.1000000000003245e-06,7.547000000000003e-05,-0.28437082279877246,0,0,11736.48,12293.237000000001,-556.7570000000014,0.48841524017948273,0.4881027195805657,-0.13580763839696103,-3171.3320000000012,-329.1348000000004,566438,1,0,0,0
2025-11-27 16:00:00+00:00,90958.29,91843.59,90850.77,91528.21,2279.61546,2.408e-05,-6.1000000000003245e-06,7.547000000000003e-05,-0.28437082279877246,0,0,8646.474,8544.557999999999,101.91600000000108,0.5029642199490991,0.4901193558573354,0.4436155057688342,-2643.826,-298.21900000000005,446433,1,0,0,0
2025-11-27 20:00:00+00:00,91528.22,91600.0,91114.52,91333.95,1090.79164,4.624e-05,4.432999999999967e-05,7.127000000000003e-05,0.30585064984790045,0,0,3527.181,3875.8579999999997,-348.6769999999997,0.47645041448518644,0.4858663806822353,-0.5604985437993122,-803.518,-683.6186,235960,1,0,0,0
2025-11-28 00:00:00+00:00,91333.94,91417.99,90652.55,91208.85,1930.05393,4.624e-05,4.432999999999967e-05,7.127000000000003e-05,0.30585064984790045,0,0,6721.542,7035.6140000000005,-314.0720000000001,0.4885851407078614,0.48578773926843466,0.021100296299275897,-560.8329999999987,-661.3149999999999,383790,1,0,0,0
2025-11-28 04:00:00+00:00,91208.85,91707.79,90867.43,90910.87,1873.92377,1.771e-05,8.802999999999967e-05,0.00014188000000000002,-0.37883047335447967,0,0,6560.078,6950.825,-390.7469999999994,0.48553956756258265,0.4898892135303474,-0.16661132780476037,-1053.4959999999992,-301.66739999999993,325440,1,0,0,0
2025-11-28 08:00:00+00:00,90910.87,92030.0,90907.98,91437.64,3175.31997,6.007e-05,0.0001240199999999997,0.00018199000000000004,0.8521906795744314,0,0,11154.394,10435.009999999998,719.3840000000018,0.5166605803476557,0.4906036285176915,1.2211962412530757,14.565000000002328,-46.43919999999925,538057,1,0,0,0
2025-11-28 12:00:00+00:00,91437.64,93092.0,91380.94,92362.49,5046.613,6.007e-05,0.0001240199999999997,0.00018199000000000004,0.8521906795744314,0,0,25094.97,23027.828999999998,2067.1410000000033,0.5214777718976821,0.4928840860735722,1.3542771656645887,2395.7780000000057,346.6058000000012,1025315,1,0,0,0
2025-11-28 16:00:00+00:00,92362.5,92376.0,90180.63,91157.44,5779.19663,6.007e-05,0.0001240199999999997,0.00018199000000000004,0.8521906795744314,0,0,20846.02,20400.153000000002,445.86699999999837,0.5054049499331732,0.49101463096836273,0.6473823829349624,3232.3920000000035,505.51460000000077,856478,0,1,0,0
2025-11-28 20:00:00+00:00,91157.44,91247.16,90705.57,90890.7,1025.75282,-1.703e-05,6.0749999999999674e-05,0.00019515000000000003,-1.2673659265227506,0,0,4133.658,4560.254,-426.59599999999955,0.47546582021994244,0.4900621581566075,-0.6784658231828334,2086.412000000002,483.0098000000009,241213,1,0,0,0
2025-11-29 00:00:00+00:00,90890.71,91119.99,90546.36,90680.26,940.81817,-1.982e-05,2.3219999999999673e-05,0.00013495000000000003,-1.2591309323205073,0,0,3409.389,3644.5119999999997,-235.1229999999996,0.4833338318754403,0.4944297537158106,-0.2935199265133423,-215.85200000000077,514.1346000000009,204990,1,0,0,0
2025-11-29 04:00:00+00:00,90680.26,90931.56,90311.92,90567.67,1229.54953,-1.982e-05,2.3219999999999673e-05,0.00013495000000000003,-1.2591309323205073,0,0,4382.266,4898.137000000001,-515.871000000001,0.4722064332766583,0.49280887302552817,-0.7830967078701522,-1177.5900000000001,267.0836000000003,240715,1,0,0,0
2025-11-29 08:00:00+00:00,90567.66,90738.17,90376.37,90673.19,957.44805,-1.982e-05,2.3219999999999673e-05,0.00013495000000000003,-1.2591309323205073,0,0,3082.944,3202.0660000000003,-119.1220000000003,0.49052332454522746,0.491564783485141,0.021929542761388403,-870.1160000000009,-170.1690000000004,195645,0,1,0,0
2025-11-29 12:00:00+00:00,90673.2,91110.36,90530.93,91063.5,1148.02698,1.778e-05,-1.9070000000000327e-05,9.885000000000003e-05,-0.1824093971326442,0,0,4794.569,3961.0009999999993,833.5680000000011,0.5476021549710642,0.49867995753372873,2.285011564823119,198.57499999999982,-92.62879999999987,223974,1,0,0,0
2025-11-29 16:00:00+00:00,91063.5,91165.65,90155.47,90640.78,2192.51887,1.778e-05,-1.9070000000000327e-05,9.885000000000003e-05,-0.1824093971326442,0,0,6710.699,8092.1179999999995,-1381.4189999999999,0.4533393204820407,0.49515537551114663,-1.4699228910935056,-666.972999999999,-283.5933999999999,347104,1,0,0,0
2025-11-29 20:00:00+00:00,90640.77,91051.87,90400.21,90802.44,961.52131,2.635e-05,2.4309999999999674e-05,0.00012939000000000003,0.07123269897215868,0,0,4076.053,3942.925,133.1279999999997,0.5083008084072559,0.49743149959561406,0.6651509725104833,-414.72299999999905,-209.94320000000008,209837,1,0,0,0
2025-11-30 00:00:00+00:00,90802.44,91055.5,90471.0,90909.35,1115.17062,2.635e-05,2.4309999999999674e-05,0.00012939000000000003,0.07123269897215868,0,0,3446.769,3292.4900000000002,154.27899999999954,0.511446288085975,0.4969100703694459,0.7497813746502175,-1094.0120000000006,-75.91319999999996,184770,1,0,0,0
2025-11-30 04:00:00+00:00,90909.35,91037.72,90670.4,90968.16,549.91781,6.082e-05,0.00010494999999999968,0.00021620000000000002,1.0120418259946538,0,0,2229.342,2031.471,197.8710000000001,0.5232198643779955,0.49708427961747736,1.1733383857378394,485.27799999999934,-12.514599999999882,139397,1,0,0,0
2025-11-30 08:00:00+00:00,90968.16,91632.0,90927.16,91048.78,2515.69204,3.556e-05,0.00012272999999999966,0.00022768000000000002,0.4011538666278317,0,0,7733.445,6530.666000000001,1202.7789999999986,0.5421610221625448,0.5007598868404145,1.7745309587342066,1554.9289999999983,61.32759999999962,345695,1,0,0,0
2025-11-30 12:00:00+00:00,91048.79,92000.01,91009.0,91435.31,2629.14986,3.556e-05,0.00012272999999999966,0.00022768000000000002,0.4011538666278317,0,0,9070.931,7390.509999999998,1680.421000000002,0.551041126958448,0.5083174175142651,1.914624345655332,3081.071000000001,673.6956,398505,1,0,0,0
2025-11-30 16:00:00+00:00,91435.31,91850.0,91159.42,91460.79,1049.01646,3.556e-05,0.00012272999999999966,0.00022768000000000002,0.4011538666278317,0,0,4606.77,4350.894,255.8760000000002,0.5142825182994137,0.5114122861566623,0.5802721373339297,3139.076000000001,698.2452000000001,240002,1,0,0,0
2025-11-30 20:00:00+00:00,91460.79,91626.75,90336.9,90360.0,1828.79496,3.88e-05,0.00013517999999999966,0.00022024000000000002,0.5932035654481969,0,0,6469.048,8987.382000000001,-2518.3340000000017,0.41853442224368753,0.5060450850533653,-2.4920217570926226,-582.0369999999994,163.7225999999999,362323,1,0,0,0
2025-12-01 00:00:00+00:00,90360.01,90417.0,86161.61,86346.13,10249.65966,3.593e-05,0.00011028999999999968,0.00023846000000000004,0.5095372684511231,0,0,36874.165,43348.727000000006,-6474.562000000005,0.45964641863073197,0.5029573944619157,-1.1164138368869083,-8737.020000000008,-1170.7640000000013,1855815,1,0,0,0
2025-12-01 04:00:00+00:00,86346.13,86578.06,85604.0,86550.3,4937.16707,3.593e-05,0.00011028999999999968,0.00023846000000000004,0.5095372684511231,0,0,15823.394,15986.033,-162.6389999999992,0.4974435408723332,0.49794153305204264,0.10503554271420214,-9155.535000000007,-1443.8476000000007,724839,0,1,0,0
2025-12-01 08:00:00+00:00,86550.3,86938.01,86131.01,86149.15,3005.76787,3.593e-05,0.00011028999999999968,0.00023846000000000004,0.5095372684511231,0,0,9410.454,10365.062,-954.6080000000002,0.4758638914908718,0.5001939901529258,-0.5683396038316648,-7591.809000000005,-1970.8534000000013,483404,1,0,0,0
2025-12-01 12:00:00+00:00,86146.59,86674.0,83822.76,84677.87,8124.37241,3.153e-05,0.00010625999999999968,0.00020992000000000002,0.38414461126441357,0,0,40852.968,42582.937,-1729.9689999999973,0.48963294639160443,0.4983272039513606,-0.1859918069534719,-2847.2159999999967,-2368.0224000000007,1778100,1,0,0,0
2025-12-01 16:00:00+00:00,84677.87,85555.0,84030.95,85024.5,4598.10295,1.491e-05,8.236999999999969e-05,0.00024186000000000002,-0.15190552622827738,0,0,25733.401,20873.41,4859.991000000002,0.5521382057227644,0.5023963957150396,1.7519219265757495,2175.4140000000043,-892.3574000000001,1128327,1,0,0,0
2025-12-01 20:00:00+00:00,85024.5,86860.0,85007.69,86286.01,3593.94231,1.491e-05,8.236999999999969e-05,0.00024186000000000002,-0.15190552622827738,0,0,19082.095,15914.519999999997,3167.5750000000044,0.5452554482769263,0.5045999541049326,1.4305067584316626,6297.597000000009,1036.070000000002,797502,1,0,0,0
2025-12-02 00:00:00+00:00,86286.01,87350.0,86184.39,86976.99,3245.81604,1.491e-05,8.236999999999969e-05,0.00024186000000000002,-0.15190552622827738,0,0,12629.432,11017.747,1611.6850000000013,0.5340777434805226,0.5037916262367303,1.070262384860354,9639.251000000007,1390.934800000002,697154,1,0,0,0
2025-12-02 04:00:00+00:00,86977.0,87288.48,86818.14,87012.65,1733.23534,-1.009e-05,3.634999999999967e-05,0.00025159000000000005,-0.9369130118105199,0,0,5805.492,6174.214,-368.72199999999975,0.4846105572206864,0.49714856926295425,-0.4183005616635769,4410.538000000006,1508.1120000000021,377268,0,1,0,0
2025-12-02 08:00:00+00:00,87012.64,87628.78,86296.21,87368.92,3361.03567,2.643e-05,3.1249999999999675e-05,0.00026024,0.30888007482796337,0,0,12486.402,12082.459,403.9429999999993,0.5082206293568107,0.49654238036869397,0.23691402185102767,1646.9060000000009,1934.8944000000015,584196,1,0,0,0
2025-12-02 12:00:00+00:00,87368.92,91200.0,87032.75,90850.01,9300.50019,2.643e-05,3.1249999999999675e-05,0.00026024,0.30888007482796337,0,0,41583.774,36981.27,4602.504000000001,0.5292910419549947,0.5076180423398247,0.8566566784497759,4637.725,1883.3970000000013,1736982,1,0,0,0
2025-12-02 16:00:00+00:00,90850.01,92307.65,90201.0,91903.39,6152.68006,3.999e-05,5.632999999999968e-05,0.00027388,0.7916964419710721,0,0,28164.496,26741.126000000004,1423.3699999999953,0.5129619695411154,0.512949597430863,0.32996017268258976,6429.8169999999955,1534.5559999999994,1248108,1,0,0,0
2025-12-02 20:00:00+00:00,91903.38,92000.0,90720.87,91277.88,4416.96002,3.999e-05,5.632999999999968e-05,0.00027388,0.7916964419710721,0,0,15303.864,19130.888999999996,-3827.024999999996,0.4444307760825234,0.5076483209518821,-1.7193214685432618,2198.849,446.81399999999996,676659,1,0,0,0
2025-12-03 00:00:00+00:00,91277.88,93087.09,90990.23,92628.91,4425.07634,-1.732e-05,4.9099999999999676e-05,0.00019574000000000002,-1.1040281871036535,0,0,17309.353,13298.991000000002,4010.3619999999974,0.5655109273471312,0.5166130245375079,1.7557007257684416,1606.7069999999967,1322.6307999999995,922504,1,0,0,0
2025-12-03 04:00:00+00:00,92628.91,93958.58,92625.0,92999.99,4546.45939,-1.732e-05,4.9099999999999676e-05,0.00019574000000000002,-1.1040281871036535,0,0,18839.184,19127.528,-288.3439999999973,0.49620267354202285,0.5172699972525499,-0.23322867150156587,-105.00699999999597,1184.1734000000001,960594,0,1,0,0
2025-12-03 08:00:00+00:00,93000.0,93389.62,92666.0,93005.68,2770.10259,4.206e-05,6.472999999999967e-05,0.00020224000000000002,0.860722813710676,0,0,10475.934,10891.984000000002,-416.0500000000029,0.4902646107121901,0.5110826377514923,-0.37802859857635124,3305.967999999997,180.4625999999993,591344,0,1,0,0
2025-12-03 12:00:00+00:00,93005.68,93700.0,91697.0,92373.3,6523.23972,4.206e-05,6.472999999999967e-05,0.00020224000000000002,0.860722813710676,0,0,27196.399,31217.179,-4020.779999999999,0.46558351553126914,0.5031154444769266,-1.0172043155504709,-4725.173999999999,-908.3673999999995,1454269,1,0,0,0
2025-12-03 16:00:00+00:00,92373.3,93500.0,91786.99,93024.99,3624.68485,4.206e-05,6.472999999999967e-05,0.00020224000000000002,0.860722813710676,0,0,16478.413,14211.809000000001,2266.6039999999994,0.5369271359457745,0.5034003837234519,0.9524688058827245,-2170.2260000000024,310.3583999999995,870872,1,0,0,0
2025-12-03 20:00:00+00:00,93025.0,94150.0,92825.56,93429.95,3822.96296,-8.85e-06,1.5889999999999673e-05,0.00015459000000000002,-0.8539429561683679,0,0,11429.391,10822.152000000002,607.2389999999978,0.5136448739757058,0.5063038153989537,0.2725723646787978,-1146.9370000000017,-370.26620000000037,635355,1,0,0,0
2025-12-04 00:00:00+00:00,93429.95,94080.0,92669.82,93543.04,3844.7002,-8.85e-06,1.5889999999999673e-05,0.00015459000000000002,-0.8539429561683679,0,0,12838.899,11662.417,1176.482,0.5240085471327336,0.5078826071765461,0.5256718521585446,4050.324999999997,-77.30100000000093,688446,1,0,0,0
2025-12-04 04:00:00+00:00,93543.03,93588.48,92775.0,93397.67,3070.50786,-3.95e-06,2.9259999999999676e-05,0.00011471000000000002,-0.6826310788563691,0,0,8029.135,7972.314,56.82099999999991,0.5017754954566928,0.5051310525267159,-0.12794213168992608,1840.5419999999976,17.273199999999633,404663,0,1,0,0
2025-12-04 08:00:00+00:00,93397.67,93621.31,92736.9,92948.31,1917.02375,7.435e-05,6.154999999999968e-05,0.00015753000000000002,1.7668343385270084,0,0,7889.591,8435.676,-546.0849999999991,0.483274852411296,0.502162340813734,-0.6458022640417151,687.2180000000008,712.2121999999996,447913,1,0,0,0
2025-12-04 12:00:00+00:00,92948.32,93257.0,91801.0,92971.49,4296.15789,7.435e-05,6.154999999999968e-05,0.00015753000000000002,1.7668343385270084,0,0,17962.557,20782.671000000002,-2820.1140000000014,0.4636069505127186,0.5040799582567533,-1.1272564093172002,-3309.3780000000006,-305.13140000000055,1046475,0,1,0,0
2025-12-04 16:00:00+00:00,92971.49,93174.55,90889.0,91975.44,4860.7112,7.435e-05,6.154999999999968e-05,0.00015753000000000002,1.7668343385270084,0,0,18940.781,19542.039,-601.2580000000016,0.4921879685532401,0.4967476623773644,-0.36332163364929915,-3967.457000000002,-546.8308000000004,1090904,1,0,0,0
2025-12-04 20:00:00+00:00,91975.43,92718.53,91688.92,92078.06,1814.83969,3.928e-05,0.00010967999999999967,0.00018190000000000003,0.6681330434635173,0,0,6290.342,6426.005,-135.66300000000047,0.4946658030014437,0.4965939753233064,-0.2766010263681884,-3557.0350000000035,-809.2598000000005,485501,0,1,0,0
2025-12-05 00:00:00+00:00,92078.06,92692.36,91959.92,92142.75,1751.29187,4.837e-05,0.00016199999999999968,0.00024036000000000004,0.9312137920277925,0,0,5366.147,5590.705000000001,-224.5580000000009,0.4897526223773032,0.49654277648981776,-0.3991217790731969,-961.479000000003,-865.5356000000007,370564,0,1,0,0
2025-12-05 04:00:00+00:00,92142.75,92497.51,91813.37,92258.65,1387.19156,4.837e-05,0.00016199999999999968,0.00024036000000000004,0.9312137920277925,0,0,6468.576,5837.763,630.8130000000001,0.5256295962592937,0.5025473845626202,0.6513565610226573,270.59199999999873,-630.1560000000009,370736,1,0,0,0
2025-12-05 08:00:00+00:00,92258.64,92258.65,90956.25,91351.43,2431.69816,4.944e-05,0.00013708999999999968,0.00026337,0.92014598312855,0,0,10255.842,11296.2,-1040.3580000000002,0.4758640503762938,0.49644107600567206,-0.7533870956249872,-634.103000000001,-274.2048000000006,563096,1,0,0,0
2025-12-05 12:00:00+00:00,91351.44,91478.67,89874.7,90459.35,5344.16253,4.944e-05,0.00013708999999999968,0.00026337,0.92014598312855,0,0,27329.085,27962.059,-632.974000000002,0.4942759911062791,0.4945041877187295,-0.1560538564505696,-1042.519000000002,-280.5480000000007,1238536,1,0,0,0
2025-12-05 16:00:00+00:00,90459.34,90498.59,88056.0,89629.26,6507.53794,4.944e-05,0.00013708999999999968,0.00026337,0.92014598312855,0,0,32445.392,34001.814999999995,-1556.4229999999952,0.48828827372684,0.49093216037814014,-0.31518301359758194,-3229.7549999999974,-564.6999999999996,1585845,1,0,0,0
2025-12-05 20:00:00+00:00,89629.27,89745.37,88901.6,89330.04,2371.09012,3.91e-06,0.00010171999999999968,0.00022729000000000003,-0.735892296380488,0,0,6719.269,5852.204,867.0650000000005,0.5344854178981254,0.4942031526222833,1.1039820508839633,-1322.3319999999967,-346.37539999999933,386527,0,1,0,0
2025-12-06 00:00:00+00:00,89330.04,89806.43,89030.67,89688.35,1531.03301,3.91e-06,0.00010171999999999968,0.00022729000000000003,-0.735892296380488,0,0,5506.121,4692.094,814.027,0.5399102686107323,0.499866694242227,1.2137766943722745,124.66900000000533,-309.73259999999937,299638,1,0,0,0
2025-12-06 04:00:00+00:00,89688.35,89764.19,89459.19,89597.13,769.5235,3.693e-05,9.027999999999968e-05,0.00028154000000000005,0.4776872976571709,0,0,2880.122,3175.7050000000004,-295.58300000000054,0.47559515818401016,0.5010655150093563,-0.9805548220477043,1385.509,-160.77759999999944,198517,1,0,0,0
2025-12-06 08:00:00+00:00,89597.14,89750.01,89217.59,89631.28,1504.70502,3.693e-05,9.027999999999968e-05,0.00028154000000000005,0.4776872976571709,0,0,4048.82,4610.095000000001,-561.275000000001,0.4675897615347881,0.4986056943075109,-1.231675369004124,-42.831000000001495,-146.43779999999924,242454,0,1,0,0
2025-12-06 12:00:00+00:00,89631.29,90289.97,89490.98,89758.77,2052.08066,1.919e-05,6.002999999999968e-05,0.00025867,-0.1334260153738634,0,0,7496.729,7290.871,205.85800000000017,0.5069604939273445,0.49983516340010103,0.08134593220071838,-651.0000000000014,206.01839999999984,343904,1,0,0,0
2025-12-06 16:00:00+00:00,89758.77,89981.2,89077.6,89405.64,1483.59614,1.919e-05,6.002999999999968e-05,0.00025867,-0.1334260153738634,0,0,3901.683,4721.762,-820.0789999999997,0.45245061573419904,0.49610496273579063,-1.6538542972187908,-1175.4960000000005,-131.4104000000002,260800,1,0,0,0
2025-12-06 20:00:00+00:00,89405.65,89615.34,88908.01,89236.79,1068.56183,-1.822e-05,3.7899999999999674e-05,0.00024930000000000004,-1.4844817715550556,0,0,3933.724,4569.141,-635.4169999999995,0.46263512357305453,0.48980551546716666,-1.2318551885937625,-1249.637999999999,-421.2992000000001,246388,1,0,0,0
2025-12-07 00:00:00+00:00,89236.8,89749.59,89176.52,89722.37,712.48717,4.192e-05,4.288999999999968e-05,0.0002951700000000001,0.6702092669795391,0,0,3321.237,2427.148,894.0889999999999,0.577768712429665,0.4999959816725038,2.439097538434098,-561.4069999999992,-183.3648,205956,1,0,0,0
2025-12-07 04:00:00+00:00,89722.37,89799.96,89200.0,89379.72,739.06202,4.192e-05,4.288999999999968e-05,0.0002951700000000001,0.6702092669795391,0,0,2912.744,3640.8519999999994,-728.1079999999993,0.44444973416121475,0.49501335597799734,-1.6224259108888026,-469.4359999999988,-216.73139999999967,187613,1,0,0,0
2025-12-07 08:00:00+00:00,89379.73,89538.7,89050.01,89149.18,786.60016,4.192e-05,4.288999999999968e-05,0.0002951700000000001,0.6702092669795391,0,0,3787.264,3871.76,-84.4960000000001,0.4944838924646273,0.4956329178517761,-0.10994380273772067,81.48500000000058,-274.80219999999974,226970,1,0,0,0
2025-12-07 12:00:00+00:00,89149.18,89707.54,87719.28,89554.52,3916.92116,1.666e-05,4.0359999999999675e-05,0.00023748,-0.29419272652580747,0,0,21195.998,20129.563000000002,1066.4349999999977,0.5129028496431058,0.49347466102627413,0.4644451632980754,253.8309999999983,102.50059999999976,938156,1,0,0,0
2025-12-07 16:00:00+00:00,89554.52,91760.0,89115.85,91425.52,3838.31073,5.212e-05,0.00011069999999999968,0.00025032000000000006,1.056166963576825,0,0,19084.298,17511.976,1572.3220000000001,0.5214819956807625,0.4916318337332771,0.7125062523890385,2554.2609999999977,544.0483999999997,937919,1,0,0,0
2025-12-07 20:00:00+00:00,91425.51,91510.4,88995.33,90395.31,3027.73061,5.212e-05,0.00011069999999999968,0.00025032000000000006,1.056166963576825,0,0,15798.519,15910.646,-112.12700000000041,0.4982319465050562,0.4938955125653817,-0.04592187011226716,2526.6299999999974,342.8051999999996,842244,1,0,0,0
2025-12-08 00:00:00+00:00,90395.32,91700.0,89860.0,91068.29,2453.60415,-5.39e-06,6.338999999999968e-05,0.00019656000000000003,-1.0905242862443034,0,0,10584.942,10066.441000000003,518.5009999999966,0.5125536628709079,0.49839190269899375,0.5027398353094585,1978.6959999999963,592.1269999999988,654039,1,0,0,0
2025-12-08 04:00:00+00:00,91068.3,91868.76,91023.06,91565.46,1592.48822,-5.39e-06,6.338999999999968e-05,0.00019656000000000003,-1.0905242862443034,0,0,6797.297,6180.461,616.8359999999993,0.523765121833833,0.5000723654896426,0.8452972052373001,1023.2099999999955,732.3933999999987,381056,1,0,0,0
2025-12-08 08:00:00+00:00,91565.46,92287.15,91486.46,91968.29,1953.05465,6.545e-05,0.00011217999999999969,0.00021257000000000003,1.540645856144357,0,0,8071.23,7997.218000000001,74.0119999999988,0.5023030226690219,0.5050576061831249,0.10415444521514246,1209.3489999999947,533.9087999999989,402187,1,0,0,0
2025-12-08 12:00:00+00:00,91968.29,92122.08,89612.0,89961.37,5223.15445,6.545e-05,0.00011217999999999969,0.00021257000000000003,1.540645856144357,0,0,27438.168,29601.028000000002,-2162.8600000000006,0.4810405812872958,0.506898151954549,-0.6456598412555028,-1472.0120000000024,-213.12760000000125,1264311,1,0,0,0
2025-12-08 16:00:00+00:00,89961.36,90527.3,89679.79,90124.48,2589.84253,6.545e-05,0.00011217999999999969,0.00021257000000000003,1.540645856144357,0,0,14787.061,14928.491,-141.4300000000003,0.4976202696823535,0.4988833076798179,-0.029161066625293504,-2230.278000000002,-218.98820000000123,871468,0,1,0,0
2025-12-08 20:00:00+00:00,90124.49,91374.0,90124.49,90634.34,1981.49487,3.395e-05,9.400999999999968e-05,0.00024261000000000004,0.3224909052554195,0,0,8253.992,7768.41,485.58200000000033,0.5151532210963126,0.5059536563733277,0.5920543147259143,-1818.7080000000005,-225.5720000000005,480658,1,0,0,0
2025-12-09 00:00:00+00:00,90634.35,90846.26,89795.84,90405.01,2355.41188,3.395e-05,9.400999999999968e-05,0.00024261000000000004,0.3224909052554195,0,0,7756.369,7883.519000000001,-127.15000000000146,0.4959350731923399,0.5060987744460989,-0.05840401422847595,217.0019999999986,-374.36920000000066,461091,1,0,0,0
2025-12-09 04:00:00+00:00,90405.02,90528.67,89500.0,90496.8,1867.61874,8.52e-06,0.00010791999999999969,0.00021420000000000003,-0.7311679301144973,0,0,9674.583,11236.265999999998,-1561.6829999999973,0.4626585462885797,0.5010743441106463,-1.1813506824031037,-1203.2509999999984,-701.5081999999999,470991,0,1,0,0
2025-12-09 08:00:00+00:00,90496.8,90600.0,89912.48,90384.55,1562.48442,8.52e-06,0.00010791999999999969,0.00021420000000000003,-0.7311679301144973,0,0,5264.552,5725.053,-460.5010000000002,0.47904833704214117,0.49683097824678424,-0.5983915026666389,-2149.333999999999,-361.0363999999998,324753,1,0,0,0
2025-12-09 12:00:00+00:00,90384.54,92876.92,90004.73,92707.51,4917.67396,6.379e-05,0.00010625999999999968,0.0002588,1.3998973819240919,0,0,23476.452,21838.313,1638.1390000000029,0.5180751130453838,0.49881529490081694,0.7170077972200541,-384.0449999999946,-5.122599999999148,1162906,1,0,0,0
2025-12-09 16:00:00+00:00,92707.5,94588.99,92693.5,93800.83,7304.45224,6.379e-05,0.00010625999999999968,0.0002588,1.3998973819240919,0,0,32201.844,29821.654,2380.1900000000023,0.5191878084657527,0.4994787094603014,0.7184098969212726,3557.828000000005,373.79900000000123,1350242,1,0,0,0
2025-12-09 20:00:00+00:00,93800.83,93857.47,92254.92,92678.8,3232.7889,5.443e-05,0.00012673999999999967,0.00033145,0.9791562707040871,0,0,13330.097,13721.561,-391.46399999999994,0.4927645100348378,0.49637864828040196,-0.2115133588734204,3626.8650000000052,320.9362000000016,709573,1,0,0,0
2025-12-10 00:00:00+00:00,92678.81,92786.35,91976.0,92410.62,1996.9993,5.443e-05,0.00012673999999999967,0.00033145,0.9791562707040871,0,0,7804.873,8653.603,-848.7299999999996,0.4742160209730233,0.49356994811080196,-0.838216068427641,1139.9960000000028,463.5268000000011,435474,1,0,0,0
2025-12-10 04:00:00+00:00,92410.62,92782.92,92386.83,92782.91,1363.84988,2.777e-05,0.00014598999999999968,0.0003173,-0.005769200489366931,0,0,4666.199,4400.092,266.10699999999997,0.5146756264496695,0.49693345262703936,0.5919869192112069,-974.0869999999995,608.8484000000011,274082,1,0,0,0
2025-12-10 08:00:00+00:00,92782.91,93291.5,91763.69,92120.45,2623.05995,2.777e-05,0.00014598999999999968,0.0003173,-0.005769200489366931,0,0,10403.433,12548.312999999998,-2144.8799999999974,0.4532741430651943,0.4924988399653235,-1.4985220520969849,-2727.502999999997,-147.75539999999893,552540,1,0,0,0
2025-12-10 12:00:00+00:00,92120.45,92226.0,91563.15,92063.69,2523.14963,1.996e-05,0.00010215999999999969,0.0003206,-0.2945191911457504,0,0,9922.726,10838.791,-916.0649999999987,0.4779383895695098,0.4887773568126432,-0.6326204022356277,-2794.837999999996,-807.0063999999991,652864,1,0,0,0
2025-12-10 16:00:00+00:00,92063.69,93243.59,91684.39,92957.67,5420.4848,1.996e-05,0.00010215999999999969,0.0003206,-0.2945191911457504,0,0,23737.441,24056.222999999998,-318.78199999999924,0.4966650181915327,0.48885035131256255,-0.006648880697717975,-3379.7269999999953,-792.469999999999,1254964,0,1,0,0
2025-12-10 20:00:00+00:00,92957.67,94476.0,91878.0,92015.37,5071.13727,3.205e-05,7.977999999999969e-05,0.00030052999999999997,0.1938426115973406,0,0,21473.519,21983.567000000003,-510.0480000000025,0.4941315899552031,0.4919976556792248,-0.04846102430498775,-1744.8950000000004,-724.7335999999996,1062216,1,0,0,0
2025-12-11 00:00:00+00:00,92015.38,92080.32,89389.63,89880.01,4081.1469,3.205e-05,7.977999999999969e-05,0.00030052999999999997,0.1938426115973406,0,0,18690.476,23074.554,-4384.078000000001,0.4475149664683588,0.48884431862184663,-1.5713360680911528,-5212.908000000003,-1654.7705999999998,1071593,1,0,0,0
2025-12-11 04:00:00+00:00,89880.0,90480.14,89694.81,90272.75,2245.33099,2.59e-05,7.790999999999969e-05,0.00033182000000000003,-0.03727764875873352,0,0,8441.206,7745.878000000001,695.3279999999995,0.5214778646975576,0.48918459378706397,0.9526099463752417,-4198.798000000004,-1086.7290000000005,447261,1,0,0,0
2025-12-11 08:00:00+00:00,90272.76,90504.19,89971.11,90242.35,1503.95888,-1.577e-05,4.217999999999969e-05,0.0002506,-1.5617798084652736,0,0,5179.689,5831.473,-651.7839999999997,0.47040348693443984,0.4843061616339327,-0.8214474262991986,-4340.5340000000015,-1033.8728000000006,323154,1,0,0,0
2025-12-11 12:00:00+00:00,90242.36,90653.33,89260.63,89872.51,3541.05902,-1.577e-05,4.217999999999969e-05,0.0002506,-1.5617798084652736,0,0,17564.192,19102.890000000003,-1538.698000000004,0.4790179922143791,0.4829315098518868,-0.4896168314046733,-1495.154000000004,-1277.8560000000016,931508,1,0,0,0
2025-12-11 16:00:00+00:00,89872.51,91538.26,89333.0,90839.81,3643.99089,6.1e-05,7.112999999999968e-05,0.00027765,1.2676127181455061,0,0,19183.669,17424.627999999997,1759.0410000000047,0.5240251683928373,0.4879124245938683,1.0077801745178916,-431.4409999999989,-824.0382000000002,934318,1,0,0,0
2025-12-11 20:00:00+00:00,90839.81,93555.0,90797.76,92513.38,4957.1009,6.1e-05,7.112999999999968e-05,0.00027765,1.2676127181455061,0,0,24957.393,23952.02,1005.3729999999996,0.5102779090806099,0.4874726528569623,0.47544866489149074,1225.7160000000003,253.85200000000003,1097487,1,0,0,0
2025-12-12 00:00:00+00:00,92513.38,92754.0,91448.31,92283.4,2164.71329,6.1e-05,7.112999999999968e-05,0.00027765,1.2676127181455061,0,0,10380.404,12433.586000000001,-2053.1820000000007,0.4550016897526474,0.4876454075257075,-1.568121408175774,711.2320000000036,-295.85,575791,1,0,0,0
2025-12-12 04:00:00+00:00,92283.4,92720.0,92078.91,92425.34,1494.20203,6.914e-05,0.00011436999999999968,0.00033827000000000005,1.4636919521558815,0,0,5175.019,6026.440999999999,-851.4219999999987,0.46199504350325765,0.4860510729190823,-1.361109573976016,-1899.2309999999998,-335.7775999999998,274992,0,1,0,0
2025-12-12 08:00:00+00:00,92425.33,92650.01,92044.8,92418.19,1624.00539,6.914e-05,0.00011436999999999968,0.00033827000000000005,1.4636919521558815,0,0,4915.583,4771.61,143.97299999999996,0.5074311000100855,0.4871276811009377,0.5740458941387429,-2760.6309999999994,0.7566000000009808,261995,0,1,0,0
2025-12-12 12:00:00+00:00,92418.19,92660.74,89780.0,89935.14,5560.13281,4.698e-05,0.0001771199999999997,0.00032146,0.6173832758463595,0,0,23156.871,26048.917,-2892.046000000002,0.4706127458013679,0.4847757966855541,-0.9382999282261087,-3599.495000000001,-929.4608000000004,1115178,1,0,0,0
2025-12-12 16:00:00+00:00,89935.13,90666.0,89480.0,90198.22,4659.32825,4.698e-05,0.0001771199999999997,0.00032146,0.6173832758463595,0,0,21648.176,20250.347,1397.828999999998,0.5166811250124497,0.4916924125399632,1.0414119623033744,-1350.2440000000042,-850.9696000000007,1217054,1,0,0,0
2025-12-12 20:00:00+00:00,90198.23,90404.13,89898.61,90268.42,1176.80992,3.383e-05,0.0001499499999999997,0.00030086000000000007,0.14359849773327082,0,0,4895.573,5141.5830000000005,-246.01000000000022,0.4877450345496274,0.4883191295251702,-0.18757572809659204,-1740.2270000000044,-489.5352000000006,311396,0,1,0,0
2025-12-13 00:00:00+00:00,90268.43,90469.71,90120.0,90345.54,648.76329,3.383e-05,0.0001499499999999997,0.00030086000000000007,0.14359849773327082,0,0,2608.954,2982.226,-373.27199999999993,0.4666195686778104,0.4879407376995072,-1.025055034130005,778.5469999999978,-393.9052000000009,125195,0,1,0,0
2025-12-13 04:00:00+00:00,90345.55,90410.5,90268.91,90329.97,451.53525,1.21e-06,8.201999999999968e-05,0.0002743,-1.1133397656111297,0,0,1825.628,1970.972,-145.34400000000005,0.48085866301427593,0.48812480477949693,-0.36717103932374107,-764.6260000000002,-451.7686000000009,95679,1,0,0,0
2025-12-13 08:00:00+00:00,90329.98,90634.55,90290.0,90330.36,1525.87319,1.21e-06,8.201999999999968e-05,0.0002743,-1.1133397656111297,0,0,4005.202,3888.1639999999998,117.03800000000047,0.5074136939804895,0.486463657338262,0.797644926366591,-401.5779999999995,150.04819999999964,174178,1,0,0,0
2025-12-13 12:00:00+00:00,90330.36,90470.3,89932.99,90092.16,1906.98893,6.02e-05,9.523999999999966e-05,0.00031454000000000003,1.0836911913880485,0,0,4011.312,5010.092000000001,-998.7800000000007,0.4446438713974011,0.47990025356994126,-1.8048914949347017,-1027.0860000000002,-329.2736000000001,235789,1,0,0,0
2025-12-13 16:00:00+00:00,90092.17,90268.13,89981.0,90178.16,675.23738,6.041e-05,0.00012181999999999967,0.00034290000000000004,1.0279121845381347,0,0,2289.785,2287.1770000000006,2.607999999999265,0.5002849051401344,0.48442857510869,0.5014239179011207,-879.1340000000009,-279.5500000000002,128772,1,0,0,0
2025-12-13 20:00:00+00:00,90178.17,90280.76,89766.39,90240.01,687.30984,6.041e-05,0.00012181999999999967,0.00034290000000000004,1.0279121845381347,0,0,2738.579,2619.6419999999994,118.93700000000081,0.511098553045871,0.48933892606295126,0.9611619342130482,-877.2350000000006,-181.10820000000004,173110,1,0,0,0
2025-12-14 00:00:00+00:00,90240.0,90472.4,90117.05,90258.98,710.94131,0.0001,0.00022060999999999966,0.00041700000000000005,2.2587333193938814,0,0,3159.403,3927.247,-767.844,0.4458246138866742,0.48317827745061015,-1.6144217158294156,-646.299,-305.6082,156614,0,1,1,0
2025-12-14 04:00:00+00:00,90258.99,90329.24,90050.74,90245.6,689.83584,0.0001,0.00022060999999999966,0.00041700000000000005,2.2587333193938814,0,0,1797.225,2202.714,-405.48900000000003,0.4493131020248059,0.481048313072954,-1.426812342908158,-1054.3959999999993,-410.11360000000013,115396,1,0,1,0
2025-12-14 08:00:00+00:00,90245.6,90280.01,88687.27,89360.0,2036.12797,0.0001,0.00022060999999999966,0.00041700000000000005,2.2587333193938814,0,0,10623.054,14018.899000000001,-3395.845000000001,0.43109626903354614,0.4724898274750635,-1.9334276629162221,-4569.178000000002,-889.5266000000004,492784,1,0,1,0
2025-12-14 12:00:00+00:00,89360.01,89666.0,88882.66,89022.91,1729.70637,2.898e-05,0.00018938999999999968,0.00046175000000000003,-0.23737017886115028,0,0,8586.028,8679.671,-93.64300000000003,0.49728817813863196,0.473444141833964,0.5067186166333795,-3894.977000000001,-908.7768,477914,1,0,0,0
2025-12-14 16:00:00+00:00,89022.92,89398.71,88497.02,88644.88,1685.20822,2.898e-05,0.00018938999999999968,0.00046175000000000003,-0.23737017886115028,0,0,8862.088,8834.643,27.44499999999971,0.5007754256986785,0.4768597275360508,0.675028168173149,-3462.0430000000015,-927.0752000000005,480315,0,1,0,0
2025-12-14 20:00:00+00:00,88644.88,88827.71,87577.36,88172.17,2565.12033,3.773e-05,0.00016670999999999968,0.00043848000000000004,0.08806191433173843,0,0,9692.466,11703.216,-2010.75,0.45301037844925907,0.4740748990795492,-1.0720795640903575,-2076.9480000000003,-1175.6564000000003,605805,1,0,0,0
2025-12-15 00:00:00+00:00,88172.16,90052.64,88074.37,89282.6,2699.66065,1.9e-06,6.86099999999997e-05,0.00037124000000000006,-1.1559837745159554,0,0,14136.196,13678.920000000002,457.275999999998,0.5082199189821822,0.47415552157971846,0.9343441587278487,-1526.0290000000023,-1003.1034000000006,730148,1,0,0,0
2025-12-15 04:00:00+00:00,89282.6,89918.48,89272.88,89753.42,1316.93789,1.9e-06,6.86099999999997e-05,0.00037124000000000006,-1.1559837745159554,0,0,5486.784,5454.317000000001,32.466999999998734,0.5014837172237053,0.4798395061623489,0.7138036422687006,-1521.0070000000032,-317.4410000000007,317981,1,0,0,0
2025-12-15 08:00:00+00:00,89753.43,89986.68,89572.05,89641.28,1524.38986,-8.93e-06,3.0699999999999696e-05,0.00031533000000000006,-1.431144063398502,0,0,5523.451,6267.068,-743.6170000000002,0.4684654678899207,0.47665756243732754,-0.5492622724887131,-253.87400000000343,-447.43580000000077,301534,1,0,0,0
2025-12-15 12:00:00+00:00,89641.28,89876.42,86621.91,87033.22,5888.02922,-8.93e-06,3.0699999999999696e-05,0.00031533000000000006,-1.431144063398502,0,0,32100.623,35283.756,-3183.1330000000016,0.47638077958691283,0.4731857850914317,-0.24620471094161503,-3894.283000000003,-1089.551400000001,1552991,1,0,0,0
2025-12-15 16:00:00+00:00,87033.21,87220.0,85146.64,86149.96,5789.22914,3.081e-05,2.3779999999999688e-05,0.00031231000000000005,-0.06929248160919281,0,0,26865.313,29334.019000000004,-2468.7060000000056,0.47803616242271346,0.4764069399450356,-0.1604032665757944,-6395.456000000007,-1181.1426000000022,1474184,1,0,0,0
2025-12-15 20:00:00+00:00,86149.96,86472.7,85530.01,86432.08,2560.44514,3.081e-05,2.3779999999999688e-05,0.00031231000000000005,-0.06929248160919281,0,0,10318.545,9767.053000000002,551.4919999999984,0.5137285432079244,0.48284848406334746,1.15329727705774,-5100.347000000009,-1162.2994000000022,557537,1,0,0,0
2025-12-16 00:00:00+00:00,86432.08,86535.22,85386.0,85875.92,2272.8575,3.081e-05,2.3779999999999688e-05,0.00031231000000000005,-0.06929248160919281,0,0,8008.51,8778.805999999999,-770.2959999999985,0.4770572019970316,0.48744457735969604,-0.2630304826156716,-2687.5100000000057,-1322.8520000000015,526105,1,0,0,0
2025-12-16 04:00:00+00:00,85875.91,86615.38,85266.0,86021.51,2433.06768,7.467e-05,9.654999999999969e-05,0.00038577,1.4006662178498788,0,0,8280.878,9019.594000000001,-738.7160000000003,0.4786504090755443,0.48558080045338725,-0.15226408891149634,-957.5200000000004,-1321.8718000000015,466432,0,1,0,0
2025-12-16 08:00:00+00:00,86021.51,87330.0,85930.97,87261.45,2417.24589,1.35e-05,0.00011897999999999969,0.00033907,-0.6970856810017324,0,0,9459.08,9397.538999999999,61.54100000000108,0.5016318142716889,0.48566643931068826,0.7236217575850102,-1447.4709999999977,-672.937000000001,512743,1,0,0,0
2025-12-16 12:00:00+00:00,87261.46,88175.98,86107.43,87977.43,6730.13202,1.35e-05,0.00011897999999999969,0.00033907,-0.6970856810017324,0,0,26829.832,27358.626,-528.7940000000017,0.4951207875300677,0.4898774802187692,0.44123400665358004,-1205.969000000001,-284.9546000000002,1566551,0,1,0,0
2025-12-16 16:00:00+00:00,87977.44,88050.17,87061.23,87585.77,3497.7582,1.35e-05,0.00011897999999999969,0.00033907,-0.6970856810017324,0,0,13201.571,12831.91,369.66100000000006,0.5070997228530445,0.48976546060585535,0.9689436736013102,-97.59200000000055,-321.32079999999985,838632,0,1,0,0
2025-12-16 20:00:00+00:00,87585.76,87931.48,87343.75,87863.42,1104.98888,4.089e-05,0.0001290599999999997,0.00031955000000000004,0.18576009398358587,0,0,4533.189,4525.512999999999,7.676000000001295,0.5004236810086037,0.4896594569843452,0.7178491930416192,-151.45700000000033,-165.72639999999993,316969,1,0,0,0
2025-12-17 00:00:00+00:00,87863.43,87950.0,87150.01,87213.59,1179.65134,4.089e-05,0.0001290599999999997,0.00031955000000000004,0.18576009398358587,0,0,5438.088,6233.540000000001,-795.4520000000011,0.465923691193722,0.4894052793147253,-0.7406620550436978,-418.1149999999998,-177.07360000000008,354499,1,0,0,0
2025-12-17 04:00:00+00:00,87213.6,87398.54,86209.11,87045.59,2094.81095,6.221e-05,0.00011659999999999969,0.00028176000000000004,0.9240112185838032,0,0,11343.187,11406.097,-62.909999999999854,0.4986173191209007,0.49162893326812407,0.590875022098618,-850.6859999999997,-201.96380000000028,560418,1,0,0,0
2025-12-17 08:00:00+00:00,87045.59,87137.42,86238.91,86983.26,1681.2327,8.987e-05,0.0001929699999999997,0.00034265,1.7430117182114684,0,0,8048.09,7438.398999999999,609.6910000000007,0.519684610243161,0.49579377805016894,1.4379905527331187,-248.67100000000028,25.733200000000217,423445,0,1,0,0
2025-12-17 12:00:00+00:00,86983.26,90365.85,86817.27,87233.44,8132.27731,8.987e-05,0.0001929699999999997,0.00034265,1.7430117182114684,0,0,43188.183,42951.829000000005,236.35399999999208,0.5013719176170999,0.4945581154910864,0.632914348371913,783.1349999999929,-0.9282000000013795,2158075,1,0,0,0
2025-12-17 16:00:00+00:00,87233.44,87769.23,85314.0,86018.53,5045.61646,5.917e-05,0.0002112499999999997,0.00036409,0.6817937724864858,0,0,28269.538,27429.82,839.7180000000008,0.507537950437418,0.4976061903351251,0.9151145079552854,1685.7629999999936,165.48019999999852,1791991,0,1,0,0
2025-12-17 20:00:00+00:00,86018.53,86431.14,85644.09,86243.22,1700.52853,5.917e-05,0.0002112499999999997,0.00036409,0.6817937724864858,0,0,9404.396,7495.580999999998,1908.8150000000023,0.5564738934260088,0.5053885387701715,2.532196872172413,2984.886999999995,706.3335999999993,493503,1,0,0,0
2025-12-18 00:00:00+00:00,86243.23,86863.75,85863.93,86618.34,1716.00096,5.917e-05,0.0002112499999999997,0.00036409,0.6817937724864858,0,0,8018.779,8099.777,-80.99799999999959,0.4974874300154431,0.5049741003445469,0.3113403253102035,2667.5350000000035,702.7159999999992,491529,0,1,0,0
2025-12-18 04:00:00+00:00,86618.35,86901.4,86384.61,86833.84,1551.20199,6.23e-05,0.0002113399999999997,0.00042449,0.735420897687431,0,0,5434.698,6125.438,-690.7399999999998,0.47012405390386414,0.5024744269819266,-0.6943053922533708,1137.077000000003,442.62979999999914,334203,0,1,0,0
2025-12-18 08:00:00+00:00,86833.83,87453.63,86685.14,87300.74,1894.81711,6.23e-05,0.0002113399999999997,0.00042449,0.735420897687431,0,0,7347.416,7096.732999999999,250.6830000000009,0.5086776659531829,0.5026322212919404,0.7358795713055044,-521.0549999999985,445.49560000000093,404041,1,0,0,0
2025-12-18 12:00:00+00:00,87300.5,89477.61,87109.76,88513.44,7315.08784,-8.67e-06,0.00011279999999999968,0.00042475000000000005,-1.61551121575851,0,0,38984.788,36778.062999999995,2206.725000000006,0.5145633709058811,0.5040461902816682,0.8994943087461392,1766.668000000007,718.897000000002,2005913,1,0,0,0
2025-12-18 16:00:00+00:00,88513.43,88533.61,84481.31,84483.79,9332.10895,-8.67e-06,0.00011279999999999968,0.00042475000000000005,-1.61551121575851,0,0,40104.38,43569.294,-3464.9140000000043,0.47929507672867333,0.5053833288351633,-0.42988463392679827,-1007.5059999999976,-355.8487999999994,2016719,1,0,0,0
2025-12-18 20:00:00+00:00,84483.8,85835.9,84450.01,85516.41,3596.20078,8.355e-05,0.00013717999999999969,0.00047749000000000006,1.406768088428261,0,0,14837.942,13176.371,1661.571,0.5296557513296863,0.5084871720560419,1.4418073660356472,403.3820000000014,-7.334999999999491,834396,1,0,0,0
2025-12-19 00:00:00+00:00,85516.41,87568.99,85110.24,86891.39,3311.66901,5.491e-05,0.0001297899999999997,0.00045773,0.4256087024062419,0,0,16116.616,14487.447999999999,1629.1680000000015,0.5266168571598857,0.5091803967477143,1.2583598975806423,-174.1750000000029,456.6466000000008,879438,1,0,0,0
2025-12-19 04:00:00+00:00,86891.39,88449.06,86647.51,87953.4,3713.59538,5.491e-05,0.0001297899999999997,0.00045773,0.4256087024062419,0,0,13658.611,14380.982,-722.3709999999992,0.4871187324295328,0.5077550782289577,-0.3207473951924566,2568.368000000002,262.03580000000073,740325,0,1,0,0
2025-12-19 08:00:00+00:00,87953.39,88385.06,87742.6,88198.7,1797.82182,5.491e-05,0.0001297899999999997,0.00045773,0.4256087024062419,0,0,8765.387,8032.643999999998,732.7430000000022,0.521810383609841,0.5091823215462,1.0762919227906835,1639.5400000000045,-32.760599999999975,474824,1,0,0,0
2025-12-19 12:00:00+00:00,88198.7,89399.97,87514.59,87951.87,5988.71834,0.0001,0.0002384599999999997,0.00054423,1.7919767845420222,0,0,26613.528,25162.752,1450.775999999998,0.5140100447540843,0.5049359366790075,0.6913103525277882,1461.148000000001,950.3774000000005,1410482,0,1,0,0
2025-12-19 16:00:00+00:00,87951.86,88882.55,86846.16,87845.92,4584.61046,0.0001,0.0002549099999999997,0.0006033400000000001,1.6596944058342846,0,0,17803.244,19138.728000000003,-1335.484000000004,0.4819245707836062,0.5033796507558238,-0.7165740595727816,848.0349999999962,350.9663999999997,1101318,1,0,0,0
2025-12-19 20:00:00+00:00,87845.92,88426.85,87614.79,88136.94,1860.23503,0.0001,0.0002549099999999997,0.0006033400000000001,1.6596944058342846,0,0,7585.567,6538.987,1046.58,0.5370482494526907,0.5100720703107064,1.6570365036015993,1161.871999999994,234.44879999999938,427925,1,0,0,0
2025-12-20 00:00:00+00:00,88136.95,88339.27,87961.6,88214.98,984.44715,0.0001,0.0002549099999999997,0.0006033400000000001,1.6596944058342846,0,0,2832.75,2804.607,28.14300000000003,0.5024961165312043,0.5094539153685086,0.08607610230356094,-260.76100000000406,384.5515999999992,161858,1,0,0,0
2025-12-20 04:00:00+00:00,88214.98,88573.07,88123.07,88275.41,797.87192,0.0001,0.00030000000000000003,0.00064113,1.5270056627784963,0,0,3498.955,3399.376,99.57899999999972,0.507217615391317,0.5087193398170522,0.2931770438603268,1174.3019999999997,257.9187999999987,175571,1,0,0,0
2025-12-20 08:00:00+00:00,88275.41,88428.0,88107.35,88277.66,821.72303,1.234e-05,0.0002123399999999997,0.0005636,-0.9969201555615333,0,0,2567.48,2301.905,265.5749999999998,0.5272698708358448,0.5135168192277693,1.139878196196658,393.29699999999957,20.878599999999096,137992,1,0,0,0
2025-12-20 12:00:00+00:00,88277.66,88343.73,87795.76,88178.71,1315.67537,1.234e-05,0.0002123399999999997,0.0005636,-0.9969201555615333,0,0,5487.707,6041.6720000000005,-553.9650000000001,0.47597593938060323,0.5081488380328609,-1.244841662067333,-188.8110000000006,177.18239999999986,243019,1,0,0,0
2025-12-20 16:00:00+00:00,88178.72,88418.73,88103.54,88232.92,574.10491,1.234e-05,0.0002123399999999997,0.0005636,-0.9969201555615333,0,0,2244.751,1674.504,570.2470000000003,0.5727494128348373,0.5127620936003561,2.727885040560364,281.85699999999997,81.91579999999995,106130,1,0,0,0
2025-12-20 20:00:00+00:00,88232.92,88443.44,88154.06,88360.9,629.30956,7.171e-05,0.00018404999999999968,0.0005761400000000002,0.6692350769842632,0,0,1628.651,1491.49,137.16100000000006,0.5219799361631413,0.516248213973717,0.6409878530317294,153.4430000000002,103.71939999999995,99301,1,0,0,0
2025-12-21 00:00:00+00:00,88360.91,88433.64,87869.35,88070.64,991.41687,9.682e-05,0.0001808699999999997,0.0006106600000000001,1.2899970337177709,0,0,3338.825,3997.4980000000005,-658.6730000000007,0.45510877860748494,0.5095780534734813,-1.9491513706809966,48.73499999999967,-47.93100000000013,194685,1,0,0,0
2025-12-21 04:00:00+00:00,88070.64,88201.59,88050.0,88174.79,455.57319,9.682e-05,0.0001808699999999997,0.0006106600000000001,1.2899970337177709,0,0,1337.851,1321.1569999999997,16.694000000000415,0.5031391406118373,0.5084909630592567,-0.12364512797390495,-504.8180000000002,-97.70720000000001,89821,1,0,0,0
2025-12-21 08:00:00+00:00,88174.79,89081.77,88141.87,88601.57,1439.81605,9.682e-05,0.0001808699999999997,0.0006106600000000001,1.2899970337177709,0,0,8147.768,7278.241,869.527,0.528183796599626,0.5131168856408587,0.8203904982270058,227.54799999999977,186.99120000000002,402462,1,0,0,0
2025-12-21 12:00:00+00:00,88601.57,88920.01,87600.04,88067.95,2206.50881,8.873e-05,0.00025725999999999966,0.00070806,1.0129572197297068,0,0,11566.199,14167.256000000001,-2601.0570000000007,0.44946156666487264,0.5043582173620769,-2.0318692519380357,-1714.8360000000002,-447.2696000000002,661778,1,0,0,0
2025-12-21 16:00:00+00:00,88067.96,88600.0,87950.0,88484.01,1240.46771,3.977e-05,0.00022531999999999967,0.0006642800000000001,-0.4006767167634415,0,0,5058.614,5155.942000000001,-97.32800000000134,0.49523581837526753,0.5036321875464831,-0.361021150144717,-1828.858000000002,-494.16740000000044,301271,0,1,0,0
2025-12-21 20:00:00+00:00,88484.01,88823.52,88091.96,88658.86,799.08995,3.977e-05,0.00022531999999999967,0.0006642800000000001,-0.4006767167634415,0,0,3263.611,2991.4260000000004,272.1849999999995,0.5217572653846811,0.5050861525458197,0.5674687317920698,-2426.2000000000025,-307.99580000000043,224949,1,0,0,0
2025-12-22 00:00:00+00:00,88658.87,89627.24,87900.0,88774.12,2619.97992,4.389e-05,0.00017238999999999967,0.0006532600000000001,-0.2562035716191705,0,0,16315.636,15681.169,634.4670000000006,0.5099145367795316,0.5033506191401883,0.0931479883935995,809.3239999999987,-184.44120000000038,852405,1,0,0,0
2025-12-22 04:00:00+00:00,88774.13,89200.0,88712.11,89170.1,1290.70342,4.389e-05,0.00017238999999999967,0.0006532600000000001,-0.2562035716191705,0,0,4585.065,4559.844,25.22099999999955,0.5013789639678208,0.50589092159891,-0.22884390003079458,931.8729999999996,-353.3024000000005,308255,1,0,0,0
2025-12-22 08:00:00+00:00,89170.1,90118.0,89093.44,89945.43,2622.90199,4.389e-05,0.00017238999999999967,0.0006532600000000001,-0.2562035716191705,0,0,13729.615,12185.259,1544.3559999999998,0.5297967105686101,0.5015956513722873,0.8127443285028455,2204.044,475.7801999999996,605939,1,0,0,0
2025-12-22 12:00:00+00:00,89945.43,90588.23,89196.42,89726.92,3942.72215,4.524e-05,0.00012889999999999966,0.0005985000000000001,-0.21483877956564584,0,0,21216.133,21837.314,-621.1809999999969,0.49278593186742986,0.49867625094271617,-0.5446747047855413,948.3960000000025,371.0096000000005,1190652,1,0,0,0
2025-12-22 16:00:00+00:00,89726.93,90127.0,87965.76,88052.43,2609.5493,4.524e-05,0.00012889999999999966,0.0005985000000000001,-0.21483877956564584,0,0,12335.549,13815.184,-1479.6349999999984,0.4717094928084808,0.5003363223628158,-1.2420250234456078,-556.4599999999955,20.645600000000922,763305,1,0,0,0
2025-12-22 20:00:00+00:00,88052.42,88833.33,87911.79,88620.79,1587.36292,6.654e-05,0.00015566999999999968,0.0005650399999999999,0.3787351898513109,0,0,9716.366,8716.335000000001,1000.030999999999,0.5271265453717282,0.5027350628388049,0.818246188646028,-1100.7849999999962,93.75840000000062,460191,1,0,0,0
2025-12-23 00:00:00+00:00,88620.79,88940.0,87800.0,88170.0,1505.70483,2.633e-05,0.00013810999999999967,0.0004913700000000001,-0.8542859321946682,0,0,8031.705,8493.533000000001,-461.82800000000134,0.48602658551725547,0.4985193417305679,-0.7090275060967249,-941.4320000000007,-3.6513999999995574,458769,1,0,0,0
2025-12-23 04:00:00+00:00,88170.0,88368.1,87051.52,87574.79,1996.43062,2.633e-05,0.00013810999999999967,0.0004913700000000001,-0.8542859321946682,0,0,10225.839,12954.593,-2728.754000000001,0.4411410020313685,0.4976872852672174,-2.204299780850205,-2190.551000000003,-858.2733999999997,543728,1,0,0,0
2025-12-23 08:00:00+00:00,87574.78,87890.0,87297.69,87856.65,1432.37853,5.231e-05,0.00014517999999999966,0.00053134,-0.05834354963513956,0,0,6084.841,6014.058999999999,70.78200000000106,0.5029251419550538,0.4984562176251961,-0.032337063182191324,-3119.800000000001,-719.8808000000001,282815,1,0,0,0
2025-12-23 12:00:00+00:00,87856.66,87963.03,86601.9,87443.45,3407.99312,5.231e-05,0.00014517999999999966,0.00053134,-0.05834354963513956,0,0,15910.149,18474.719000000005,-2564.570000000005,0.4627078690544922,0.4925512779921772,-1.340186142941046,-5222.542000000005,-936.8678000000015,907386,1,0,0,0
2025-12-23 16:00:00+00:00,87443.45,88275.4,87162.39,87752.87,3220.82979,5.231e-05,0.00014517999999999966,0.00053134,-0.05834354963513956,0,0,16570.375,15930.952000000001,639.4229999999989,0.5098368752758926,0.4925435118418132,0.23010246890677113,-1854.3650000000052,-1008.9894000000015,820663,1,0,0,0
2025-12-23 20:00:00+00:00,87752.88,88372.35,87180.0,87486.0,2346.99215,1.795e-05,9.658999999999967e-05,0.00047758000000000007,-1.0381655313294251,0,0,8029.708,6937.475000000001,1092.2329999999984,0.5364875942253128,0.4960543748675625,1.1282682420759789,-832.914000000008,-698.1772000000016,462648,0,1,0,0
2025-12-24 00:00:00+00:00,87486.0,87839.66,86863.88,87336.23,1598.88886,1.795e-05,9.658999999999967e-05,0.00047758000000000007,-1.0381655313294251,0,0,7775.568,7566.267999999999,209.3000000000011,0.5068212174866163,0.49375682555936307,0.14176089061811836,1940.9559999999983,-110.56640000000115,419059,0,1,0,0
2025-12-24 04:00:00+00:00,87336.23,87458.54,86796.65,86911.53,1349.63742,0.0001,0.00017025999999999966,0.00048076000000000005,1.4048512899238785,0,0,5373.404,5928.993999999999,-555.5899999999983,0.4754215875250545,0.49202039112512547,-0.9168952442114987,745.9430000000011,-235.84080000000102,288033,1,0,0,0
2025-12-24 08:00:00+00:00,86911.53,87359.59,86724.05,87203.94,1188.37005,0.0001,0.00017025999999999966,0.00048076000000000005,1.4048512899238785,0,0,5625.994,4911.255,714.7389999999996,0.5339148766437996,0.49824092950865745,1.050760293229134,368.44900000000234,420.0209999999999,272278,1,0,0,0
2025-12-24 12:00:00+00:00,87203.94,87478.59,86420.0,87049.99,2300.52897,8.455e-05,0.00020249999999999966,0.00047658,0.8851471761233475,0,0,11264.166,12034.819000000001,-770.6530000000021,0.4834616615273154,0.4938744411242161,-0.611775780859936,-611.5040000000008,138.00579999999974,646129,1,0,0,0
2025-12-24 16:00:00+00:00,87050.0,87670.0,86917.25,87566.06,1746.44928,5.927e-05,0.00024381999999999968,0.00049608,0.115499165866969,0,0,6918.635,6408.870999999999,509.76400000000103,0.5191245083663816,0.49718423340912865,0.5442859530774123,453.84999999999854,21.512000000000263,426318,1,0,0,0
2025-12-24 20:00:00+00:00,87566.07,88049.89,87516.77,87669.45,956.96862,5.927e-05,0.00024381999999999968,0.00049608,0.115499165866969,0,0,3850.2,3885.334,-35.134000000000015,0.49772905141390367,0.5028430383473823,-0.13432192935235313,-296.02300000000105,-27.374799999999958,213670,0,1,0,0
2025-12-25 00:00:00+00:00,87669.44,87967.5,87508.52,87840.42,652.86225,5.953e-05,0.00020334999999999968,0.00051172,0.06928182930190532,0,0,2805.87,2827.6540000000005,-21.78400000000056,0.4980665743147628,0.5023571815833531,-0.11758662845498566,452.84600000000046,79.3863999999996,170105,0,1,0,0
2025-12-25 04:00:00+00:00,87840.42,87862.2,87661.17,87837.59,568.68423,5.953e-05,0.00020334999999999968,0.00051172,0.06928182930190532,0,0,1545.294,2329.093,-783.7989999999998,0.3988486436693082,0.4959712590448347,-2.8678257710153248,-840.7170000000003,-220.32120000000026,113832,1,0,0,0
2025-12-25 08:00:00+00:00,87837.59,87888.0,87251.6,87519.44,1203.75216,5.953e-05,0.00020334999999999968,0.00051172,0.06928182930190532,0,0,3832.94,4472.350999999999,-639.4109999999987,0.4615058039507587,0.4911381519123214,-0.9852116705315918,-1444.993999999999,-194.0727999999996,228016,1,0,0,0
2025-12-25 12:00:00+00:00,87519.45,88592.74,87398.78,88371.27,1933.47252,7.953e-05,0.00019832999999999968,0.00054601,0.6479436322318509,0,0,8392.642,6967.725,1424.9169999999995,0.5463829086896166,0.4921276833587517,1.3555916420529965,1.7070000000010168,-11.042199999999912,370976,1,0,0,0
2025-12-25 16:00:00+00:00,88371.27,88478.0,87993.21,88151.18,1039.54656,7.953e-05,0.00019832999999999968,0.00054601,0.6479436322318509,0,0,4437.771,5032.385000000001,-594.6140000000014,0.4686059025849204,0.4883061518685822,-0.7832488102403323,190.89199999999937,-122.9382000000002,254120,1,0,0,0
2025-12-25 20:00:00+00:00,88151.19,88167.65,86934.72,87225.27,1698.26463,8.322e-05,0.0002222799999999997,0.00056269,0.7193404327818719,0,0,6812.613,8339.914,-1527.3010000000004,0.4496024326503428,0.48572423638111106,-1.2625591019938984,-696.9980000000023,-424.04160000000013,407578,1,0,0,0
2025-12-26 00:00:00+00:00,87225.27,89440.0,86891.7,88844.87,4964.62578,8.322e-05,0.0002222799999999997,0.00056269,0.7193404327818719,0,0,19339.71,18775.427000000003,564.2829999999958,0.5074023477863925,0.48307298349537026,0.4089635639190781,-1557.632000000006,-154.42520000000104,1006730,1,0,0,0
2025-12-26 04:00:00+00:00,88844.88,89567.75,88347.45,88470.75,3154.47608,4.378e-05,0.0002065299999999997,0.00058014,-0.5813940459997976,0,0,10891.508,11045.829,-154.3209999999999,0.49648268611636864,0.4843750859542756,0.08545171534457177,-1117.3390000000045,-57.40720000000128,475162,1,0,0,0
2025-12-26 08:00:00+00:00,88470.75,88918.59,88414.81,88533.42,1250.32549,4.378e-05,0.0002065299999999997,0.00058014,-0.5813940459997976,0,0,6251.39,5167.713999999999,1083.6760000000013,0.5474501326899204,0.48720764838662944,1.5684236932449733,1493.6379999999972,-125.65540000000092,302602,1,0,0,0
2025-12-26 12:00:00+00:00,88533.43,89050.0,86655.08,87137.81,5932.37434,5.427e-05,0.00018126999999999968,0.0005821000000000001,-0.28570236603477256,0,0,27011.264,24426.238,2585.025999999998,0.5251278337738874,0.4899475266226278,0.8513810879739451,3514.3809999999994,510.272599999999,1093610,0,1,0,0
2025-12-26 16:00:00+00:00,87137.81,87580.29,86818.18,87501.83,1940.76351,5.427e-05,0.00018126999999999968,0.0005821000000000001,-0.28570236603477256,0,0,9409.182,9778.524999999998,-369.3429999999971,0.49037553054150773,0.48917842224530234,-0.1890558807028742,3299.359000000002,741.8641999999996,515774,0,1,0,0
2025-12-26 20:00:00+00:00,87501.83,87792.7,87321.4,87369.56,1102.04985,0.0001,0.0001980499999999997,0.00066415,1.242289617472618,0,0,3288.887,4586.063,-1297.176,0.4176390961212452,0.49105746749049606,-2.105611580538068,918.507000000001,369.57240000000047,213089,1,0,0,0
2025-12-27 00:00:00+00:00,87369.56,87532.0,87253.05,87514.22,675.35016,1.809e-05,0.00017235999999999968,0.00058224,-1.4940174758944615,0,0,2176.968,2387.468,-210.5,0.47694129132273955,0.4926010162276941,-0.4225879751062988,-1877.018999999997,358.33660000000043,119853,0,1,0,0
2025-12-27 04:00:00+00:00,87514.23,87702.0,87417.93,87539.26,515.35353,1.809e-05,0.00017235999999999968,0.00058224,-1.4940174758944615,0,0,1664.421,1861.0539999999999,-196.6329999999998,0.4721125522092768,0.4851739805796601,-0.5280358333701799,-1704.3089999999997,102.27480000000023,105910,0,1,0,0
2025-12-27 08:00:00+00:00,87539.26,87677.0,87370.73,87475.98,1077.75463,2.788e-05,0.0001459699999999997,0.00052557,-1.0905480391376337,0,0,2406.245,2759.9670000000006,-353.72200000000066,0.4657658261023744,0.48488997293140546,-0.6537347833041199,-760.8550000000005,-485.4747999999995,125505,1,0,0,0
2025-12-27 12:00:00+00:00,87475.99,87589.99,87308.05,87551.25,749.39054,2.788e-05,0.0001459699999999997,0.00052557,-1.0905480391376337,0,0,2275.422,2239.6259999999997,35.79600000000028,0.5039640774583127,0.49032613741220255,0.4101240274409405,-514.5590000000002,-404.447,109873,1,0,0,0
2025-12-27 16:00:00+00:00,87551.26,87591.0,87442.08,87569.39,566.59122,2.788e-05,0.0001459699999999997,0.00052557,-1.0905480391376337,0,0,1109.929,1332.8289999999997,-222.89999999999964,0.4543753413150219,0.48502343676506543,-0.9543200949614496,-540.826,-189.59179999999998,76428,0,1,0,0
2025-12-27 20:00:00+00:00,87569.39,87984.0,87499.99,87877.01,885.11148,5.85e-05,0.00010446999999999968,0.0005248000000000001,-0.07443054657540965,0,0,3913.98,3166.2000000000003,747.7799999999997,0.5528079794581493,0.49065596609924356,1.6947036959831667,560.6760000000004,2.0641999999999827,165296,1,0,0,0
2025-12-28 00:00:00+00:00,87877.0,87961.37,87705.97,87740.01,672.08653,5.85e-05,0.00010446999999999968,0.0005248000000000001,-0.07443054657540965,0,0,2239.991,2578.282,-338.29100000000017,0.4648949945343487,0.48240045228368633,-0.6401717711768885,186.58899999999994,-26.267400000000087,120739,1,0,0,0
2025-12-28 04:00:00+00:00,87740.0,87837.99,87614.79,87730.85,442.23022,-3.6e-07,8.601999999999968e-05,0.00046491,-1.8356191076714057,0,0,1763.972,1831.97,-67.99800000000005,0.4905451756452134,0.47894218647081904,-0.0008892409336524272,341.49099999999953,30.877400000000033,96122,1,0,0,0
2025-12-28 08:00:00+00:00,87730.86,88010.0,87720.0,87883.25,760.04376,7.955e-05,0.00013768999999999967,0.00046493000000000006,0.604021627472588,0,0,3186.436,2696.3749999999995,490.0610000000006,0.5416519415633105,0.4840698275729992,1.3252332064206211,83.77200000000039,121.7304000000001,142850,1,0,0,0
2025-12-28 12:00:00+00:00,87883.25,88088.75,87794.86,87836.27,821.25662,7.955e-05,0.00013768999999999967,0.00046493000000000006,0.604021627472588,0,0,3346.979,3022.2330000000006,324.7459999999992,0.5254934205361668,0.49485526001449137,0.8378598224429551,746.8089999999997,231.25959999999986,143656,0,1,0,0
2025-12-28 16:00:00+00:00,87836.27,87931.59,87500.26,87520.75,881.83702,9.464e-05,0.00017382999999999968,0.00047635000000000006,1.0865016203277096,0,0,4597.082,4633.619999999999,-36.53799999999865,0.49802084391847995,0.49696321527406545,0.1186812925993634,778.2690000000011,74.39600000000019,183580,1,0,0,0
2025-12-28 20:00:00+00:00,87520.75,88049.53,87435.0,87952.71,868.8387,9.464e-05,0.00017382999999999968,0.00047635000000000006,1.0865016203277096,0,0,4094.706,3368.318,726.3879999999999,0.5486657955273895,0.5046185396058768,1.4367718581946642,1014.5960000000005,287.3318000000002,199198,1,0,0,0
2025-12-29 00:00:00+00:00,87952.71,90169.06,87813.17,90123.55,4759.05691,9.464e-05,0.00017382999999999968,0.00047635000000000006,1.0865016203277096,0,0,23512.289,21701.2,1811.089,0.5200281933561907,0.5100447763312583,0.6688651681147587,2500.939000000001,663.1492000000002,931519,1,0,0,0
2025-12-29 04:00:00+00:00,90123.55,90406.08,89507.03,89617.71,3502.98691,0.0001,0.0002741899999999997,0.00053257,1.185102540780788,0,0,11315.002,14149.185000000001,-2834.183000000001,0.444349627184249,0.5040833313038519,-1.2495876684002816,-296.70600000000104,-1.6996000000001004,493722,1,0,0,0
2025-12-29 08:00:00+00:00,89617.71,89825.01,87567.65,87567.66,4608.77018,0.0001,0.0002741899999999997,0.00053257,1.185102540780788,0,0,23544.358,21755.998,1788.3600000000006,0.5197389177250616,0.510619688944856,0.691343660936659,765.2659999999996,291.0232000000002,785506,0,1,0,0
2025-12-29 12:00:00+00:00,87567.65,88190.71,86806.5,87691.62,4178.35066,0.0001,0.00029463999999999966,0.0005783,1.185102540780788,0,0,24935.058,24784.573,150.48500000000058,0.5015133358491739,0.5054902245839583,0.20633537880963843,-895.3379999999997,328.42780000000005,1038866,1,0,0,0
2025-12-29 16:00:00+00:00,87691.62,87996.22,87312.34,87366.23,1457.68333,4.826e-05,0.0002482599999999997,0.00052656,-0.44724412670177854,0,0,7347.998,7891.9310000000005,-543.9330000000009,0.4821543459946565,0.5072161597299891,-0.262549443873078,1394.9120000000003,74.36359999999986,419012,1,0,0,0
2025-12-29 20:00:00+00:00,87366.23,87597.59,87071.49,87237.13,1388.13776,4.826e-05,0.0002482599999999997,0.00052656,-0.44724412670177854,0,0,4628.469,4438.148,190.3209999999999,0.510495700877185,0.5092112122531863,0.46007643714349833,-203.1270000000004,-249.79000000000013,234966,0,1,0,0
2025-12-30 00:00:00+00:00,87237.13,87423.65,86845.66,87379.0,1520.57005,4.826e-05,0.0002482599999999997,0.00052656,-0.44724412670177854,0,0,6473.888,6965.095,-491.20700000000033,0.48172454716253454,0.5032184728131088,-0.269423599854786,-844.8190000000013,218.80519999999996,339096,0,1,0,0
2025-12-30 04:00:00+00:00,87378.99,87600.0,87157.07,87502.85,1077.59137,0.0001,0.0002482599999999997,0.0006084700000000001,1.2688094983204712,0,0,4124.913,4046.1760000000004,78.73699999999917,0.5048180236440943,0.5011509331239015,0.26452017103086006,-222.14900000000125,-123.11940000000031,200037,1,0,0,0
2025-12-30 08:00:00+00:00,87502.85,88224.76,87502.84,87903.89,2468.25039,0.0001,0.0002482599999999997,0.0006084700000000001,1.2688094983204712,0,0,11193.593,12133.708999999999,-940.1159999999982,0.47984944851316286,0.4993337935833698,-0.4831278059309232,-1352.5859999999993,-341.23960000000005,436628,0,1,0,0
2025-12-30 12:00:00+00:00,87903.89,89159.52,87834.01,89016.35,3882.44573,4.613e-05,0.00019438999999999972,0.0006267200000000001,-0.580394743276169,0,0,19716.48,19185.443000000003,531.0369999999966,0.5068253309739983,0.4951497471280306,0.3612824796316043,-330.3420000000024,-126.24560000000056,843470,1,0,0,0
2025-12-30 16:00:00+00:00,89016.36,89400.0,87960.2,88226.16,2912.38545,4.613e-05,0.00019438999999999972,0.0006267200000000001,-0.580394743276169,0,0,15779.228,16732.103,-952.875,0.4853454938525894,0.4916814771776705,-0.31401243627069325,-1361.9540000000015,-354.88480000000055,691674,1,0,0,0
2025-12-30 20:00:00+00:00,88226.15,88573.65,87886.46,88485.49,1244.66702,8.345e-05,0.00022957999999999968,0.00065167,0.6949966354110223,0,0,5565.425,4829.206999999999,736.2180000000008,0.5354133749035079,0.5007878519495964,1.154816907867975,314.3799999999974,-109.39980000000033,240755,1,0,0,0
2025-12-31 00:00:00+00:00,88485.5,88819.8,88172.15,88453.04,1131.98072,8.345e-05,0.00022957999999999968,0.00065167,0.6949966354110223,0,0,5755.742,5923.485999999999,-167.74399999999878,0.4928187034280006,0.49809583051989026,-0.15908998744965044,-384.400999999998,-158.6959999999999,284798,1,0,0,0
2025-12-31 04:00:00+00:00,88453.04,88638.76,88325.06,88613.12,972.41187,2.922e-05,0.00015879999999999969,0.00068125,-1.097077007530795,0,0,3274.14,3010.342,263.7979999999998,0.5209880464292841,0.5000433015779013,0.6892148671287711,832.2720000000018,82.08679999999967,156929,1,0,0,0
2025-12-31 08:00:00+00:00,88613.11,89046.6,88393.52,89011.52,1674.66744,2.922e-05,0.00015879999999999969,0.00068125,-1.097077007530795,0,0,6314.494,6125.666,188.82799999999952,0.5075894522256948,0.5025868122010052,0.32848453145179307,284.8820000000005,13.645000000000255,265798,1,0,0,0
2025-12-31 12:00:00+00:00,89011.51,89200.0,87766.59,87953.97,3261.85615,1.453e-05,0.0001271999999999997,0.0006162300000000001,-1.4823529471160173,0,0,15019.976,16516.864,-1496.8880000000008,0.47626762858929433,0.4991640049722161,-0.6334388464893245,-1044.2620000000015,-95.15759999999992,644318,1,0,0,0
2025-12-31 16:00:00+00:00,87953.97,88053.49,87400.41,87541.85,2936.14316,1.453e-05,0.0001271999999999997,0.0006162300000000001,-1.4823529471160173,0,0,12900.053,11153.921999999999,1746.1310000000012,0.536296100748421,0.5046211603308047,1.2322371458135621,438.0709999999999,106.82500000000019,535363,0,1,0,0
2025-12-31 20:00:00+00:00,87541.85,87879.04,87250.0,87648.22,1581.56113,3.75e-05,8.12499999999997e-05,0.00055909,-0.7048057614246106,0,0,5217.63,5556.042,-338.41200000000026,0.48429449123752794,0.5025688070901481,-0.5442130210713371,-89.16899999999987,72.69139999999989,224667,0,1,0,0
2026-01-01 00:00:00+00:00,87648.21,88088.1,87632.74,87846.02,833.74412,3.75e-05,8.12499999999997e-05,0.00055909,-0.7048057614246106,0,0,3658.29,3444.26,214.02999999999975,0.5150671237794876,0.5060905746167805,0.513532632945655,1621.7490000000007,62.73779999999988,166996,1,0,0,0
2026-01-01 04:00:00+00:00,87846.01,87854.81,87550.43,87631.88,1108.52485,0.0001,0.0001520299999999997,0.00055909,1.29875903842987,0,0,2747.103,2938.202,-191.09900000000016,0.48319360175047776,0.5037274016944286,-0.6542808711422141,-315.4810000000007,-13.247600000000057,135718,1,0,0,0
2026-01-01 08:00:00+00:00,87631.88,88024.64,87631.87,88024.64,819.82493,0.0001,0.0001520299999999997,0.00055909,1.29875903842987,0,0,3556.141,2490.5269999999996,1065.6140000000005,0.5881158019590293,0.5140044325050726,2.682014295154132,1088.545,499.2528000000002,127814,1,0,0,0
2026-01-01 12:00:00+00:00,88024.64,88113.45,87810.66,88032.18,1005.89204,0.0001,0.0002374999999999997,0.00055909,1.2114176525351916,0,0,3884.867,4245.218,-360.35099999999966,0.4778384235835173,0.5082469373730735,-0.8476840637005714,514.1640000000007,77.95640000000003,173580,0,1,0,0
2026-01-01 16:00:00+00:00,88032.17,88500.0,87879.03,88391.15,1140.33499,0.0001,0.0002374999999999997,0.00055909,1.2114176525351916,0,0,5804.121,5509.911999999999,294.20900000000074,0.5130019507632689,0.5102652621066003,0.22346624536935863,999.4720000000016,204.48060000000024,235996,1,0,0,0
2026-01-01 20:00:00+00:00,88391.16,88919.45,88240.0,88839.04,1371.2504,1.711e-05,0.00021710999999999972,0.0005279400000000001,-1.3441533967765071,0,0,4658.916,5003.746,-344.8299999999999,0.4821565734163112,0.506382114805303,-0.7562424044653218,-410.97199999999884,92.7086000000003,216879,0,1,0,0
2026-01-02 00:00:00+00:00,88839.05,89120.01,88379.88,88950.65,1615.06136,1.711e-05,0.00021710999999999972,0.0005279400000000001,-1.3441533967765071,0,0,9598.018,10211.179,-613.1610000000001,0.4845233252009155,0.5040755021028251,-0.7142811619501798,-663.7819999999992,8.296200000000317,381283,0,1,0,0
2026-01-02 04:00:00+00:00,88950.64,89079.44,88576.56,88857.61,1190.3172,5.608e-05,0.00017318999999999972,0.00048402000000000004,-0.17123122907282648,0,0,5349.965,6891.335999999999,-1541.3709999999992,0.43704219020510976,0.5001529582644066,-2.1467835141632037,-2499.361999999999,-513.1007999999996,243681,1,0,0,0
2026-01-02 08:00:00+00:00,88857.6,89942.44,88758.94,89502.95,3334.56621,5.608e-05,0.00017318999999999972,0.00048402000000000004,-0.17123122907282648,0,0,13800.836,14086.512999999999,-285.6769999999997,0.4948780179858616,0.49601114998815066,-0.21505334014532754,-2440.208999999999,-498.1659999999996,510813,0,1,0,0
2026-01-02 12:00:00+00:00,89502.94,90135.0,88459.96,89418.11,4573.8437,4.219e-05,0.00011537999999999971,0.00048008,-0.5965011901213274,0,0,25466.286,25180.856,285.4300000000003,0.5028178292863988,0.4978634837930378,0.07779860103948805,-1541.6179999999986,-499.92179999999973,1130397,0,1,0,0
2026-01-02 16:00:00+00:00,89418.1,90961.81,89205.92,89897.23,5155.47201,4.813e-05,0.0001463999999999997,0.00044476,-0.4549747155102315,0,0,26732.69,26899.005,-166.31500000000233,0.4984494709704774,0.49620171851213674,-0.07109092312997504,-166.56200000000172,-464.2188000000002,1190457,0,1,0,0
2026-01-02 20:00:00+00:00,89897.23,90400.0,89636.77,89995.13,1527.71253,4.813e-05,0.0001463999999999997,0.00044476,-0.4549747155102315,0,0,7109.075,5336.688999999999,1772.3860000000004,0.5712043872919332,0.5050027970662823,2.2585447505948255,1891.5009999999984,12.890599999999903,305190,1,0,0,0
2026-01-03 00:00:00+00:00,89995.14,90418.32,89966.48,90321.22,1026.19409,4.813e-05,0.0001463999999999997,0.00044476,-0.4549747155102315,0,0,3460.17,3024.0150000000003,436.15499999999975,0.5336322143800647,0.49955443830838586,1.0175576297449371,2042.2259999999978,408.39579999999967,171671,1,0,0,0
2026-01-03 04:00:00+00:00,90321.23,90480.62,89314.01,89577.13,1777.4168,3.11e-05,0.00012141999999999972,0.00044664,-0.9431976573433539,0,0,6360.959,7997.191,-1636.232,0.4430207930687449,0.4960726752569086,-1.86765326263365,572.3090000000002,138.28479999999962,319829,1,0,0,0
2026-01-03 08:00:00+00:00,89577.13,89982.11,89420.75,89752.74,1301.1092,1.055e-05,8.977999999999971e-05,0.00044266000000000005,-1.4913305762216587,0,0,5275.633,4393.084000000001,882.5489999999991,0.5456394059315212,0.4993364207737338,1.3345028689667298,-317.52800000000116,257.70859999999936,234717,1,0,0,0
2026-01-03 12:00:00+00:00,89752.75,90249.99,89664.93,89969.31,1115.15116,1.055e-05,8.977999999999971e-05,0.00044266000000000005,-1.4913305762216587,0,0,5513.769,4565.1849999999995,948.5840000000007,0.5470576609437845,0.5058265295264811,1.291232966801835,194.90099999999984,480.6884,208627,1,0,0,0
2026-01-03 16:00:00+00:00,89969.31,90219.67,89918.59,90123.77,516.07827,6.938e-05,0.00011102999999999971,0.00047454,0.36954151475168745,0,0,2396.59,2414.9799999999996,-18.389999999999418,0.49808898135120144,0.5071830951415097,-0.19749068053855004,1812.7430000000004,122.53320000000004,119375,0,1,0,0
2026-01-03 20:00:00+00:00,90123.76,90741.16,90017.23,90628.01,1321.51764,6.938e-05,0.00011102999999999971,0.00047454,0.36954151475168745,0,0,6008.643,5481.049999999999,527.5930000000008,0.5229594037020833,0.5157748164912072,0.5400268162535736,1457.787000000002,140.82080000000025,227104,1,0,0,0
2026-01-04 00:00:00+00:00,90628.01,91610.17,90628.0,91236.78,2719.43418,9.488e-05,0.00017480999999999972,0.00046942,1.1162285382708261,0,0,11182.25,9854.223999999998,1328.0260000000017,0.5315648430435633,0.5194434989969773,0.7482737751386411,1837.229000000003,733.6724000000006,514599,1,0,0,0
2026-01-04 04:00:00+00:00,91236.78,91810.0,91183.15,91532.0,1833.66412,9.488e-05,0.00017480999999999972,0.00046942,1.1162285382708261,0,0,6910.815,6633.759000000001,277.0559999999987,0.5102275641891727,0.5201844724872547,0.1009281474707237,2132.675000000001,612.5738000000005,306402,1,0,0,0
2026-01-04 08:00:00+00:00,91532.0,91620.5,91174.46,91300.0,2596.25909,5.813e-05,0.00022238999999999972,0.00042755,-0.002407807685140235,0,0,5568.465,6385.959000000001,-817.4940000000006,0.4658078883599912,0.516920314226206,-1.203446876149607,787.5879999999997,259.35820000000024,258351,1,0,0,0
2026-01-04 12:00:00+00:00,91300.01,91419.22,91014.1,91334.94,1316.31831,5.813e-05,0.00022238999999999972,0.00042755,-0.002407807685140235,0,0,5322.621,4994.976,327.64500000000044,0.5158779704227642,0.5113876725392891,0.2715403067529106,-212.79300000000148,328.5652000000002,236531,1,0,0,0
2026-01-04 16:00:00+00:00,91334.94,91455.9,90863.47,91138.07,1140.52954,5.813e-05,0.00022238999999999972,0.00042755,-0.002407807685140235,0,0,4399.405,4985.926,-586.5210000000006,0.4687533130158116,0.5048997824028638,-1.0912648548049546,-1076.3700000000008,105.7423999999999,227245,1,0,0,0
2026-01-04 20:00:00+00:00,91138.06,91590.0,91132.0,91529.73,820.32446,4.436e-05,0.00019736999999999972,0.00045480000000000005,-0.3957375968438518,0,0,4018.721,3515.908,502.8130000000001,0.5333668054525312,0.5139343836412424,0.7974086519725868,243.9369999999999,-59.3002000000004,211182,1,0,0,0
2026-01-05 00:00:00+00:00,91529.74,93388.0,91514.81,92878.22,5548.56251,8.893e-05,0.0001914199999999997,0.00048765000000000006,0.9493608825734579,0,0,28014.615,23032.887999999995,4981.727000000006,0.5487950115797046,0.5142499442060607,1.167558735975305,4898.019000000006,881.6340000000012,1000323,1,0,0,0
2026-01-05 04:00:00+00:00,92878.22,92947.87,92155.0,92520.63,1838.8669,8.893e-05,0.0001914199999999997,0.00048765000000000006,0.9493608825734579,0,0,8654.361,11579.8,-2925.4389999999985,0.4277103953062349,0.5023152176423059,-2.039707286396006,2559.101000000008,460.04500000000155,394196,1,0,0,0
2026-01-05 08:00:00+00:00,92520.63,93151.0,92320.17,93134.26,2498.18846,5.23e-05,0.00018558999999999975,0.0004977600000000001,-0.18820158029842882,0,0,11071.049,9142.693999999998,1928.3550000000032,0.5476991074834583,0.5072762302555316,1.075229599825292,3984.643000000011,780.1870000000021,378193,1,0,0,0
2026-01-05 12:00:00+00:00,93134.25,94000.0,92407.13,93957.73,4224.09624,5.23e-05,0.00018558999999999975,0.0004977600000000001,-0.18820158029842882,0,0,21450.733,21682.384,-231.65099999999802,0.4973146967329071,0.5047117595586139,-0.2501148685213684,-1228.7349999999933,851.1610000000026,1018489,0,1,0,0
2026-01-05 16:00:00+00:00,93957.74,94500.0,93250.0,94303.4,4190.38211,7.723e-05,0.00021845999999999972,0.00052686,0.625524875744646,0,0,17910.039,17604.565,305.474000000002,0.5043006814886631,0.5019853434031238,-0.039976589763720614,2002.1780000000072,811.693200000003,808643,1,0,0,0
2026-01-05 20:00:00+00:00,94303.4,94789.08,93800.0,93859.71,2373.49962,7.723e-05,0.00021845999999999972,0.00052686,0.625524875744646,0,0,9958.668,9314.516000000001,644.1519999999982,0.5167110945446274,0.5026336964386694,0.2606444825328704,717.9750000000022,-55.82179999999862,467417,0,1,0,0
2026-01-06 00:00:00+00:00,93859.71,94161.86,93529.18,93769.24,1527.94713,7.723e-05,0.00021845999999999972,0.00052686,0.625524875744646,0,0,7005.088,6149.564,855.5239999999994,0.5325179259778213,0.5093047002004524,0.6602333490889115,1805.1499999999996,700.3708000000009,352502,0,1,0,0
2026-01-06 04:00:00+00:00,93769.25,94000.0,93137.98,93255.08,2037.39443,-1.376e-05,0.00011576999999999971,0.00048200000000000006,-2.113392263781347,0,0,7821.953,8831.062999999998,-1009.1099999999979,0.4697018846315887,0.5046870916213348,-0.9743762958649029,490.5659999999998,112.87780000000075,336970,1,0,0,1
2026-01-06 08:00:00+00:00,93255.08,93895.0,93167.29,93840.0,1360.24604,2.816e-05,9.162999999999972e-05,0.00049961,-0.8534929107869014,0,0,6894.672,6166.763,727.9089999999997,0.5278648173037649,0.5105982420501302,0.645866496122682,574.3230000000012,304.7898000000003,267520,1,0,0,0
2026-01-06 12:00:00+00:00,93839.99,94444.44,93352.01,93648.99,3747.64759,2.816e-05,9.162999999999972e-05,0.00049961,-0.8534929107869014,0,0,21804.397,20305.971,1498.4259999999995,0.5177916516901491,0.5090407266738919,0.32630157162705153,1217.2250000000013,543.3801999999998,818869,0,1,0,0
2026-01-06 16:00:00+00:00,93649.0,93775.6,91262.94,92104.5,6154.50415,2.691e-05,4.130999999999972e-05,0.00045714000000000003,-0.8483660362470561,0,0,34054.53,35668.015,-1613.4850000000006,0.4884292448016635,0.5030041499960879,-0.48591949422927266,612.8499999999985,91.85280000000003,1192775,1,0,0,0
2026-01-06 20:00:00+00:00,92104.49,93845.03,92098.29,93747.97,3718.67895,2.691e-05,4.130999999999972e-05,0.00045714000000000003,-0.8483660362470561,0,0,16651.586,16089.448,562.137999999999,0.5085846097591176,0.5110915714413761,0.06224707999028716,447.0789999999979,33.17559999999994,640190,1,0,0,0
2026-01-07 00:00:00+00:00,93747.97,93747.97,92236.07,92815.83,2673.21579,2.691e-05,4.130999999999972e-05,0.00045714000000000003,-0.8483660362470561,0,0,11400.64,12232.539,-831.8990000000013,0.48239976517759203,0.5045616372107895,-0.6846931633384403,-1883.2460000000028,68.61779999999926,520314,1,0,0,0
2026-01-07 04:00:00+00:00,92815.83,92930.35,92500.0,92879.13,1043.57297,6.582e-05,0.00012088999999999972,0.00042808,0.253764036352934,0,0,4389.259,4942.254999999999,-552.9959999999992,0.4703694384426793,0.5018671113817667,-1.1178933065217205,-822.7570000000014,-187.5632000000005,218403,0,1,0,0
2026-01-07 08:00:00+00:00,92879.14,92961.53,91600.0,92087.21,2601.79745,6.582e-05,0.00012088999999999972,0.00042808,0.253764036352934,0,0,14296.7,17164.563,-2867.8629999999976,0.4544223161034572,0.4968792748432461,-1.4981650951998267,-4252.757999999998,-1060.821,488618,1,0,0,0
2026-01-07 12:00:00+00:00,92087.21,92299.4,91024.0,91349.96,3623.32777,0.0001,0.00019272999999999974,0.00046995,1.2722344399029708,0,0,19398.876,20516.512,-1117.6359999999986,0.48599993566390987,0.4938081589551744,-0.5633838419881131,-4538.494999999995,-961.6511999999996,873547,1,0,0,0
2026-01-07 16:00:00+00:00,91349.95,91790.0,90675.52,91186.07,2653.80915,0.0001,0.00019272999999999974,0.00046995,1.2722344399029708,0,0,14188.51,14176.488,12.022000000000844,0.5002119161087196,0.4905775579682642,-0.15540748083288675,-3973.4769999999953,-1071.6743999999992,651044,0,1,0,0
2026-01-07 20:00:00+00:00,91186.07,91489.6,90778.32,91364.16,1680.76712,2.885e-05,0.00019466999999999973,0.00045444,-0.8433689406122268,0,0,9625.729,6654.779,2970.949999999999,0.591242545994265,0.5027316241045319,2.350892686302834,1865.3360000000011,-311.1045999999991,376629,1,0,0,0
2026-01-08 00:00:00+00:00,91364.16,91687.99,90616.36,90813.4,1794.84191,2.885e-05,0.00019466999999999973,0.00045444,-0.8433689406122268,0,0,8143.255,7658.334,484.9210000000003,0.5153440581197245,0.5014795481861277,0.2703709575528769,3467.893,-103.52119999999923,413122,0,1,0,0
2026-01-08 04:00:00+00:00,90813.4,91188.0,89641.84,90548.02,3107.77644,8.693e-05,0.00021577999999999973,0.00045244,0.9781317736528394,0,0,16016.166,17923.695,-1907.5290000000005,0.47189839699107783,0.49689022271622074,-1.0082046491017687,1548.3419999999987,88.54560000000019,676403,1,0,0,0
2026-01-08 08:00:00+00:00,90548.02,90917.22,89777.25,90226.77,2431.28077,0.0001,0.00021577999999999973,0.00050014,1.3880870593724621,0,0,13897.417,12848.561,1048.8559999999998,0.5196077331701985,0.5000080715530741,0.41054296329530804,-373.7520000000004,521.8439999999998,504957,0,1,0,0
2026-01-08 12:00:00+00:00,90226.77,90847.52,89311.0,90781.57,4384.25882,0.0001,0.00021577999999999973,0.00050014,1.3880870593724621,0,0,25941.934,23235.546000000002,2706.387999999999,0.5275165380576637,0.5019012643829288,0.677104818139577,1847.7149999999983,1060.7171999999996,1038050,1,0,0,0
2026-01-08 16:00:00+00:00,90781.57,91469.0,90312.89,90937.41,2656.5893,6.436e-05,0.0002512899999999997,0.00048727000000000004,0.25332416926905554,0,0,13322.543,15311.313,-1988.7700000000004,0.4652724034094465,0.5001885282061143,-1.1434948101140894,1766.4739999999983,68.77319999999963,702370,0,1,0,0
2026-01-08 20:00:00+00:00,90937.42,91493.0,90568.11,91099.99,1758.04393,6.436e-05,0.0002512899999999997,0.00048727000000000004,0.25332416926905554,0,0,7113.711,7063.469,50.24200000000019,0.50177193207676,0.5033287775695222,-0.04543634815112593,767.8599999999988,-18.162600000000385,348385,1,0,0,0
2026-01-09 00:00:00+00:00,91100.0,91632.1,90850.0,91220.23,1573.86844,6.436e-05,0.0002512899999999997,0.00048727000000000004,0.25332416926905554,0,0,6857.406,6255.000000000001,602.405999999999,0.5229708415068904,0.5101836301098656,0.5961214895155763,-1336.1220000000012,483.8243999999995,342922,1,0,0,0
2026-01-09 04:00:00+00:00,91220.24,91236.72,90738.34,90741.84,1493.55612,-2.813e-05,0.00013622999999999974,0.00047290000000000006,-2.335290710490643,0,0,3493.788,4224.728999999999,-730.9409999999993,0.45265016582848755,0.5068486531263233,-1.3971388934570277,-78.29300000000012,127.8649999999997,196196,1,0,0,1
2026-01-09 08:00:00+00:00,90741.85,90843.77,89694.66,90463.11,2586.72373,7.258e-05,0.00010880999999999971,0.00051732,0.5706299151632227,0,0,13949.544,15908.429000000002,-1958.885000000002,0.4671966178012151,0.5035471232955728,-0.9803256373212521,-2087.4200000000023,-805.1896000000005,528954,1,0,0,0
2026-01-09 12:00:00+00:00,90463.12,92082.55,89850.0,91176.47,5694.3606,7.258e-05,0.00010880999999999971,0.00051732,0.5706299151632227,0,0,25254.924,24955.214,299.7099999999991,0.5029845566247996,0.49472132435862637,0.06579699905803268,-2390.1160000000023,-347.4936000000006,1201378,1,0,0,0
2026-01-09 16:00:00+00:00,91176.48,91783.32,90190.0,90332.15,2962.09045,7.258e-05,0.00010880999999999971,0.00051732,0.5706299151632227,0,0,15100.803,14944.876,155.92699999999968,0.5025948323550951,0.4934464017821634,0.022168423588454517,-1503.2480000000032,-326.3566000000007,789900,0,1,0,0
2026-01-09 20:00:00+00:00,90332.14,90732.01,90113.87,90641.28,1279.68005,2.18e-06,4.6629999999999714e-05,0.00049259,-1.3636750235911757,0,0,5332.536,4117.428,1215.1080000000002,0.5642916734920895,0.5026857294322646,1.7342790214407466,1670.744999999999,-203.8162000000005,271667,1,0,0,0
2026-01-10 00:00:00+00:00,90641.27,90782.23,90527.99,90626.14,528.98968,5.643e-05,0.00013118999999999972,0.00048320000000000004,0.15257302292132485,0,0,2044.394,2251.634,-207.24,0.4758800454745639,0.49831296066270114,-0.7088834724369463,1163.7949999999998,-99.07600000000062,116612,1,0,0,0
2026-01-10 04:00:00+00:00,90626.15,90682.7,90408.23,90678.5,491.62648,5.643e-05,0.00013118999999999972,0.00048320000000000004,0.15257302292132485,0,0,1851.833,2045.442,-193.60899999999992,0.4751609778627374,0.49307740464320854,-0.8339500446293688,814.2590000000002,253.97919999999982,103901,0,1,0,0
2026-01-10 08:00:00+00:00,90678.5,90832.0,90618.28,90723.86,647.39632,5.643e-05,0.00013118999999999972,0.00048320000000000004,0.15257302292132485,0,0,2504.814,2607.4410000000003,-102.62700000000041,0.48996264857680216,0.49554642915994407,-0.3259927918016492,-503.47600000000034,173.5117999999999,113529,0,1,0,0
2026-01-10 12:00:00+00:00,90723.87,90788.78,90538.46,90665.75,414.48163,7.657e-05,0.00013517999999999972,0.00045976999999999997,0.6768379986501197,0,0,2163.29,2509.7560000000003,-346.46600000000035,0.4629293184787823,0.4916621678001463,-1.1319307083789183,-642.7020000000007,73.0331999999999,100787,1,0,0,0
2026-01-10 16:00:00+00:00,90665.76,90746.0,90504.55,90626.54,530.14761,7.657e-05,0.00013517999999999972,0.00045976999999999997,0.6768379986501197,0,0,1623.65,2009.118,-385.46799999999985,0.44694568989817135,0.4840596526392744,-1.5095265190044809,-834.5610000000006,-247.0820000000001,77049,1,0,0,0
2026-01-10 20:00:00+00:00,90626.54,90659.03,90404.0,90504.7,491.4755,6.235e-05,0.00019534999999999968,0.0004932700000000001,0.24240821102608123,0,0,1832.555,1826.814,5.7409999999999854,0.5007844248557607,0.4888730785420018,0.12957905880997117,-726.1930000000002,-204.4858000000001,87903,0,1,0,0
2026-01-11 00:00:00+00:00,90504.7,90737.95,90451.1,90733.5,463.88039,6.235e-05,0.00019534999999999968,0.0004932700000000001,0.24240821102608123,0,0,1748.795,1549.9429999999998,198.85200000000032,0.5301406174118709,0.4951674785030673,1.0246000224559813,-180.87499999999955,-125.99360000000006,90756,1,0,0,0
2026-01-11 04:00:00+00:00,90733.49,90850.0,90585.34,90710.79,546.84342,8.744e-05,0.0002263599999999997,0.00049378,0.996416851968112,0,0,1509.379,1866.087,-356.7080000000001,0.44716166597441653,0.4895851894380289,-1.4363842143370273,-152.11499999999978,-176.8098,82913,1,0,0,0
2026-01-11 08:00:00+00:00,90710.8,90816.0,90610.27,90754.99,694.37617,8.744e-05,0.0002263599999999997,0.00049378,0.996416851968112,0,0,2244.833,2616.128,-371.2950000000001,0.46180847778865125,0.4855065539813846,-0.9380564304655545,-529.1509999999998,-181.77559999999994,99654,0,1,0,0
2026-01-11 12:00:00+00:00,90754.99,91191.5,90708.25,90875.79,1144.02813,4.67e-05,0.0001964899999999997,0.00044048,-0.15497661385130823,0,0,5376.296,5812.8189999999995,-436.52299999999923,0.48049340810242813,0.4771267274424186,-0.350264136765447,-1164.5259999999994,-191.9865999999998,226206,0,1,0,0
2026-01-11 16:00:00+00:00,90875.79,91283.89,90673.3,90690.8,961.40735,1.667e-05,0.0001508099999999997,0.00039278999999999996,-1.0679790461359753,0,0,3944.737,3712.589,232.14800000000014,0.5151585553494784,0.4810545784299099,0.6524614776576645,-575.6699999999992,-146.7051999999998,205354,0,1,0,0
2026-01-11 20:00:00+00:00,90690.81,91041.79,90236.0,91013.65,1666.60048,1.667e-05,0.0001508099999999997,0.00039278999999999996,-1.0679790461359753,0,0,6469.325,6693.451,-224.1260000000002,0.49148637035227216,0.4826871176788634,-0.031770914891270374,-428.5009999999993,-231.3007999999999,333471,0,1,0,0
2026-01-12 00:00:00+00:00,91013.66,92519.95,90700.29,91808.12,3786.46912,1.667e-05,0.0001508099999999997,0.00039278999999999996,-1.0679790461359753,0,0,16894.514,17718.601,-824.0869999999995,0.48809574058850236,0.48250042688003336,-0.13837264992251178,-816.0649999999996,-324.7765999999998,887156,0,1,0,0
2026-01-12 04:00:00+00:00,91808.12,92290.81,91381.36,91408.09,1706.23351,1.813e-05,8.149999999999972e-05,0.00043905,-0.9687502032971246,0,0,6920.099,7971.593999999999,-1051.494999999999,0.46469524989536115,0.4826770200216913,-0.8255906650502348,-2099.7079999999987,-460.81659999999954,356343,1,0,0,0
2026-01-12 08:00:00+00:00,91408.09,91630.13,90370.0,90620.96,2761.14204,2.902e-05,6.381999999999972e-05,0.00039549,-0.6261051439550885,0,0,15668.562,14696.176000000001,972.3859999999986,0.5160117633815908,0.4895836273700332,0.6443559034446819,-903.1959999999999,-179.0348,572922,0,1,0,0
2026-01-12 12:00:00+00:00,90620.95,91665.0,90128.44,91665.0,2904.06995,2.902e-05,6.381999999999972e-05,0.00039549,-0.6261051439550885,0,0,16169.852,17212.744,-1042.891999999998,0.4843797049216904,0.48794315537662614,-0.30619232521008377,-1122.0009999999984,-434.0427999999996,759631,0,1,0,0
2026-01-12 16:00:00+00:00,91664.99,92332.0,91000.53,91861.27,3629.97324,4.65e-05,9.364999999999971e-05,0.00043981,-0.10463734643107295,0,0,20720.498,22740.909,-2020.411,0.47675626332115756,0.4826047199675549,-0.5099513293696422,-2090.9169999999995,-793.2997999999995,888209,0,1,0,0
2026-01-12 20:00:00+00:00,91861.27,92046.23,90938.2,91296.2,1400.19482,4.65e-05,9.364999999999971e-05,0.00043981,-0.10463734643107295,0,0,6538.579,5985.255000000001,553.3239999999987,0.5220908389555466,0.4900976372656679,1.0772490841259819,-2509.9789999999994,-517.8176,317119,0,1,0,0
2026-01-13 00:00:00+00:00,91296.2,91546.08,91042.66,91408.91,1312.52459,4.65e-05,9.364999999999971e-05,0.00043981,-0.10463734643107295,0,0,6514.127,5070.424999999999,1443.7020000000011,0.5623115162329972,0.5001479411101025,2.237152835515446,-23.38500000000022,-18.778199999999924,272456,1,0,0,0
2026-01-13 04:00:00+00:00,91408.9,92275.38,91350.71,91942.0,2568.59009,2.245e-05,9.796999999999971e-05,0.00040583,-0.8062926043497177,0,0,10191.287,10281.829000000002,-90.54200000000128,0.4977887586823618,0.5018774761680957,0.12670705380822997,1906.4839999999986,-231.3637999999999,447352,0,1,0,0
2026-01-13 08:00:00+00:00,91941.99,92672.11,91924.27,92000.74,2545.21662,2.245e-05,9.796999999999971e-05,0.00040583,-0.8062926043497177,0,0,11473.947,11618.170999999998,-144.22399999999834,0.49687720286203285,0.5000493409193514,0.12321425036564376,1208.9360000000015,-51.63019999999997,466385,0,1,0,0
2026-01-13 12:00:00+00:00,92000.73,93450.0,91787.61,93449.99,4336.89557,9.838e-05,0.00016732999999999971,0.00042764,1.3397822226893386,0,0,24572.107,24016.096999999998,556.010000000002,0.5057216562275074,0.5014728695068749,0.4474749911895774,321.2440000000024,463.65400000000045,1055431,1,0,0,0
2026-01-13 16:00:00+00:00,93449.99,94231.82,93078.31,94226.84,4752.59807,9.838e-05,0.00016732999999999971,0.00042764,1.3397822226893386,0,0,20146.77,19002.876,1143.8940000000002,0.5146092508729198,0.5041242205353166,0.6954158517567692,1555.680000000004,581.7680000000007,921016,1,0,0,0
2026-01-13 20:00:00+00:00,94226.85,96495.0,94062.0,95414.0,7505.68988,3.445e-05,0.00015527999999999972,0.00039974,-0.4993571862829487,0,0,32797.197,24861.085,7936.112000000001,0.5688202260344837,0.5145367181492289,2.2287877976260924,9636.016000000003,1880.2500000000007,1155412,1,0,0,0
2026-01-14 00:00:00+00:00,95413.99,95722.01,95116.03,95720.99,2381.89992,1.29e-06,0.00013411999999999973,0.00031359000000000004,-1.3724698640024477,0,0,8453.981,8010.510000000002,443.47099999999773,0.5134674980234736,0.5142822916134171,0.5412491970568327,9523.476999999999,1987.0526000000004,458342,1,0,0,0
2026-01-14 04:00:00+00:00,95720.99,95799.22,94559.28,95205.1,2873.6342,1.29e-06,0.00013411999999999973,0.00031359000000000004,-1.3724698640024477,0,0,10957.447,12492.471000000001,-1535.0240000000013,0.4672701627357503,0.5125713373948231,-0.9195093653587252,6844.5589999999975,1708.8926,493764,1,0,0,0
2026-01-14 08:00:00+00:00,95205.11,95315.15,94737.95,94792.99,1756.03488,1.29e-06,0.00013411999999999973,0.00031359000000000004,-1.3724698640024477,0,0,6968.212,7323.077,-354.8649999999998,0.48758456987329835,0.5136541680500372,-0.305207347148475,-1446.4180000000033,1526.7175999999995,341751,1,0,0,0
2026-01-14 12:00:00+00:00,94793.0,97084.68,94680.67,96764.57,6031.62524,2.497e-05,6.070999999999971e-05,0.00029186,-0.6460728357908638,0,0,29193.279,26938.05,2255.2289999999994,0.5200888616052544,0.513453970315008,0.708578080004596,365.3399999999983,1748.9845999999993,1253294,1,0,0,0
2026-01-14 16:00:00+00:00,96764.57,97777.0,96246.56,97267.42,6680.63165,2.497e-05,6.070999999999971e-05,0.00029186,-0.6460728357908638,0,0,27482.776,25385.382999999998,2097.3930000000037,0.5198360699490218,0.5092064256866103,0.677060966162878,3997.7570000000032,581.2407999999999,1249274,1,0,0,0
2026-01-14 20:00:00+00:00,97267.42,97924.49,96772.02,96951.78,3128.06839,4.076e-05,6.701999999999972e-05,0.00031595000000000006,-0.18502000392687845,0,0,9230.36,9607.945,-377.5849999999991,0.4899782650296829,0.5084253763213425,-0.19899595113354118,3975.037000000004,417.0296000000006,552412,1,0,0,0
2026-01-15 00:00:00+00:00,96951.78,97000.0,95777.0,95985.1,2821.68199,-3.67e-06,6.205999999999973e-05,0.00029415,-1.371403092516483,0,0,9799.984,9913.89,-113.90599999999904,0.49711101937650615,0.5084487579727898,0.020420097161946756,1605.9020000000055,701.253200000001,551987,1,0,0,0
2026-01-15 04:00:00+00:00,95985.11,96760.15,95952.89,96630.48,2056.29256,-3.67e-06,6.205999999999973e-05,0.00029415,-1.371403092516483,0,0,9169.899,8761.761,408.137999999999,0.5113803741538708,0.5090146297654261,0.47256414151956083,-83.35299999999916,853.8538000000008,405125,1,0,0,0
2026-01-15 08:00:00+00:00,96630.47,97193.34,96289.98,96581.08,2793.34386,-3.67e-06,6.205999999999973e-05,0.00029415,-1.371403092516483,0,0,7557.803,7928.096,-370.29299999999967,0.4880441878124092,0.506358123459375,-0.3325691895379238,-76.0609999999997,328.74940000000095,361257,1,0,0,0
2026-01-15 12:00:00+00:00,96581.07,97165.03,95435.91,96737.04,4818.18164,1.749e-05,5.4579999999999725e-05,0.00028262000000000003,-0.7239809255546811,0,0,24087.743,21515.389,2572.3539999999994,0.5282036988161252,0.5022964707375392,0.9895089630359224,2610.1989999999987,423.7416000000001,1115692,1,0,0,0
2026-01-15 16:00:00+00:00,96737.04,97163.0,95183.13,95516.01,7868.89039,1.749e-05,5.4579999999999725e-05,0.00028262000000000003,-0.7239809255546811,0,0,18629.299,19069.142,-439.84300000000076,0.4941662972216809,0.50036635065736,-0.26925317558784745,1762.217999999999,411.2899999999998,1010964,1,0,0,0
2026-01-15 20:00:00+00:00,95516.01,95871.0,95134.48,95604.8,1367.42325,1.526e-05,2.9079999999999715e-05,0.00025138000000000005,-0.7342568031786588,0,0,6730.09,6041.645,688.4449999999997,0.5269518980780606,0.5063345241915911,0.9034262230255575,2820.9559999999983,571.7601999999995,353570,1,0,0,0
2026-01-16 00:00:00+00:00,95604.81,95855.12,95321.58,95354.69,1207.1411,7.34e-05,0.00010614999999999971,0.00030233,0.8790277120190141,0,0,4503.73,5057.74,-554.0100000000002,0.4710290363301877,0.5046789708372799,-1.0703416052068753,-305.40800000000127,379.33059999999966,253418,1,0,0,0
2026-01-16 04:00:00+00:00,95354.69,95816.83,95133.03,95653.16,2294.926,7.34e-05,0.00010614999999999971,0.00030233,0.8790277120190141,0,0,6735.66,7371.6900000000005,-636.0300000000007,0.4774574955608247,0.500415834232837,-0.9233204099695401,-501.59500000000116,326.1831999999995,315421,0,1,0,0
2026-01-16 08:00:00+00:00,95653.16,95871.47,95261.43,95429.09,1614.38797,7.337e-05,0.0001620299999999997,0.00027732,0.8264078081862315,0,0,4629.377,5054.064999999999,-424.6879999999983,0.4780714336906237,0.4962393706069972,-0.9460207684486611,-1614.7279999999992,-273.22520000000003,236836,1,0,0,0
2026-01-16 12:00:00+00:00,95429.09,95809.08,94293.46,94585.98,3014.1328,7.337e-05,0.0001620299999999997,0.00027732,0.8264078081862315,0,0,16864.254,20656.305999999997,-3792.051999999996,0.44946701221943386,0.4921882453259722,-1.9271195923555797,-4852.769999999995,-943.6669999999991,842957,1,0,0,0
2026-01-16 16:00:00+00:00,94585.99,95215.74,94508.0,95002.09,1854.59442,7.337e-05,0.0001620299999999997,0.00027732,0.8264078081862315,0,0,8522.723,8623.513,-100.79000000000087,0.49706087096899865,0.49218323048522156,-0.11938196921333925,-4317.529999999995,-1101.5139999999992,472084,0,1,0,0
2026-01-16 20:00:00+00:00,95002.09,95600.0,94682.0,95550.94,1182.53231,2.495e-05,0.0001717199999999997,0.00026782,-0.5939332088132563,0,0,7083.901,6115.130000000001,968.7709999999988,0.5366985652204317,0.4947150495918777,1.2816016286908836,-2924.070999999998,-796.9577999999995,280183,1,0,0,0
2026-01-17 00:00:00+00:00,95550.94,95578.2,95200.0,95372.95,520.98136,-1.78e-06,9.653999999999971e-05,0.00026475,-1.2818021612471069,0,0,2441.702,3082.803,-641.1009999999997,0.4419766114792185,0.49010829195855854,-1.9869427980820589,226.8799999999983,-797.9719999999992,119892,1,0,0,0
2026-01-17 04:00:00+00:00,95372.94,95373.64,95041.7,95101.67,558.53587,-1.78e-06,9.653999999999971e-05,0.00026475,-1.2818021612471069,0,0,2208.071,2558.705,-350.634,0.46322105339122294,0.4836100274160683,-1.257541391564401,-22.96400000000085,-783.1611999999996,108054,1,0,0,0
2026-01-17 08:00:00+00:00,95101.67,95323.86,95021.67,95323.86,614.83515,3.007e-05,5.3239999999999714e-05,0.00026985,-0.3168244876879533,0,0,2262.481,1769.6809999999996,492.80000000000064,0.5611086558526172,0.49030426327916193,1.8999015353923552,-498.93499999999904,73.80919999999978,109251,1,0,0,0
2026-01-17 12:00:00+00:00,95323.85,95639.45,95198.81,95573.64,1450.99515,3.007e-05,5.3239999999999714e-05,0.00026985,-0.3168244876879533,0,0,5926.802,5264.225,662.5769999999993,0.529603047155547,0.4905693781869106,0.838903228671627,804.7429999999999,226.48259999999982,203939,1,0,0,0
2026-01-17 16:00:00+00:00,95573.65,95576.14,95212.25,95291.38,636.49063,3.007e-05,5.3239999999999714e-05,0.00026985,-0.3168244876879533,0,0,3735.911,4056.9399999999996,-321.02899999999954,0.4794023394005609,0.49140670849394796,-0.7581631029104523,834.3480000000004,-31.477399999999854,154119,1,0,0,0
2026-01-17 20:00:00+00:00,95291.37,95412.86,95050.0,95147.77,498.96321,2.976e-05,5.804999999999972e-05,0.00025885000000000003,-0.3271704835017548,0,0,2323.736,3338.1760000000004,-1014.4400000000005,0.4104154215042551,0.484702501088291,-2.51066540663407,-672.8920000000007,-106.14520000000002,123367,1,0,0,0
2026-01-18 00:00:00+00:00,95147.77,95250.0,94876.33,95200.29,721.03445,2.976e-05,5.804999999999972e-05,0.00025885000000000003,-0.3271704835017548,0,0,3351.545,3248.8239999999996,102.72100000000046,0.5077814588851017,0.4876735036077388,0.30068950269089356,-1232.7479999999996,-15.474199999999929,169044,1,0,0,0
2026-01-18 04:00:00+00:00,95200.29,95260.0,95028.27,95028.27,705.29271,3.503e-05,9.485999999999971e-05,0.00029755,-0.12069416888338946,0,0,2883.182,1930.254,952.9279999999999,0.5989862543098111,0.5026254278167765,2.5582889073365305,41.20899999999983,76.55139999999992,111186,0,1,0,0
2026-01-18 08:00:00+00:00,95028.27,95295.39,95021.44,95168.06,960.00602,9.616e-05,0.0001609499999999997,0.00037622,1.8039177241063673,0,0,2790.889,2356.5389999999998,434.35000000000036,0.5421909738222662,0.5071384381021031,1.0157633071549659,1489.9990000000007,30.90600000000013,122394,1,0,0,0
2026-01-18 12:00:00+00:00,95168.06,95376.24,94910.0,95119.28,1177.17902,9.616e-05,0.0001609499999999997,0.00037622,1.8039177241063673,0,0,6140.696,6520.253000000001,-379.5570000000007,0.4850107207603474,0.5019696536560947,-0.4318117282986175,1007.7209999999995,19.2003999999999,203722,1,0,0,0
2026-01-18 16:00:00+00:00,95119.27,95521.71,95073.02,95380.99,921.46243,6.571e-05,0.00019689999999999974,0.00042667000000000003,0.8443393968367952,0,0,3973.842,3789.6339999999996,184.20800000000054,0.5118637579352342,0.5089583683016964,0.2572756640899301,239.0010000000002,258.9300000000001,175380,1,0,0,0
2026-01-18 20:00:00+00:00,95380.99,95531.12,93615.4,93673.14,2410.20356,6.571e-05,0.00019689999999999974,0.00042667000000000003,0.8443393968367952,0,0,11409.003,14185.732,-2776.7289999999994,0.4457558556476557,0.5072118485273397,-1.3578882895155988,-2972.0779999999995,-316.95999999999987,547930,1,0,0,0
2026-01-19 00:00:00+00:00,93673.14,93673.14,91910.2,92690.09,6141.54249,6.571e-05,0.00019689999999999974,0.00042667000000000003,0.8443393968367952,0,0,25166.177,24824.086,342.09100000000035,0.5034215763177722,0.5014431405738551,0.15855460779332997,-2250.4299999999985,-439.12739999999974,1256190,0,1,0,0
2026-01-19 04:00:00+00:00,92690.08,92861.41,92385.07,92841.62,1712.23708,3.473e-05,0.0001965999999999997,0.000388,-0.21128246822557992,0,0,5680.001,5671.717000000001,8.28399999999965,0.5003648786906087,0.4985193237273613,0.05009850786646421,-2426.3539999999994,-524.3405999999999,297551,1,0,0,0
2026-01-19 08:00:00+00:00,92841.62,93368.44,92702.56,93191.96,1908.98628,3.473e-05,0.0001965999999999997,0.000388,-0.21128246822557992,0,0,6927.885,6872.530000000001,55.35499999999956,0.5020055556300299,0.5007796453503082,0.08094944002420441,405.72999999999956,-437.35819999999984,357636,1,0,0,0
2026-01-19 12:00:00+00:00,93191.96,93226.44,92700.0,93068.62,1798.82427,1.943e-05,0.00011986999999999972,0.00033406,-0.682458998438788,0,0,5473.67,5668.4259999999995,-194.7559999999994,0.491260351732744,0.5088641383731571,-0.17960192927760732,-131.1170000000002,-513.1509999999998,318886,1,0,0,0
2026-01-19 16:00:00+00:00,93068.62,93420.0,92930.0,93105.85,1153.18382,1.943e-05,0.00011986999999999972,0.00033406,-0.682458998438788,0,0,4250.145,4319.248,-69.10299999999916,0.4959680341419749,0.5076827958988445,-0.033019948306837486,-208.503999999999,28.3742000000002,244915,0,1,0,0
2026-01-19 20:00:00+00:00,93105.85,93342.36,92158.48,92631.0,1580.75353,2.494e-05,7.909999999999971e-05,0.00033405,-0.5310784685886798,0,0,6271.015,7112.156,-841.1409999999996,0.4685746748659193,0.49464163795445526,-0.7420557134683757,-1104.9999999999982,-208.2721999999998,350239,1,0,0,0
2026-01-20 00:00:00+00:00,92630.99,92870.0,92264.7,92434.92,1260.14088,2.494e-05,7.909999999999971e-05,0.00033405,-0.5310784685886798,0,0,6970.722,6882.591,88.1309999999994,0.5031808636677739,0.49074062693900605,0.17255028636153816,-822.1129999999994,-192.30279999999985,375011,0,1,0,0
2026-01-20 04:00:00+00:00,92434.93,92470.37,90771.78,91177.98,4648.13308,9.819e-05,0.0001425599999999997,0.00043402,1.8975966261705997,0,0,18028.979,22072.105000000003,-4043.126000000004,0.44958832035562923,0.48719838689853423,-1.170411973357234,-4796.136000000004,-1011.9990000000005,879925,1,0,0,0
2026-01-20 08:00:00+00:00,91177.99,91442.88,90693.0,91218.99,2254.1302,9.819e-05,0.0001425599999999997,0.00043402,1.8975966261705997,0,0,8893.264,8748.825,144.4389999999985,0.5040935911841279,0.4864213702234236,0.23198072174619191,-3810.556000000006,-944.160000000001,452271,1,0,0,0
2026-01-20 12:00:00+00:00,91218.99,91371.11,89859.06,90684.95,5038.30665,6.626e-05,0.00018938999999999973,0.00047021000000000004,0.8544887829428525,0,0,23843.948,25690.242000000002,-1846.2940000000017,0.4813634380616701,0.48998212846482503,-0.32154536940017836,-5744.981000000007,-1299.5982000000015,1143705,1,0,0,0
2026-01-20 16:00:00+00:00,90684.95,90974.49,89292.48,89725.76,4114.75823,6.626e-05,0.00018938999999999973,0.00047021000000000004,0.8544887829428525,0,0,17038.215,17692.306999999997,-654.0919999999969,0.49058332610146205,0.488698303443194,-0.07615124350748577,-2355.947,-1262.188400000001,962922,1,0,0,0
2026-01-20 20:00:00+00:00,89725.77,89854.2,87895.98,88427.66,4691.85706,5.652e-05,0.00022096999999999972,0.00049697,0.534537233758484,0,0,14359.227,17855.775,-3496.5480000000007,0.4457310603302151,0.4832349216071547,-1.1703603038442643,-5996.933999999999,-1979.1242000000009,817280,1,0,0,0
2026-01-21 00:00:00+00:00,88427.66,89598.8,88250.0,89432.33,2980.55061,5.652e-05,0.00022096999999999972,0.00049697,0.534537233758484,0,0,10413.651,8484.667,1928.9840000000004,0.5510358646732476,0.4881379525114764,1.4463580270767187,-2221.655999999997,-784.7022000000001,516266,1,0,0,0
2026-01-21 04:00:00+00:00,89432.33,90120.44,89093.28,89213.95,2049.62852,0.0001,0.00022277999999999973,0.00056194,1.943984902993105,0,0,9634.448,9681.213,-46.76499999999942,0.4987894538012445,0.48889086271832644,0.11675462226447757,-1614.3289999999997,-822.9429999999996,389150,1,0,0,0
2026-01-21 08:00:00+00:00,89213.96,89493.46,88700.0,88789.99,2010.929,0.0001,0.00022277999999999973,0.00056194,1.943984902993105,0,0,5956.435,7550.036999999999,-1593.601999999999,0.44100598587106987,0.4833946578912359,-1.272491799494588,288.617000000002,-772.4045999999992,359284,1,0,0,0
2026-01-21 12:00:00+00:00,88789.99,90574.0,88196.72,90288.04,4684.20136,6.055e-05,0.00021706999999999974,0.0005263300000000001,0.6211626274945955,0,0,27182.166,27086.221,95.94499999999971,0.5008839861041015,0.48662558901505426,0.15641247593403487,-1544.4219999999987,-622.3971999999998,1520146,1,0,0,0
2026-01-21 16:00:00+00:00,90288.04,90450.0,87263.53,90355.56,6425.20187,6.055e-05,0.00021706999999999974,0.0005263300000000001,0.6211626274945955,0,0,37013.144,39303.989,-2290.845000000001,0.4849912797431738,0.48480663062259416,-0.23085310329452283,-3788.5020000000004,-381.2565999999999,2046707,0,1,0,0
2026-01-21 20:00:00+00:00,90355.56,90377.0,89344.98,89454.73,2466.99236,2.41e-05,0.00018464999999999972,0.00048472000000000006,-0.5873275742199124,0,0,12346.455,13430.189,-1083.7340000000004,0.47897837282463923,0.48774563586949515,-0.339242567649859,-3278.634000000002,-983.8002,684849,1,0,0,0
2026-01-22 00:00:00+00:00,89454.73,90359.99,89454.72,89899.51,1561.80923,2.41e-05,0.00018464999999999972,0.00048472000000000006,-0.5873275742199124,0,0,7175.486,6341.758000000001,833.7279999999992,0.5308394225923568,0.49042021901031807,0.9191359647309731,-2540.8510000000024,-807.7016000000003,437639,1,0,0,0
2026-01-22 04:00:00+00:00,89899.51,90215.79,89802.0,89818.79,1213.67268,6.355e-05,0.00014819999999999973,0.00051354,0.6678218333673598,0,0,4109.746,4385.919999999999,-276.17399999999907,0.48374618305380657,0.4906584935095317,-0.318695165352225,-526.1800000000003,-544.2160000000003,248941,1,0,0,0
2026-01-22 08:00:00+00:00,89818.79,90150.0,89760.0,89941.26,1125.90639,6.355e-05,0.00014819999999999973,0.00051354,0.6678218333673598,0,0,4406.03,4833.647,-427.6170000000002,0.4768597430408011,0.48928613520346564,-0.447395289117198,129.9369999999999,-648.9284000000004,264135,0,1,0,0
2026-01-22 12:00:00+00:00,89941.26,90340.0,88515.37,89000.01,3512.25665,5.11e-05,0.0001387499999999997,0.0005452100000000001,0.23163819757516532,0,0,21049.844,21005.111999999997,44.73200000000361,0.5005318279253461,0.49476621196297865,0.23365565022675064,-659.0589999999956,-181.81299999999936,1086458,0,1,0,0
2026-01-22 16:00:00+00:00,89000.0,89924.46,88676.95,89777.9,2304.40726,5.11e-05,0.0001387499999999997,0.0005452100000000001,0.23163819757516532,0,0,11119.403,11803.250999999998,-683.8479999999981,0.4850835771459972,0.4881709832102537,-0.20380382824564525,-1066.7329999999947,-101.83579999999893,807834,0,1,0,0
2026-01-22 20:00:00+00:00,89777.89,89946.13,89140.13,89559.67,1107.45271,9.419e-05,0.00020883999999999974,0.00061446,1.5413698256345845,0,0,4622.098,5061.9259999999995,-439.8279999999995,0.47729105173634434,0.4860211430037637,-0.5347257605698484,-1078.943999999994,-356.54699999999866,343233,1,0,0,0
2026-01-23 00:00:00+00:00,89559.68,89979.97,89450.48,89924.78,1144.14106,9.419e-05,0.00020883999999999974,0.00061446,1.5413698256345845,0,0,3438.885,3664.425,-225.53999999999996,0.48412430261385186,0.4903329746780418,-0.29956637834874134,-1349.2159999999976,-346.42019999999883,235334,0,1,0,0
2026-01-23 04:00:00+00:00,89924.78,90088.94,89400.0,89549.45,1729.71757,5.09e-05,0.00019618999999999973,0.00056717,0.13584852687431978,0,0,4996.088,5354.561,-358.47299999999996,0.4826835496015757,0.48851293102778925,-0.2838396914051871,-1023.8409999999994,-332.59139999999877,327336,1,0,0,0
2026-01-23 08:00:00+00:00,89549.45,89632.18,88860.44,89202.48,1992.68771,3.39e-05,0.00017898999999999975,0.00053481,-0.3582226825556931,0,0,7160.856,6878.255999999999,282.60000000000036,0.5100647391373472,0.4910202769672066,0.888497640980309,-301.41299999999956,-285.01779999999945,407683,0,1,0,0
2026-01-23 12:00:00+00:00,89202.47,89865.53,88578.36,89761.61,2836.93325,3.39e-05,0.00017898999999999975,0.00053481,-0.3582226825556931,0,0,13683.471,13473.339000000002,210.1319999999978,0.5038688638319448,0.4935093260679372,0.5990101694181464,134.2589999999982,-106.22180000000026,759692,1,0,0,0
2026-01-23 16:00:00+00:00,89761.61,91224.99,89489.0,89982.79,4430.77605,3.39e-05,0.00017898999999999975,0.00053481,-0.3582226825556931,0,0,26129.183,27200.554999999997,-1071.3719999999958,0.4899552103556181,0.4894209048442633,0.050806058873157284,-578.6399999999976,-232.5305999999995,1179653,0,1,0,0
2026-01-23 20:00:00+00:00,89982.79,90156.06,89200.68,89600.26,1784.23355,6.968e-05,0.00015447999999999973,0.0005479700000000001,0.80145983503263,0,0,6371.412,6474.8189999999995,-103.40699999999924,0.4959752008196023,0.49064380662084284,0.24957739578845267,-964.6469999999972,-208.10399999999936,407169,1,0,0,0
2026-01-24 00:00:00+00:00,89600.26,89957.39,89424.39,89770.02,760.9766,6.968e-05,0.00015447999999999973,0.0005479700000000001,0.80145983503263,0,0,3465.613,2432.936,1032.6769999999997,0.5875365280512207,0.5017114851218849,3.323374006557983,-142.10199999999531,70.12600000000057,156051,1,0,0,0
2026-01-24 04:00:00+00:00,89770.03,89853.38,89572.81,89620.1,954.94709,1.531e-05,0.00011888999999999974,0.00046328,-1.0524256078638585,0,0,1965.712,2038.533,-72.82099999999991,0.49090702491980387,0.5007490048213307,-0.07089673416265597,856.4490000000005,-0.9581999999994878,112295,1,0,0,0
2026-01-24 08:00:00+00:00,89620.11,89686.43,89577.97,89595.4,513.59579,1.531e-05,0.00011888999999999974,0.00046328,-1.0524256078638585,0,0,1739.403,1520.43,218.97299999999996,0.5335865364882189,0.5055993007555528,1.353630315124887,1178.8289999999997,0.8100000000009459,71687,0,1,0,0
2026-01-24 12:00:00+00:00,89595.41,89595.41,89171.75,89275.77,1016.91516,8.909e-05,0.00017407999999999974,0.00049182,1.3577177526195006,0,0,3584.946,4678.093000000001,-1093.1470000000008,0.43385321066498655,0.5012555166484169,-1.8619205185974856,-946.9950000000008,-3.5450000000000728,156698,1,0,0,0
2026-01-24 16:00:00+00:00,89275.77,89461.4,89162.08,89331.36,560.08706,8.909e-05,0.00017407999999999974,0.00049182,1.3577177526195006,0,0,2885.498,3455.6110000000003,-570.1130000000003,0.4550462702975142,0.4983477134167832,-1.1150484303992014,-1444.2870000000012,-96.88620000000029,124596,0,1,0,0
2026-01-24 20:00:00+00:00,89331.36,89489.84,89215.59,89225.34,420.04567,3.901e-05,0.00014340999999999974,0.00050673,-0.30704106285514354,0,0,1335.346,1633.8159999999998,-298.4699999999998,0.4497383436808096,0.49505319282470667,-1.2371370330168536,-1961.730000000001,-363.1156000000002,83576,1,0,0,0
2026-01-25 00:00:00+00:00,89225.34,89319.13,88838.72,88960.35,949.82753,3.901e-05,0.00014340999999999974,0.00050673,-0.30704106285514354,0,0,2513.903,3323.3030000000003,-809.4000000000005,0.43066888507960827,0.4871136074189327,-1.6642291353858407,-1677.9830000000006,-510.4314000000003,156459,1,0,0,0
2026-01-25 04:00:00+00:00,88960.36,89090.13,88635.84,88659.99,1365.03813,1.336e-05,0.00014145999999999977,0.00045654000000000007,-1.214152678447652,0,0,3543.586,3398.337,145.2489999999998,0.5104617265273613,0.4877728936884743,0.6167303091106651,-962.6210000000005,-525.1762000000003,185645,0,1,0,0
2026-01-25 08:00:00+00:00,88659.99,88760.0,88136.0,88570.17,1276.76207,1.336e-05,0.00014145999999999977,0.00045654000000000007,-1.214152678447652,0,0,6106.356,6064.939,41.41699999999946,0.50170142125386,0.4889475147782985,0.35951746408596574,-622.7340000000013,-298.2634000000003,276405,0,1,0,0
2026-01-25 12:00:00+00:00,88570.17,88971.89,88340.75,88446.5,1271.25718,8.051e-05,0.00013287999999999974,0.0004859500000000001,1.0161408240919647,0,0,6052.166,6825.588000000001,-773.4220000000005,0.46997061754712816,0.48634705645105114,-0.5688877742436522,-586.7560000000012,-338.9252000000003,282844,1,0,0,0
2026-01-25 16:00:00+00:00,88446.51,88448.85,86194.85,86495.16,6164.82689,8.051e-05,0.00013287999999999974,0.0004859500000000001,1.0161408240919647,0,0,24921.092,30988.278000000002,-6067.1860000000015,0.4457408838625797,0.47216749203218705,-1.2082060569585373,-6799.1910000000025,-1492.6684000000007,1248650,1,0,0,0
2026-01-25 20:00:00+00:00,86495.17,87013.79,86074.72,86670.36,3398.50839,4.917e-05,0.00014303999999999974,0.00044093,-0.10119502666535654,0,0,16253.718,14888.096999999998,1365.6210000000028,0.5219258415092377,0.4752693736911304,0.9217129053827038,-5474.986999999999,-1057.6642,740808,1,0,0,0
2026-01-26 00:00:00+00:00,86670.36,87973.11,86509.63,87282.05,4005.56746,4.067e-05,0.00017034999999999975,0.00043070000000000006,-0.36540999279728636,0,0,13229.659,15410.644,-2180.9850000000006,0.46192454737647154,0.46810317477995567,-0.7749800343003137,-6882.549999999999,-1522.911,737506,0,1,0,0
2026-01-26 04:00:00+00:00,87282.04,88074.48,87244.27,88000.64,3558.66159,4.067e-05,0.00017034999999999975,0.00043070000000000006,-0.36540999279728636,0,0,6667.915,6964.835,-296.9200000000001,0.48911004749591974,0.4736288584630491,0.06556609707215055,-1112.2839999999978,-1590.5783999999999,407310,0,1,0,0
2026-01-26 08:00:00+00:00,88000.64,88424.45,87600.69,87855.0,1820.3712,4.067e-05,0.00017034999999999975,0.00043070000000000006,-0.36540999279728636,0,0,6706.656,6257.194,449.46199999999953,0.5173352052052438,0.479857751953822,0.8715450879882859,-2028.4430000000011,-1346.0016,346058,0,1,0,0
2026-01-26 12:00:00+00:00,87855.01,88860.0,87325.03,87641.41,4437.30175,2.847e-05,0.00011830999999999974,0.00042527000000000005,-0.7470084067100323,0,0,19104.505,18815.277,289.2280000000028,0.5038136822622029,0.48526528581196127,0.44435712872774885,441.77000000000226,-74.7187999999991,1002495,0,1,0,0
2026-01-26 16:00:00+00:00,87641.41,88537.95,87035.51,88013.19,2334.22752,5.606e-05,0.00012519999999999974,0.00041165,0.2009894485925245,0,0,14359.412,14280.099999999999,79.31200000000172,0.5013846604648851,0.49233686335048904,0.3506271476630943,818.002000000004,-331.9805999999993,803951,1,0,0,0
2026-01-26 20:00:00+00:00,88013.19,88659.09,87542.05,88347.08,1610.38501,5.606e-05,0.00012519999999999974,0.00041165,0.2009894485925245,0,0,6398.6,6414.6939999999995,-16.09399999999914,0.4993719803822499,0.4912278887359779,0.26678699727727156,352.44600000000537,100.99760000000097,358535,0,1,0,0
2026-01-27 00:00:00+00:00,88347.08,88898.0,88194.82,88788.0,1649.23753,5.606e-05,0.00012519999999999974,0.00041165,0.2009894485925245,0,0,6294.05,6477.321999999999,-183.27199999999903,0.49282488991785695,0.4903402356023775,0.1046933839807526,-120.05399999999645,123.72720000000118,321359,0,1,0,0
2026-01-27 04:00:00+00:00,88787.99,89010.0,88278.03,88320.41,1448.31937,4.267e-05,0.00012719999999999973,0.00043901000000000004,-0.3581599354415788,0,0,3987.37,4873.9980000000005,-886.6280000000006,0.44997228418907775,0.4883404022665725,-1.2055198011811583,-1085.9939999999988,-143.49079999999884,242180,1,0,0,0
2026-01-27 08:00:00+00:00,88320.41,88397.85,87743.52,87992.74,1462.63908,6.028e-05,0.00015900999999999974,0.0004102,0.28450132014289803,0,0,5558.923,5401.531,157.39199999999983,0.5071799945513206,0.49448431333544657,0.553695274201677,-912.5079999999998,-169.85799999999944,287009,0,1,0,0
2026-01-27 12:00:00+00:00,87992.74,88474.23,87578.67,88047.46,2499.9435,6.028e-05,0.00015900999999999974,0.0004102,0.28450132014289803,0,0,11551.641,10166.27,1385.3709999999992,0.5318946651913252,0.49548119570365534,1.2586757879066444,656.1349999999984,91.35380000000005,642714,1,0,0,0
2026-01-27 16:00:00+00:00,88047.46,88819.89,87304.33,88408.77,3647.91175,7.503e-05,0.00017797999999999976,0.00044622000000000005,0.802849635089216,0,0,19740.693,18600.989999999998,1139.7030000000013,0.5148624540033885,0.5007749863663471,0.7046216759708847,2682.4660000000003,322.51320000000015,1017401,1,0,0,0
2026-01-27 20:00:00+00:00,88408.78,89523.16,88373.49,89250.0,2417.35302,7.503e-05,0.00017797999999999976,0.00044622000000000005,0.802849635089216,0,0,12584.061,12689.265000000001,-105.20400000000154,0.4979186752072125,0.5016558491374763,0.1734983835446791,2419.869999999999,338.12679999999966,622011,0,1,0,0
2026-01-28 00:00:00+00:00,89249.99,89497.96,88985.0,89126.67,1094.38637,6.237e-05,0.00019767999999999977,0.00049523,0.2749792153595054,0,0,4372.523,5653.669999999999,-1281.146999999999,0.43610999708463627,0.4935333283254155,-1.5740222657415073,-246.64799999999923,259.22299999999996,316206,1,0,0,0
2026-01-28 04:00:00+00:00,89126.68,89400.0,88840.0,89134.35,1349.92307,6.237e-05,0.00019767999999999977,0.00049523,0.2749792153595054,0,0,4583.915,5126.892000000001,-542.9770000000008,0.4720426427999238,0.49035622437918763,-0.5233307845975316,-1929.3280000000013,119.14919999999984,281789,0,1,0,0
2026-01-28 08:00:00+00:00,89134.35,90156.72,88833.65,90080.0,2787.07391,6.174e-05,0.00019913999999999975,0.00047646000000000006,0.3094834451484184,0,0,10655.134,8648.769999999999,2006.3640000000014,0.5519678299270449,0.4954145413254036,1.6591123049566285,182.2400000000016,243.3478000000003,493992,1,0,0,0
2026-01-28 12:00:00+00:00,90079.99,90488.0,88904.61,89479.66,4428.88675,6.174e-05,0.00019913999999999975,0.00047646000000000006,0.3094834451484184,0,0,18912.64,19144.063000000002,-231.4230000000025,0.4969594975161143,0.4951732930387901,0.15333243492145884,1231.9639999999981,-30.87740000000049,956948,1,0,0,0
2026-01-28 16:00:00+00:00,89479.66,90600.0,89006.36,89402.58,3310.08413,3.83e-05,0.00016240999999999977,0.00046559,-0.6194686775960185,0,0,16400.382,16591.751999999997,-191.36999999999534,0.49709976323447286,0.4956007803704517,0.15058016937358512,1583.5710000000036,-48.11059999999925,991401,1,0,0,0
2026-01-28 20:00:00+00:00,89402.57,89896.0,88878.01,89299.99,1361.83079,3.83e-05,0.00016240999999999977,0.00046559,-0.6194686775960185,0,0,6812.846,6982.272000000001,-169.4260000000013,0.4938592043939022,0.49998947239093405,0.06333021149596298,-592.2189999999991,174.2336000000003,451555,1,0,0,0
2026-01-29 00:00:00+00:00,89300.0,89348.0,87704.0,88053.71,2923.10988,7.21e-05,0.00017213999999999977,0.00049702,0.7225984607017022,0,0,12338.754,13835.201999999997,-1496.4479999999967,0.4714134156869524,0.4964128145044973,-0.514634016113218,-1857.2439999999933,-16.460599999998884,699727,1,0,0,0
2026-01-29 04:00:00+00:00,88053.71,88430.05,87901.23,88352.97,1476.91111,7.21e-05,0.00017213999999999977,0.00049702,0.7225984607017022,0,0,4999.414,4421.88,577.5339999999997,0.5306504605418322,0.49628839403954794,1.2779496748616241,-1088.3399999999983,-302.2265999999992,272201,1,0,0,0
2026-01-29 08:00:00+00:00,88352.96,88500.0,87750.01,87846.5,2299.04104,7.21e-05,0.00017213999999999977,0.00049702,0.7225984607017022,0,0,8032.092,7976.658,55.43399999999929,0.501731365659405,0.4949752852051496,0.43632474870307913,-863.4799999999977,-244.8551999999989,370097,0,1,0,0
2026-01-29 12:00:00+00:00,87846.5,88182.29,84366.56,84934.02,10107.55386,5.856e-05,0.00016895999999999976,0.00052711,0.11465462011835124,0,0,33297.172,41172.343,-7875.171000000002,0.44712486713522975,0.4898959043979514,-1.3362562758438268,-7242.203000000003,-1781.6154000000001,1581057,1,0,0,0
2026-01-29 16:00:00+00:00,84934.02,85638.3,83383.33,84012.11,10787.89043,4.023e-05,0.00017088999999999974,0.00051128,-0.7095348799526551,0,0,39978.982,43146.570999999996,-3167.5889999999927,0.48094695983556346,0.4943796006730441,-0.27447748410771905,-10987.325999999995,-2381.2479999999987,1846759,1,0,0,0
2026-01-29 20:00:00+00:00,84012.11,84737.69,83824.9,84650.16,2836.87569,4.023e-05,0.00017088999999999974,0.00051128,-0.7095348799526551,0,0,8954.183,8608.34,345.84300000000076,0.5098460511624668,0.49815994150929843,0.6289481674921424,-10696.916999999994,-2012.789799999999,476246,1,0,0,0
2026-01-30 00:00:00+00:00,84650.16,84735.75,81118.0,82676.43,12245.12313,4.023e-05,0.00017088999999999974,0.00051128,-0.7095348799526551,0,0,35163.356,41238.883,-6075.527000000002,0.460239862865799,0.48898714480317385,-1.1468960359559655,-8897.272999999994,-3343.401999999999,1716459,1,0,0,0
2026-01-30 04:00:00+00:00,82676.42,83332.2,82056.08,82816.98,4789.41822,4.478e-05,0.00014356999999999977,0.0005133900000000001,-0.4584618847154786,0,0,17743.594,15962.334999999995,1781.2590000000055,0.5264235262585405,0.49193354767741637,1.184120656830947,-3948.4249999999956,-2998.2369999999983,761999,1,0,0,0
2026-01-30 08:00:00+00:00,82816.98,83314.85,82160.0,83151.36,3255.07609,1.714e-05,0.00010214999999999975,0.00047025,-1.6007958592775091,0,0,11959.675,12500.184000000001,-540.5090000000018,0.48895110147609594,0.4911186815015787,-0.11991587524074646,-4834.776999999998,-1531.3045999999981,653884,0,1,0,0
2026-01-30 12:00:00+00:00,83151.36,83797.99,82382.01,82883.94,4751.88055,1.714e-05,0.00010214999999999975,0.00047025,-1.6007958592775091,0,0,20731.658,21329.541999999998,-597.8839999999982,0.49289268969977085,0.49102203003216555,-0.008006327274911951,642.8660000000054,-1017.3635999999991,1392801,1,0,0,0
2026-01-30 16:00:00+00:00,82882.84,84621.16,81871.37,84242.99,6116.25601,1.714e-05,0.00010214999999999975,0.00047025,-1.6007958592775091,0,0,26194.47,26797.557999999997,-603.0879999999961,0.4943096346491967,0.49331165192838994,-0.016045080344382543,-1741.4809999999961,-1207.1497999999985,1867773,0,1,0,0
2026-01-30 20:00:00+00:00,84243.0,84523.11,83539.2,84260.49,4038.09393,3.1e-06,6.501999999999977e-05,0.0003983200000000001,-1.9915104918997428,0,0,13763.649,11409.612,2354.0370000000003,0.5467566955270515,0.494922275426912,1.83996924484332,1153.065000000006,478.7630000000019,863525,1,0,0,0
2026-01-31 00:00:00+00:00,84260.5,84270.02,83815.02,84022.69,1727.33956,9.693e-05,0.00011716999999999975,0.00043288000000000007,1.9143485951809365,0,0,4321.598,5019.4529999999995,-697.8549999999996,0.4626457986365774,0.4910137187246292,-1.1852767737122583,1053.0940000000046,-17.059799999999086,279276,1,0,0,0
2026-01-31 04:00:00+00:00,84022.7,84146.22,83404.67,83546.81,1349.94572,9.693e-05,0.00011716999999999975,0.00043288000000000007,1.9143485951809365,0,0,4516.347,5512.097,-995.75,0.45035371389619366,0.49133660340072555,-1.5163153879374474,660.4320000000007,-108.10799999999873,261843,1,0,0,0
2026-01-31 08:00:00+00:00,83546.82,83629.08,82560.75,83020.0,2408.78889,9.693e-05,0.00011716999999999975,0.00043288000000000007,1.9143485951809365,0,0,10871.741,12350.179999999998,-1478.4389999999985,0.4681671684267637,0.4900586242598456,-0.8438391274767508,-3172.043999999998,-284.2189999999988,638826,1,0,0,0
2026-01-31 12:00:00+00:00,83020.0,83140.0,80825.76,81302.15,6811.82932,3.548e-05,0.00013550999999999976,0.00040662,-0.6148116403194609,0,0,25081.513,26651.847,-1570.3340000000026,0.484822810658345,0.4875563002094334,-0.24851519976522574,-4044.523000000001,-477.66820000000007,1440000,1,0,0,0
2026-01-31 16:00:00+00:00,81302.16,82200.0,75719.9,77750.01,22029.61555,3.548e-05,0.00013550999999999976,0.00040662,-0.6148116403194609,0,0,60660.376,79551.10100000002,-18890.725000000028,0.4326348833769149,0.48479580226054503,-1.8497051277441785,-21939.49800000003,-4726.620600000006,3475936,1,0,0,0
2026-01-31 20:00:00+00:00,77750.01,79240.0,77092.34,78741.09,5164.37229,6.585e-05,0.00019825999999999977,0.00043417,0.5996720046003654,0,0,20225.561,16786.697,3438.8640000000014,0.5464557444725474,0.48679902408194575,1.6955867930999675,-17022.19500000003,-3899.2768000000056,1343098,1,0,0,0
2026-02-01 00:00:00+00:00,78741.1,79424.0,78284.0,78868.28,4258.38184,6.585e-05,0.00019825999999999977,0.00043417,0.5996720046003654,0,0,9945.902,9300.073999999999,645.8280000000013,0.5167782605569081,0.48958173999002697,0.7510269207051052,-14806.033000000025,-3570.961200000005,864454,1,0,0,0
2026-02-01 04:00:00+00:00,78868.29,79119.3,77967.69,78343.0,2563.1542,-3.267e-05,6.865999999999978e-05,0.0003294000000000001,-2.8853553515910297,0,0,8473.002,10188.215,-1715.2129999999997,0.45404337777112824,0.48569680879716265,-1.1684451295111162,2369.479000000003,-3618.3160000000053,610640,1,0,0,1
2026-02-01 08:00:00+00:00,78343.0,79220.72,78148.1,78743.56,2450.30839,-3.267e-05,6.865999999999978e-05,0.0003294000000000001,-2.8853553515910297,0,0,9346.083,9236.567000000001,109.51599999999962,0.5029467271890715,0.4865605180511502,0.3325779060423063,-959.8689999999988,-3282.346000000005,662869,1,0,0,1
2026-02-01 12:00:00+00:00,78743.57,78768.68,76761.98,77593.4,4807.63006,3.421e-05,6.738999999999977e-05,0.00030505,-0.4843278831479712,0,0,22023.591,23929.424,-1905.8329999999987,0.4792632431190859,0.4798111728103535,-0.3481224069441645,-3511.529999999999,114.63240000000079,1415405,1,0,0,0
2026-02-01 16:00:00+00:00,77593.4,78443.1,77000.01,77174.78,2883.53084,1.722e-05,1.875999999999978e-05,0.00028204000000000006,-1.0270031650094236,0,0,14588.138,15276.745999999997,-688.6079999999965,0.48847127616501046,0.48239372056319685,-0.031434819699809796,-2484.9249999999956,-710.8619999999988,1233484,1,0,0,0
2026-02-01 20:00:00+00:00,77174.77,77779.63,75700.0,76968.21,8432.47635,1.722e-05,1.875999999999978e-05,0.00028204000000000006,-1.0270031650094236,0,0,25134.25,29542.088000000003,-4407.838000000003,0.4596915396930935,0.48332750314288686,-0.893298900332997,-7002.278999999999,-1721.5951999999997,1975206,1,0,0,0
2026-02-02 00:00:00+00:00,76968.22,78231.26,74604.0,76292.98,11449.76567,6.8e-07,5.210999999999978e-05,0.00023794000000000002,-1.5066228577100327,0,0,33257.253,36775.265,-3518.0120000000024,0.4748830107750802,0.4839990873777185,-0.47903968782411177,-8614.458000000002,-2082.155,2758976,1,0,0,0
2026-02-02 04:00:00+00:00,76292.98,76958.0,74911.14,76660.79,9568.39849,6.8e-07,5.210999999999978e-05,0.00023794000000000002,-1.5066228577100327,0,0,28277.599,27871.662,405.9369999999981,0.503614802695266,0.48587828658141063,0.43049021006846055,-7519.913000000008,-2022.8708000000006,2355191,1,0,0,0
2026-02-02 08:00:00+00:00,76660.78,77970.62,76628.28,77759.99,5651.50758,6.8e-07,5.210999999999978e-05,0.00023794000000000002,-1.5066228577100327,0,0,16620.792,14292.202999999998,2328.5890000000036,0.5376635942263117,0.4963811576663503,1.6142189496811865,-783.4860000000008,-1175.9864000000002,1163152,1,0,0,0
2026-02-02 12:00:00+00:00,77760.0,79360.0,77564.62,78850.06,7522.81805,-3.043e-05,-1.253000000000022e-05,0.00019037000000000004,-2.2810839485972,0,0,29999.966,28953.913999999997,1046.0520000000033,0.5088717824848848,0.492622761467584,0.6208442426233218,3780.578000000005,-829.0544000000002,2147065,1,0,0,1
2026-02-02 16:00:00+00:00,78850.06,79288.28,78283.27,78341.5,5462.07718,-5.713e-05,-8.688000000000023e-05,0.00013014000000000005,-2.634640055805464,0,0,13412.96,13782.475000000002,-369.51500000000306,0.49320630466105797,0.49026556587799897,0.0972860602300808,3005.126000000004,-21.389800000000104,1268632,1,0,0,1
2026-02-02 20:00:00+00:00,78341.5,78962.78,77888.0,78738.61,2619.02319,-5.713e-05,-8.688000000000023e-05,0.00013014000000000005,-2.634640055805464,0,0,8659.38,7742.9450000000015,916.4349999999977,0.5279361310058177,0.49765484120146797,1.1987444151925015,1592.971999999998,865.4995999999999,663238,1,0,0,1
2026-02-03 00:00:00+00:00,78738.6,79186.81,77644.09,78753.32,4012.52848,-2.203e-05,-0.00010959000000000022,1.1180000000000042e-05,-1.558935630312422,0,0,11946.441,12909.678999999998,-963.2379999999976,0.48062372566595274,0.49542254104915606,-0.3680941821697902,-416.31800000000294,591.6646000000007,876759,0,1,0,0
2026-02-03 04:00:00+00:00,78753.32,78999.99,77950.0,78794.67,2886.84787,-2.203e-05,-0.00010959000000000022,1.1180000000000042e-05,-1.558935630312422,0,0,9709.034,10151.463,-442.4290000000001,0.48886158286975395,0.496382375024223,-0.051435680237422766,-489.23199999999997,37.461000000000055,642518,0,1,0,0
2026-02-03 08:00:00+00:00,78794.67,79084.29,77950.0,78079.5,2794.97467,-2.203e-05,-0.00010959000000000022,1.1180000000000042e-05,-1.558935630312422,0,0,11397.248,11806.149000000001,-408.90100000000166,0.49118876861004446,0.49665412426872635,0.03989048751252038,-1814.5679999999993,-253.52960000000093,721411,1,0,0,0
2026-02-03 12:00:00+00:00,78079.5,78458.89,77055.54,78132.33,5543.61818,2.245e-05,-5.6710000000000214e-05,-1.8499999999999569e-06,-0.3159923491639152,0,0,25066.693,26380.429000000004,-1313.7360000000044,0.487232172093125,0.49940818750872945,-0.1465235896168401,-2165.066000000006,-442.3738000000012,1622747,0,1,0,0
2026-02-03 16:00:00+00:00,78132.34,78134.53,72945.5,74935.0,18839.6377,-4.65e-06,-4.230000000000225e-06,-7.234999999999997e-05,-1.011154283966992,0,0,66497.149,71738.48199999999,-5241.332999999984,0.48104203322224504,0.500024089753446,-0.3665171648114674,-6963.96999999999,-1673.9273999999975,3522184,1,0,0,0
2026-02-03 20:00:00+00:00,74935.0,76960.0,74586.54,75770.21,5042.50199,-4.65e-06,-4.230000000000225e-06,-7.234999999999997e-05,-1.011154283966992,0,0,25980.763,24141.986000000004,1838.7769999999946,0.5183427389427503,0.5014968833781943,0.9405275647851101,-4716.291999999994,-1113.524399999999,1518652,1,0,0,0
2026-02-04 00:00:00+00:00,75770.21,76971.52,75467.22,76698.17,3573.68321,-4.65e-06,-4.230000000000225e-06,-7.234999999999997e-05,-1.011154283966992,0,0,12247.807,12982.486,-734.6790000000001,0.4854405376901489,0.49627457772457806,-0.2534250915870958,-4137.23499999999,-1171.9743999999992,889145,0,1,0,0
2026-02-04 04:00:00+00:00,76698.17,76830.69,76105.3,76514.3,2837.0505,1.19e-06,1.8989999999999776e-05,-3.8489999999999965e-05,-0.8339856679487708,0,0,6551.346,6615.581,-64.23500000000058,0.4975607444318632,0.4951434739192758,0.22311129865161258,1039.862999999994,-1103.041199999999,474717,1,0,0,0
2026-02-04 08:00:00+00:00,76514.3,76607.69,75666.0,76017.25,2912.66082,1.19e-06,1.8989999999999776e-05,-3.8489999999999965e-05,-0.8339856679487708,0,0,11156.827,12675.543,-1518.7160000000003,0.468137537307452,0.4926365971839154,-0.8281169271760866,-2317.630000000001,-1144.0371999999982,725578,1,0,0,0
2026-02-04 12:00:00+00:00,76017.25,76260.85,73794.11,74136.36,8952.94529,3.551e-05,3.2049999999999776e-05,-3.718999999999997e-05,0.141830862476945,0,0,38105.868,39943.977,-1838.1089999999967,0.48822477482178217,0.4886654615655118,-0.08932453944572358,-3421.0599999999977,-463.39240000000063,2427802,1,0,0,0
2026-02-04 16:00:00+00:00,74136.48,74249.83,72169.0,73923.29,13944.22381,4.618e-05,8.287999999999978e-05,-8.229999999999967e-06,0.44388581601815813,0,0,56159.016,54580.345,1578.671000000002,0.5071278675700504,0.49131587575592156,0.5815900807749959,-1778.153999999995,-515.4135999999992,3173569,0,1,0,0
2026-02-04 20:00:00+00:00,73923.3,74144.0,71888.0,73165.83,6154.79637,4.618e-05,8.287999999999978e-05,-8.229999999999967e-06,0.44388581601815813,0,0,20376.124,21729.719,-1353.5950000000012,0.4839262807302065,0.4908223455419668,-0.199225394645247,-1613.0329999999958,-639.1967999999994,1455447,1,0,0,0
2026-02-05 00:00:00+00:00,73165.84,73341.18,71152.78,71223.25,8356.43633,4.618e-05,8.287999999999978e-05,-8.229999999999967e-06,0.44388581601815813,0,0,28440.909,33236.887,-4795.978000000003,0.46112070865826654,0.487815539546789,-1.0893982517128147,-4570.902000000002,-1585.5453999999997,2215156,1,0,0,0
2026-02-05 04:00:00+00:00,71223.25,71622.82,70140.0,70756.85,13229.00492,9.173e-05,0.00017341999999999976,8.282000000000004e-05,1.5973201839574487,0,0,32848.559,37780.687,-4932.127999999997,0.46508437878552467,0.48560076021602894,-0.9777323191233195,-11081.701000000001,-2268.227799999999,2163484,1,0,0,0
2026-02-05 08:00:00+00:00,70756.86,71978.58,69922.0,70318.35,9382.74194,2.98e-06,0.00014088999999999977,0.00011623000000000004,-0.7476683911978192,0,0,25763.914,29392.223,-3628.309000000001,0.4671087462125928,0.48420743151506374,-0.8939239749355857,-13356.415,-2626.2678,1769232,1,0,0,0
2026-02-05 12:00:00+00:00,70318.35,70872.04,66720.15,67489.07,25214.85527,2.98e-06,0.00014088999999999977,0.00011623000000000004,-0.7476683911978192,0,0,82514.552,86278.12299999999,-3763.5709999999963,0.4888514978508398,0.4812583074058727,-0.027794143016973836,-12324.007999999994,-3694.7162,4563677,1,0,0,0
2026-02-05 16:00:00+00:00,67489.08,68681.81,65200.0,65265.65,21297.2321,2.98e-06,0.00014088999999999977,0.00011623000000000004,-0.7476683911978192,0,0,66984.134,71801.108,-4816.973999999987,0.4826459430030753,0.4809788479371654,-0.379757239193691,-12208.853999999985,-4387.391999999997,4112872,1,0,0,0
2026-02-05 20:00:00+00:00,65265.66,65700.0,62345.0,62909.86,28818.55843,-4.957e-05,4.513999999999976e-05,0.00012379000000000003,-1.9221624161563668,0,0,85557.196,89491.449,-3934.252999999997,0.4887624008743398,0.48009901358141305,-0.02630441363972662,-12514.79799999998,-4215.046999999996,4757139,1,0,0,0
2026-02-06 00:00:00+00:00,62909.87,66010.0,60000.0,64168.33,28980.40325,-1.597e-05,-6.256000000000023e-05,0.00012985000000000004,-1.0204990773984082,0,0,86286.108,90684.2,-4398.092000000004,0.48757392680810613,0.4820426525314784,-0.03837060355784737,-13149.318999999989,-4108.239799999998,4606830,0,1,0,0
2026-02-06 04:00:00+00:00,64168.33,66826.5,63914.62,64856.0,13204.36329,-1.597e-05,-6.256000000000023e-05,0.00012985000000000004,-1.0204990773984082,0,0,35436.355,34661.61299999999,774.7420000000129,0.5055261373624983,0.48377278878555,0.840811720788203,-7557.602999999988,-3227.6295999999943,2119316,1,0,0,0
2026-02-06 08:00:00+00:00,64856.0,66755.13,64500.0,66631.32,9652.84585,-1.597e-05,-6.256000000000023e-05,0.00012985000000000004,-1.0204990773984082,0,0,27149.604,26961.144,188.45999999999913,0.5017414285235902,0.483234144880904,0.6385865444943303,-3434.889999999992,-2437.2233999999953,1534235,1,0,0,0
2026-02-06 12:00:00+00:00,66631.32,69192.0,66114.49,68626.0,17606.82465,-0.00013688,-0.00020242000000000025,-2.947999999999997e-05,-3.123855662216634,0,0,55108.975,50578.07600000001,4530.89899999999,0.5214354500249988,0.48698506181038326,1.5687076172350378,5494.101000000002,-567.6487999999997,3208450,1,0,0,1
2026-02-06 16:00:00+00:00,68625.99,71500.0,68428.19,70731.46,17283.69927,-0.00013478,-0.0002876300000000002,-0.00015960999999999997,-2.6165469756465014,0,0,56525.372,51449.924,5075.448000000004,0.5235028204970145,0.493223272994258,1.5459291306168237,9794.806999999993,1234.2914000000005,3297574,1,0,0,1
2026-02-06 20:00:00+00:00,70731.45,71751.33,69837.35,70580.26,5811.079,-0.00013478,-0.0002876300000000002,-0.00015960999999999997,-2.6165469756465014,0,0,22967.557,21373.841,1593.7160000000003,0.5179709715061307,0.4985119322663186,1.201140427680562,11200.062999999995,2432.653000000001,1566499,0,1,0,1
2026-02-07 00:00:00+00:00,70580.26,70928.75,69718.0,70918.99,4687.77364,-0.00013478,-0.0002876300000000002,-0.00015960999999999997,-2.6165469756465014,0,0,15930.958,15924.797,6.161000000000058,0.5000967015222211,0.5018107277972814,0.24734687547307868,6675.325000000004,2278.9367999999986,1180498,1,0,0,1
2026-02-07 04:00:00+00:00,70918.99,71690.07,67300.0,68087.14,13271.32166,-0.00015178,-0.0004234400000000002,-0.00031257999999999997,-2.497804661357161,0,0,40102.586,48600.56399999999,-8497.977999999988,0.45209878115940644,0.4981354561281381,-2.0080473772631495,-6898.100999999988,541.6492000000013,2464884,1,0,0,1
2026-02-07 08:00:00+00:00,68087.13,68790.0,67582.48,67972.65,8689.01558,-8.326e-05,-0.0003698200000000002,-0.00043134999999999994,-1.3072877702338812,0,0,21573.125,18261.019999999997,3312.105000000003,0.5415736926197362,0.5040282310898042,2.2790150167429943,-5179.711999999985,297.89040000000386,1336595,0,1,0,0
2026-02-07 12:00:00+00:00,67972.65,69999.99,67901.89,69151.5,9290.84055,-8.326e-05,-0.0003698200000000002,-0.00043134999999999994,-1.3072877702338812,0,0,31010.192,28716.187,2294.0049999999974,0.5192042866017376,0.507072419662544,1.1773520428724762,-2891.8679999999877,-258.3981999999975,1934729,1,0,0,0
2026-02-07 16:00:00+00:00,69151.5,69898.0,68531.5,69373.61,6393.31777,-8.326e-05,-0.0003698200000000002,-0.00043134999999999994,-1.3072877702338812,0,0,17161.535,16925.719999999998,235.81500000000233,0.5034589907576894,0.5086609260575023,0.4214171038246502,5841.925000000003,-529.978399999997,1324476,1,0,0,0
2026-02-07 20:00:00+00:00,69373.61,69728.83,68787.34,69289.38,1923.21116,-2.907e-05,-0.0002641100000000002,-0.0005066,-0.4244591406000252,0,0,6007.144,6449.823,-442.6790000000001,0.48223167003653455,0.5063314793249059,-0.5208187953524016,2087.1409999999996,-619.746399999997,543063,1,0,0,0
2026-02-08 00:00:00+00:00,69289.37,69696.57,68888.0,69099.99,2026.40929,-2.907e-05,-0.0002641100000000002,-0.0005066,-0.4244591406000252,0,0,7477.825,7433.827,43.99799999999959,0.5014752892570186,0.5063048653982488,0.38419673047708536,-162.86599999999817,1088.6488000000004,613429,0,1,0,0
2026-02-08 04:00:00+00:00,69100.0,69719.07,68952.01,69710.69,2878.17149,-3.403e-05,-0.00014636000000000022,-0.00063236,-0.4563468991062832,0,0,6566.815,5536.62,1030.1949999999997,0.5425579597857964,0.5084171163743285,2.115562169997807,631.5139999999992,632.2667999999998,486602,1,0,0,0
2026-02-08 08:00:00+00:00,69710.69,71220.0,69514.15,70999.98,5309.31519,-3.546e-05,-9.856000000000022e-05,-0.0006707999999999999,-0.4358636903387295,0,0,23539.107,20282.740999999998,3256.366000000002,0.5371545946670254,0.5097822937913297,1.7088958641602991,4330.559000000001,824.7390000000007,1347239,1,0,0,0
2026-02-08 12:00:00+00:00,70999.99,71554.95,70707.39,71188.99,3659.2176,-3.546e-05,-9.856000000000022e-05,-0.0006707999999999999,-0.4358636903387295,0,0,14384.848,13870.395999999999,514.4520000000011,0.5091036552365289,0.5088955621643694,0.4853256226150333,4801.013000000003,880.4664000000005,1073898,1,0,0,0
2026-02-08 16:00:00+00:00,71188.99,71538.05,70251.33,71422.97,2720.17356,-4.864e-05,-0.00011813000000000023,-0.00066987,-0.6054798454546009,0,0,11552.025,11893.847,-341.8220000000001,0.4927104012168965,0.5081569321338371,-0.22882383863948982,3428.996000000003,900.6378000000004,954080,0,1,0,0
2026-02-08 20:00:00+00:00,71422.96,72271.41,70000.0,70330.38,4827.24455,-4.864e-05,-0.00011813000000000023,-0.00066987,-0.6054798454546009,0,0,20560.568,19654.968,905.5999999999985,0.5112593302250155,0.5140729870403978,0.5793181571232754,1078.2299999999996,1072.9582000000003,1283489,0,1,0,0
2026-02-09 00:00:00+00:00,70330.38,71453.53,70068.18,71307.56,4021.31441,-4.864e-05,-0.00011813000000000023,-0.00066987,-0.6054798454546009,0,0,15092.027,12983.112,2108.915000000001,0.5375584071017422,0.5136714584885984,1.5723650372489393,2672.6929999999993,1288.7022000000004,1297622,1,0,0,0
2026-02-09 04:00:00+00:00,71307.56,71359.37,70311.7,70422.59,2930.6054,-3.075e-05,-0.00011485000000000022,-0.00068465,-0.27487177687724346,0,0,10092.716,9070.271,1022.4449999999997,0.5266775998960913,0.5144187898180339,1.0601815102168808,4036.959999999999,841.918,747247,0,1,0,0
2026-02-09 08:00:00+00:00,70422.59,70608.83,68420.58,68928.72,6108.89766,-3.075e-05,-0.00011485000000000022,-0.00068465,-0.27487177687724346,0,0,22606.96,26404.022000000004,-3797.0620000000054,0.4612631511851772,0.5101992058607826,-1.5612507072160533,-665.7020000000048,-20.38480000000127,1498365,1,0,0,0
2026-02-09 12:00:00+00:00,68928.71,69884.82,68308.0,69563.37,6863.78788,1.846e-05,-6.093000000000022e-05,-0.00052931,0.542227617386362,0,0,28858.778,27669.041000000005,1189.7369999999937,0.5105234645617585,0.5130283853133051,0.37971350269839,-1584.880000000012,285.9269999999975,1937605,1,0,0,0
2026-02-09 16:00:00+00:00,69563.37,71075.31,69100.0,70957.01,6239.20348,1.846e-05,-6.093000000000022e-05,-0.00052931,0.542227617386362,0,0,24287.442,22697.181,1590.2609999999986,0.5169232069819949,0.5145731770858026,0.6193701322512581,-1017.064000000013,422.8591999999975,1702633,1,0,0,0
2026-02-09 20:00:00+00:00,70957.01,71126.0,69823.52,70138.0,2988.91959,-4.284e-05,-5.513000000000022e-05,-0.00043736999999999997,-0.4499752171215501,0,0,10561.002,12120.275999999998,-1559.2739999999976,0.4656264078241094,0.506880021889634,-1.3637859236187693,1220.7239999999947,-310.7786000000022,817075,1,0,0,0
2026-02-10 00:00:00+00:00,70138.0,70527.59,69208.61,69511.83,2469.62773,-8.798e-05,-0.0001123600000000002,-0.00037356999999999994,-1.1438828952022706,0,0,10740.368,11792.739,-1052.3709999999992,0.47664833793227007,0.5008293962161584,-0.9818385040901618,-1021.3839999999982,-725.741800000002,805650,1,0,0,0
2026-02-10 04:00:00+00:00,69511.83,69906.5,68682.0,68919.66,3133.48778,-8.798e-05,-0.0001123600000000002,-0.00037356999999999994,-1.1438828952022706,0,0,12545.782,14365.572,-1819.7900000000009,0.4661891779952803,0.49653794849203364,-1.4032784793770632,-4431.434999999998,-330.28740000000107,870568,1,0,0,0
2026-02-10 08:00:00+00:00,68919.66,69417.7,68459.89,68535.01,3589.46371,-8.798e-05,-0.0001123600000000002,-0.00037356999999999994,-1.1438828952022706,0,0,12285.231,12505.205000000002,-219.97400000000198,0.49556332934200914,0.4968232413045448,-0.27668513644832265,-3092.135000000002,-612.2296000000002,708871,1,0,0,0
2026-02-10 12:00:00+00:00,68535.02,69591.2,67800.0,69293.37,5843.11364,-4.829e-05,-0.00017911000000000023,-0.0003386,-0.41496079884881387,0,0,30614.75,30545.286,69.46399999999994,0.5005678871739055,0.4957540969994339,-0.0866158975262925,-1970.300000000003,-916.3889999999999,1895505,1,0,0,0
2026-02-10 16:00:00+00:00,69293.37,69993.65,68604.63,69062.01,3997.49855,-8.816e-05,-0.0002244300000000002,-0.00039769,-1.0529980198217976,0,0,17534.61,17204.574999999997,330.0350000000035,0.5047501834024029,0.49247327462949997,0.05713348699882289,179.52500000000146,-538.5271999999998,1365477,0,1,0,0
2026-02-10 20:00:00+00:00,69062.0,69136.91,68362.0,68841.29,1340.57931,-8.816e-05,-0.0002244300000000002,-0.00039769,-1.0529980198217976,0,0,6788.779,6949.7119999999995,-160.93299999999908,0.4941429884839609,0.4892198134882869,-0.3978486357363191,238.56600000000435,-360.2395999999997,589510,1,0,0,0
2026-02-11 00:00:00+00:00,68841.28,69292.88,68011.11,68187.99,1918.23444,1.4e-05,-0.0001224500000000002,-0.00034966,0.7542372601732655,0,0,8918.304,10226.893,-1308.589,0.46582461387051805,0.48967595975682093,-1.5097890836122634,-1139.4869999999955,-257.9993999999995,706519,1,0,0,0
2026-02-11 04:00:00+00:00,68188.0,68325.0,66557.99,67032.72,5175.02607,1.4e-05,-0.0001224500000000002,-0.00034966,0.7542372601732655,0,0,20293.401,22827.158999999996,-2533.7579999999944,0.4706200707968543,0.48568562038033053,-1.2322458202522493,-4003.2799999999934,-720.756199999998,1340307,1,0,0,0
2026-02-11 08:00:00+00:00,67032.71,67134.42,66369.49,67053.03,3914.08731,1.4e-05,-0.0001224500000000002,-0.00034966,0.7542372601732655,0,0,12489.05,12747.612000000001,-258.5620000000017,0.4948772543690603,0.48348102511903707,-0.2605501794758361,-4100.908999999996,-786.3613999999983,860883,0,1,0,0
2026-02-11 12:00:00+00:00,67053.03,68834.34,65756.0,66519.73,9148.58414,-8.417e-05,-0.0001583300000000002,-0.00039837,-0.9347570634726516,0,0,48546.638,46042.192,2504.4459999999963,0.5132385927598427,0.4882422436126104,0.4812365014831042,-287.8739999999998,-351.47919999999976,2772064,0,1,0,0
2026-02-11 16:00:00+00:00,66519.72,67860.44,65876.0,67586.67,5004.8715,-1.169e-05,-8.186000000000022e-05,-0.00036141999999999994,0.39026866146892136,0,0,23683.086,23819.425,-136.33899999999994,0.49856492849399053,0.49043390266878245,-0.07220184847806298,2109.5449999999946,-346.56039999999996,1777563,0,1,0,0
2026-02-11 20:00:00+00:00,67586.66,68369.77,66787.7,67082.52,3557.44256,-1.169e-05,-8.186000000000022e-05,-0.00036141999999999994,0.39026866146892136,0,0,13333.204,13698.56,-365.35599999999977,0.49324209844388994,0.49313919471364337,-0.2563458049309685,2002.7509999999966,-157.9137999999999,904212,1,0,0,0
2026-02-12 00:00:00+00:00,67082.52,68047.48,67055.53,67580.99,2100.97039,-1.381e-05,-0.00010967000000000022,-0.00034447999999999993,0.36210200325443753,0,0,9588.195,9541.879,46.315999999998894,0.5012105546481419,0.4937039172442567,0.06729130670139466,-455.3790000000008,358.10099999999875,710909,1,0,0,0
2026-02-12 04:00:00+00:00,67581.0,67682.69,66670.45,67217.72,2710.60187,-1.381e-05,-0.00010967000000000022,-0.00034447999999999993,0.36210200325443753,0,0,8584.903,9384.313,-799.4099999999999,0.47775612469681483,0.4914227409965476,-0.9764065999701277,-1118.4500000000007,249.93139999999912,625391,1,0,0,0
2026-02-12 08:00:00+00:00,67217.71,68299.0,66891.6,68076.01,3668.0563,-1.381e-05,-0.00010967000000000022,-0.00034447999999999993,0.36210200325443753,0,0,11898.638,11811.189,87.44900000000052,0.5018441509505742,0.4911321377513647,0.1258068448660357,-665.6450000000004,-233.46800000000002,728835,1,0,0,0
2026-02-12 12:00:00+00:00,68076.01,68410.52,67014.98,67134.74,4824.24216,3.499e-05,9.489999999999789e-06,-0.00032795,1.183230801260129,0,0,22353.844,22768.713999999996,-414.86999999999534,0.4954028537123273,0.49125812427420146,-0.13439839380088064,-1126.8309999999947,-289.17419999999913,1450470,1,0,0,0
2026-02-12 16:00:00+00:00,67134.74,67232.04,65118.0,65788.36,7933.48282,3.499e-05,9.489999999999789e-06,-0.00032795,1.183230801260129,0,0,33764.056,37207.636,-3443.5800000000017,0.47573976396110157,0.4922496392832598,-0.9874275087211128,-3771.0009999999966,-904.8189999999995,2174166,1,0,0,0
2026-02-12 20:00:00+00:00,65788.36,66488.9,65215.06,66272.17,3034.38929,-1.728e-05,3.8999999999997865e-06,-0.00030239,0.22931609851740842,0,0,11434.15,11655.742,-221.59200000000055,0.49520153667241057,0.4947077858708154,-0.11992075441499189,-4080.0419999999976,-958.4005999999994,791061,0,1,0,0
2026-02-13 00:00:00+00:00,66272.17,66814.0,65872.46,66553.08,2583.39216,-1.728e-05,3.8999999999997865e-06,-0.00030239,0.22931609851740842,0,0,8949.293,9101.172,-151.87900000000081,0.4957929338662466,0.494799353820534,-0.08401850690664096,-3817.051000000003,-828.8943999999996,665012,0,1,0,0
2026-02-13 04:00:00+00:00,66553.09,66671.62,66002.98,66208.96,2428.41994,5.834e-05,7.604999999999979e-05,-0.00015606999999999996,1.4721451930367315,0,0,7866.853,7913.985,-47.13199999999961,0.49850666992462633,0.49332616153701236,0.11786972755951906,-420.603000000001,-855.8105999999996,536805,1,0,0,0
2026-02-13 08:00:00+00:00,66208.96,67226.66,66191.52,67171.42,2201.58479,5.834e-05,7.604999999999979e-05,-0.00015606999999999996,1.4721451930367315,0,0,11660.907,11199.530999999999,461.3760000000002,0.510091145235275,0.4944787832111409,0.7959247304432695,262.3649999999998,-680.5614000000005,683700,1,0,0,0
2026-02-13 12:00:00+00:00,67171.41,69309.8,66867.47,68692.12,6886.55091,7.16e-06,4.8219999999999786e-05,-0.00010061999999999995,0.6065741955563448,0,0,37387.642,34076.507999999994,3311.1340000000055,0.5231663988167494,0.4974712132484268,1.4312499964587069,3725.378000000006,670.3814000000009,1944005,1,0,0,0
2026-02-13 16:00:00+00:00,68692.12,69482.97,68540.83,68938.91,4320.62247,7.16e-06,4.8219999999999786e-05,-0.00010061999999999995,0.6065741955563448,0,0,18629.649,19534.609999999997,-904.9609999999957,0.48814386780049895,0.49616454456366255,-0.3860180247164067,2867.54900000001,533.7076000000019,1197034,0,1,0,0
2026-02-13 20:00:00+00:00,68938.91,69079.4,68683.32,68853.96,1823.97928,-1.274e-05,5.2759999999999786e-05,-2.5199999999999965e-05,0.26787208189817185,0,0,8340.608,8382.530999999999,-41.922999999998865,0.49874655709074717,0.4982635878030557,0.18941863849226862,2364.250000000011,555.6988000000023,479868,1,0,0,0
2026-02-14 00:00:00+00:00,68853.97,69137.5,68768.56,68981.99,1291.93003,-1.274e-05,5.2759999999999786e-05,-2.5199999999999965e-05,0.26787208189817185,0,0,5183.941,4458.756,725.1849999999995,0.537602809670365,0.5018394536750348,2.233553629437728,-221.69899999999507,710.1622000000021,290220,1,0,0,0
2026-02-14 04:00:00+00:00,68982.0,69343.0,68730.13,69219.26,2188.37379,1.291e-05,7.329999999999789e-06,-2.6289999999999963e-05,0.7019869703748796,0,0,4969.232,4158.153,811.0789999999997,0.5444310719883076,0.5067422755026328,2.403507069486321,1494.3410000000003,780.102800000002,252441,1,0,0,0
2026-02-14 08:00:00+00:00,69219.27,70560.01,69218.71,70505.74,3530.97709,1.291e-05,7.329999999999789e-06,-2.6289999999999963e-05,0.7019869703748796,0,0,15845.373,11583.399000000001,4261.973999999998,0.5776916662546905,0.5169374657319917,3.2266703800939474,5798.237999999998,970.2708000000006,709232,1,0,0,0
2026-02-14 12:00:00+00:00,70505.74,70533.67,69064.6,69778.28,7103.62124,3.174e-05,3.190999999999979e-05,8.962000000000003e-05,1.0310640280741046,0,0,15595.568,20774.799,-5179.231,0.42879875256689054,0.5102971873214397,-2.492245163877005,-106.1780000000017,115.41679999999978,921709,1,0,0,0
2026-02-14 16:00:00+00:00,69778.28,69930.9,69283.02,69873.99,2295.28058,3.174e-05,3.190999999999979e-05,8.962000000000003e-05,1.0310640280741046,0,0,8746.89,7206.554,1540.3359999999993,0.5482759710066365,0.5155454910354788,1.7548855588833667,623.0789999999979,431.86859999999945,524668,1,0,0,0
2026-02-14 20:00:00+00:00,69873.99,70250.46,69668.05,69822.95,1704.6012,-3.094e-05,1.3709999999999786e-05,7.037000000000005e-05,-0.007369402070659851,0,0,8790.449,7221.132,1569.317000000001,0.5490056853223926,0.5205953925752553,1.6383302307582577,-2069.5779999999995,600.6949999999997,403231,0,1,0,0
2026-02-15 00:00:00+00:00,69822.94,69990.02,69251.5,69954.5,1764.94129,-1.068e-05,-9.88000000000021e-06,7.350000000000002e-05,0.4525088161708418,0,0,10164.992,8406.905,1758.0869999999995,0.547331917681861,0.5243194698199138,1.460798192916495,4867.74,790.0965999999996,545988,1,0,0,0
2026-02-15 04:00:00+00:00,69954.5,70926.42,69459.35,70828.42,4747.14422,-1.068e-05,-9.88000000000021e-06,7.350000000000002e-05,0.4525088161708418,0,0,14259.891,11987.481,2272.41,0.5432883337806163,0.5263316633163007,1.241138796672742,5599.814,392.18379999999996,704155,1,0,0,0
2026-02-15 08:00:00+00:00,70828.43,70983.0,70182.31,70295.22,2073.25418,-1.068e-05,-9.88000000000021e-06,7.350000000000002e-05,0.4525088161708418,0,0,8385.019,9931.784,-1546.7649999999994,0.4577774298276834,0.523295019519019,-1.4786564345477093,2483.732,1118.6770000000001,532574,1,0,0,0
2026-02-15 12:00:00+00:00,70295.22,70418.48,68772.2,69099.99,3852.56524,4.664e-05,5.019999999999793e-06,8.515000000000004e-05,1.4908359175214763,0,0,20273.661,21513.388,-1239.726999999999,0.48516613365064376,0.5219369771750088,-0.5899561718024536,-514.0819999999985,562.6644000000003,976740,1,0,0,0
2026-02-15 16:00:00+00:00,69100.0,69100.0,68000.0,68286.63,8139.52235,-2.371e-05,1.224999999999979e-05,7.872000000000003e-05,0.14929864756757974,0,0,14092.538,16491.681,-2399.143,0.46077808951080296,0.5142545051590526,-1.2742309979244886,-5185.634999999998,-231.0275999999998,857616,1,0,0,0
2026-02-15 20:00:00+00:00,68286.64,69078.49,68120.0,68832.58,1712.6248,-2.371e-05,1.224999999999979e-05,7.872000000000003e-05,0.14929864756757974,0,0,8244.534,7498.256000000001,746.2779999999984,0.5237022154268716,0.5121816195029089,0.6180507903931624,-2892.5920000000006,-433.3894,513997,1,0,0,0
2026-02-16 00:00:00+00:00,68832.59,69065.5,68143.22,68424.82,1757.09824,-2.371e-05,1.224999999999979e-05,7.872000000000003e-05,0.14929864756757974,0,0,6471.211,6966.228,-495.0169999999998,0.48158067917554825,0.5025705207949946,-0.6903257719864242,-2147.8820000000014,-986.8747999999999,497073,1,0,0,0
2026-02-16 04:00:00+00:00,68424.82,68900.0,68228.76,68587.9,1421.8609,2.659e-05,4.951999999999979e-05,4.6970000000000026e-05,1.051920451462328,0,0,6489.27,5834.218999999999,655.0510000000013,0.5265773353633861,0.5123483790746443,0.6500953586995072,906.3119999999999,-546.5115999999998,362237,1,0,0,0
2026-02-16 08:00:00+00:00,68587.89,69060.77,68338.9,68812.83,1609.09509,2.659e-05,4.951999999999979e-05,4.6970000000000026e-05,1.051920451462328,0,0,8160.0,7685.782999999999,474.21700000000055,0.5149635079566596,0.5090171327696466,0.26626859561945765,634.251000000002,-203.72279999999992,464104,1,0,0,0
2026-02-16 12:00:00+00:00,68812.84,70126.67,67294.11,67539.52,6563.57157,-3.277e-05,-2.989000000000021e-05,7.0400000000000275e-06,-0.12048469073743134,0,0,33596.657,35985.787000000004,-2389.1300000000047,0.4828323793858117,0.5023998021759886,-0.7017454981564009,-1259.8620000000028,-201.72020000000083,1778742,1,0,0,0
2026-02-16 16:00:00+00:00,67539.53,68245.34,67513.94,67913.43,2266.56859,-4.112e-05,-4.730000000000021e-05,-2.1339999999999972e-05,-0.381632004887653,0,0,10423.657,10243.062000000002,180.59499999999753,0.5043692228069679,0.4981035326884992,-0.039286805727838416,-1734.3180000000066,-314.85680000000104,644334,1,0,0,0
2026-02-16 20:00:00+00:00,67913.44,68978.88,67827.11,68892.43,1897.57095,-4.112e-05,-4.730000000000021e-05,-2.1339999999999972e-05,-0.381632004887653,0,0,9471.958,8251.916,1220.0420000000013,0.5344180397581252,0.49721650328625006,0.8428843468750776,-988.4930000000058,28.154999999999198,534590,1,0,0,0
2026-02-17 00:00:00+00:00,68892.43,69241.5,68387.2,68474.9,1970.0963,-4.112e-05,-4.730000000000021e-05,-2.1339999999999972e-05,-0.381632004887653,0,0,7946.876,8531.001,-584.125,0.48227547759945044,0.4996663080634268,-0.7343048327856383,816.5119999999988,-219.68020000000107,602028,1,0,0,0
2026-02-17 04:00:00+00:00,68474.9,68707.49,67892.0,68388.12,1507.90265,5.883e-05,-1.5060000000000205e-05,2.4580000000000026e-05,1.8176365452123677,0,0,7356.719,8078.775000000001,-722.0560000000005,0.47661053154502214,0.4988107478528646,-0.9047808583140471,-86.13899999999921,-458.93480000000125,461254,1,0,0,0
2026-02-17 08:00:00+00:00,68388.12,68479.17,67690.0,67854.6,1702.22977,5.883e-05,-1.5060000000000205e-05,2.4580000000000026e-05,1.8176365452123677,0,0,7324.543,7874.928,-550.3850000000002,0.4818946001475972,0.5009223989165441,-0.7172783772433551,-1856.5660000000007,-91.18580000000038,466928,1,0,0,0
2026-02-17 12:00:00+00:00,67854.6,68360.5,66621.06,67392.05,5962.49538,2.672e-05,4.442999999999979e-05,1.956000000000003e-05,0.9852114356256277,0,0,24935.494,26247.414000000004,-1311.9200000000055,0.4871840029097213,0.497270577664829,-0.547445510074475,-2584.3610000000062,-389.688800000001,1472039,1,0,0,0
2026-02-17 16:00:00+00:00,67392.06,68235.39,66881.08,67793.32,4203.96684,2.672e-05,4.442999999999979e-05,1.956000000000003e-05,0.9852114356256277,0,0,20039.089,20882.011,-842.9219999999987,0.4897006434333388,0.4980825740906081,-0.49070599742744275,-2705.2270000000044,-802.2816000000009,1311604,0,1,0,0
2026-02-17 20:00:00+00:00,67793.32,67928.08,67394.0,67503.52,1142.37827,5.077e-05,0.00013631999999999978,0.00010127000000000002,1.4619739600753825,0,0,4885.953,5082.319,-196.36599999999999,0.49015044934568397,0.4944398854888378,-0.4709484761369399,-2351.208000000004,-724.729800000001,421798,1,0,0,0
2026-02-18 00:00:00+00:00,67503.52,67705.65,66892.03,67629.11,1226.88759,3.215e-05,0.00010963999999999978,0.00014410000000000003,0.9529143612202443,0,0,6858.142,7001.3150000000005,-143.17300000000068,0.4948348265015,0.4924270173433219,-0.3279580726675293,-1182.4609999999993,-608.9532000000011,449430,0,1,0,0
2026-02-18 04:00:00+00:00,67629.1,68219.81,67500.1,68106.44,1433.81961,3.215e-05,0.00010963999999999978,0.00014410000000000003,0.9529143612202443,0,0,7435.436,6315.929,1119.5069999999996,0.5407053045279505,0.49821430985753573,1.0011745664684504,779.9679999999989,-274.97480000000104,387009,1,0,0,0
2026-02-18 08:00:00+00:00,68106.44,68476.22,67076.9,67369.75,1922.15458,-1.41e-06,8.150999999999978e-05,9.605000000000003e-05,0.13160255963013592,0,0,13523.076,13780.005,-256.9290000000001,0.4952948716666811,0.4973068747435071,-0.33518116674131615,719.4049999999988,-63.97659999999996,634389,1,0,0,0
2026-02-18 12:00:00+00:00,67369.75,68347.72,66717.3,67694.01,4330.13695,-1.41e-06,8.150999999999978e-05,9.605000000000003e-05,0.13160255963013592,0,0,21553.154,21589.675,-36.52100000000064,0.4995767431013854,0.4938227450778331,-0.185296569877646,826.0569999999989,97.30359999999965,1169795,0,1,0,0
2026-02-18 16:00:00+00:00,67694.01,67706.94,65870.0,66177.14,4311.92393,-1.41e-06,8.150999999999978e-05,9.605000000000003e-05,0.13160255963013592,0,0,22692.206,25661.846000000005,-2969.6400000000067,0.46929274924053926,0.49252447224194196,-1.0534946512700603,-3263.0900000000074,-457.3512000000017,1260419,1,0,0,0
2026-02-18 20:00:00+00:00,66177.15,66550.0,66053.6,66461.0,2267.51573,3.604e-05,6.677999999999979e-05,0.00015580000000000002,0.9595126626525049,0,0,8921.871,8640.736,281.1349999999984,0.5080037946530375,0.49566379855274345,0.0744436137995247,-2725.026000000009,-372.4896000000019,513892,1,0,0,0
2026-02-19 00:00:00+00:00,66461.0,66997.07,66345.0,66980.91,1337.23292,3.604e-05,6.677999999999979e-05,0.00015580000000000002,0.9595126626525049,0,0,6384.632,5564.799000000001,819.8329999999987,0.5343042693832032,0.5009047654763041,0.8531078228662937,-1868.6720000000096,-432.42440000000204,407416,1,0,0,0
2026-02-19 04:00:00+00:00,66980.91,67320.0,66679.76,67206.45,1593.15988,-4.014e-05,-5.51000000000021e-06,8.907000000000003e-05,-0.8491377875736386,0,0,6662.391,6325.4400000000005,336.9509999999991,0.5129717964454572,0.5034835448298777,0.26118970305874784,1437.9189999999962,-313.6484000000022,407686,1,0,0,0
2026-02-19 08:00:00+00:00,67206.45,67206.45,66478.02,66496.02,1879.33579,2.686e-05,2.275999999999979e-05,0.00014870000000000004,0.7333980309921032,0,0,7766.468,9868.141,-2101.673,0.44041055857830474,0.4985545363443743,-1.8460389385096674,-944.8890000000019,-726.6788000000021,490174,1,0,0,0
2026-02-19 12:00:00+00:00,66496.03,66755.39,65631.83,66398.0,4451.59374,2.686e-05,2.275999999999979e-05,0.00014870000000000004,0.7333980309921032,0,0,25197.212,28148.453,-2951.241000000002,0.4723385114797988,0.4967733425577857,-0.9708675378657092,-4715.9630000000025,-722.999000000001,1404179,1,0,0,0
2026-02-19 16:00:00+00:00,66398.01,67198.1,65899.25,67050.0,3411.99791,2.686e-05,2.275999999999979e-05,0.00014870000000000004,0.7333980309921032,0,0,20795.7,18525.997999999996,2269.702000000005,0.5288606814487005,0.5001759280525058,0.9815730525662758,-2783.211999999997,-325.2855999999998,1123391,1,0,0,0
2026-02-19 20:00:00+00:00,67050.0,67168.86,66652.34,67003.73,1868.94964,-3.052e-05,-4.380000000000021e-05,0.00015930000000000002,-0.6391215331165812,0,0,6260.777,5932.59,328.1869999999999,0.513457603629908,0.49745115796270156,0.5129847934255051,-353.35199999999713,-423.61479999999955,410755,0,1,0,0
2026-02-20 00:00:00+00:00,67003.73,67488.67,66949.41,67366.25,1472.92111,5.365e-05,4.998999999999979e-05,0.00015412000000000005,1.314774678706428,0,0,8480.285,7682.808000000001,797.476999999999,0.524669690386611,0.5003886398346945,0.9868379132099062,3395.3660000000036,-331.5095999999996,434786,1,0,0,0
2026-02-20 04:00:00+00:00,67366.25,68006.0,67115.38,67825.91,2411.4783,5.365e-05,4.998999999999979e-05,0.00015412000000000005,1.314774678706428,0,0,11890.299,11241.092999999999,649.206000000002,0.5140330076114745,0.5018342662857035,0.6505060589139804,1774.8700000000008,218.66620000000074,504221,1,0,0,0
2026-02-20 08:00:00+00:00,67825.91,68318.39,67280.6,67318.41,3414.63472,1.302e-05,3.6149999999999794e-05,0.00014042000000000001,0.2558742073619847,0,0,12891.377,14742.647,-1851.2700000000004,0.46650379257107105,0.5015553706187567,-1.2668245595071776,-404.58699999999953,438.660400000001,618776,1,0,0,0
2026-02-20 12:00:00+00:00,67318.41,68083.98,66280.2,67582.95,16088.45139,1.302e-05,3.6149999999999794e-05,0.00014042000000000001,0.2558742073619847,0,0,44251.694,44759.178,-507.48399999999674,0.4971493145241853,0.5004699226058714,-0.047226122104525724,-1709.5479999999952,-116.77679999999927,1860757,0,1,0,0
2026-02-20 16:00:00+00:00,67582.95,68000.0,66952.11,67646.03,9574.1468,-6.71e-06,5.995999999999979e-05,8.294000000000003e-05,-0.35557219221997893,0,0,28099.175,25892.87,2206.3050000000003,0.5204317599009262,0.49908267165764375,0.8406889830188948,-152.4489999999969,258.8468000000008,1340228,1,0,0,0
2026-02-20 20:00:00+00:00,67646.03,68233.99,67520.3,68020.01,2390.23859,-6.71e-06,5.995999999999979e-05,8.294000000000003e-05,-0.35557219221997893,0,0,8201.592,7170.9529999999995,1030.639000000001,0.5335220680765612,0.5011376988207541,1.3514650953915681,2729.4600000000046,305.47920000000124,405383,1,0,0,0
2026-02-21 00:00:00+00:00,68020.0,68099.54,67534.69,67667.77,1582.09541,-6.71e-06,5.995999999999979e-05,8.294000000000003e-05,-0.35557219221997893,0,0,6030.07,7454.3150000000005,-1424.2450000000008,0.4471891005781873,0.5018155530207424,-2.0099692165598366,1812.6990000000005,-109.21099999999933,300734,1,0,0,0
2026-02-21 04:00:00+00:00,67667.77,67924.39,67593.99,67856.01,716.23217,4.456e-05,5.086999999999979e-05,9.535000000000003e-05,1.0569631017113095,0,0,3338.8,3496.2559999999994,-157.45599999999922,0.4884817329953113,0.5034298751722937,-0.3805400066415289,-551.061999999999,229.55180000000092,173704,0,1,0,0
2026-02-21 08:00:00+00:00,67856.01,68314.54,67807.3,68092.45,1384.49772,2.485e-05,6.269999999999979e-05,0.00012161000000000002,0.4588667233748899,0,0,8810.958,7613.957,1197.0010000000002,0.5364385751767969,0.5041876645451032,1.4234876788959274,-384.6999999999998,570.4488000000003,292906,1,0,0,0
2026-02-21 12:00:00+00:00,68092.45,68698.7,67915.0,68615.0,1818.30536,2.485e-05,6.269999999999979e-05,0.00012161000000000002,0.4588667233748899,0,0,12507.753,9431.079999999998,3076.6730000000025,0.570119340440761,0.5098538382261886,2.340092435976925,4116.2180000000035,744.5224000000007,411919,1,0,0,0
2026-02-21 16:00:00+00:00,68615.01,68658.5,68101.78,68543.51,1410.16439,2.485e-05,6.269999999999979e-05,0.00012161000000000002,0.4588667233748899,0,0,8424.739,8085.823999999999,338.9150000000009,0.5102635809572332,0.5084132272832508,0.28160762013852164,4612.589000000004,606.1776000000007,383924,0,1,0,0
2026-02-21 20:00:00+00:00,68543.51,68605.63,67900.0,67975.93,1121.54626,3.235e-05,0.00010175999999999978,0.00011792000000000004,0.6513620397927804,0,0,6032.368,6269.373,-237.0049999999992,0.4903670139047798,0.5060466279125813,-0.35626052775556116,3178.583000000004,843.625600000001,283442,1,0,0,0
2026-02-22 00:00:00+00:00,67975.93,68222.16,67809.78,68041.43,1114.48202,3.235e-05,0.00010175999999999978,0.00011792000000000004,0.6513620397927804,0,0,5982.93,6518.141,-535.2109999999993,0.478593394117992,0.5072555880672734,-0.7608009811572073,-433.30099999999766,768.074600000001,300185,0,1,0,0
2026-02-22 04:00:00+00:00,68041.42,68178.79,67881.81,68005.3,923.792,7.3e-06,6.449999999999979e-05,0.00016536000000000003,-0.16999897646802012,0,0,4296.824,4645.762,-348.9380000000001,0.4804900953706232,0.5055896661519172,-0.7017704447748757,-1121.1539999999986,458.88680000000096,178383,1,0,0,0
2026-02-22 08:00:00+00:00,68005.3,68245.0,67912.02,68219.97,733.14137,7.3e-06,6.449999999999979e-05,0.00016536000000000003,-0.16999897646802012,0,0,4669.419,4416.581,252.83799999999974,0.5139136033458067,0.5049378504964053,0.4306559761787355,-631.3109999999997,-105.8801999999996,178288,1,0,0,0
2026-02-22 12:00:00+00:00,68219.97,68232.4,67303.5,67684.14,2531.23331,4.2e-07,4.006999999999979e-05,0.00013892000000000003,-0.3568740025518678,0,0,15511.892,15662.452000000001,-150.5600000000013,0.49758519377344396,0.5013441630660935,-0.15517194306948104,-246.66000000000167,-203.77520000000004,609059,1,0,0,0
2026-02-22 16:00:00+00:00,67684.15,67718.13,67190.0,67428.32,1575.66204,4.972e-05,5.743999999999979e-05,0.00021916000000000004,1.1585321393927244,0,0,6583.825,6397.31,186.51499999999942,0.5071840790500984,0.5073436609132846,0.16302571000354757,288.79299999999785,-119.07120000000032,325067,0,1,0,0
2026-02-22 20:00:00+00:00,67428.32,67751.44,67350.0,67643.4,1296.8241,4.972e-05,5.743999999999979e-05,0.00021916000000000004,1.1585321393927244,0,0,5503.971,4154.3150000000005,1349.655999999999,0.5698703683034443,0.515482524444098,2.1037256923852743,1385.6109999999971,257.90219999999937,272724,1,0,0,0
2026-02-23 00:00:00+00:00,67643.39,67684.86,64290.71,64934.17,11022.665,4.972e-05,5.743999999999979e-05,0.00021916000000000004,1.1585321393927244,0,0,41957.192,47129.681000000004,-5172.489000000001,0.4709694098253959,0.5089356079089579,-1.0688163294592654,-3636.318000000003,-706.8080000000009,2045543,1,0,0,0
2026-02-23 04:00:00+00:00,64934.18,66015.22,64685.64,65958.94,4119.82727,6.946e-05,0.00011959999999999979,0.00023497,1.7466042706880247,0,0,15941.322,15539.544000000002,401.7779999999984,0.5063813047582617,0.502561804340708,0.10120351314705976,-3421.055000000004,-677.0200000000011,709438,1,0,0,0
2026-02-23 08:00:00+00:00,65958.94,66600.0,65565.78,66207.23,3194.00092,-9.317e-05,2.6009999999999787e-05,0.00012878000000000002,-2.7855741727979284,0,0,15206.236,15520.551,-314.3149999999987,0.4948853259535402,0.5010239788403387,-0.2745426621713141,-5085.026000000002,-709.7710000000006,672603,0,1,0,1
2026-02-23 12:00:00+00:00,66207.23,66511.51,65529.73,65660.1,3796.34009,-9.317e-05,2.6009999999999787e-05,0.00012878000000000002,-2.7855741727979284,0,0,22700.418,21367.632999999998,1332.7850000000035,0.5151218963597914,0.5034994670858398,0.36988903895875347,1420.2480000000032,-480.5169999999998,1113111,0,1,0,1
2026-02-23 16:00:00+00:00,65660.1,65724.28,64048.71,64295.1,7179.94577,2.251e-05,-1.2000000000002121e-06,0.00015800000000000002,0.2871427363464487,0,0,28415.657,28646.179000000004,-230.52200000000448,0.49798006849972365,0.5054381345240129,-0.22601079439273766,787.9480000000003,-796.5526000000006,1442116,1,0,0,0
2026-02-23 20:00:00+00:00,64295.11,65035.98,63888.79,64656.02,3763.13018,2.251e-05,-1.2000000000002121e-06,0.00015800000000000002,0.2871427363464487,0,0,12707.655,12019.228000000001,688.4269999999997,0.5139206183003333,0.5087811868169839,0.29917996682014264,1790.6899999999987,375.6305999999997,647808,1,0,0,0
2026-02-24 00:00:00+00:00,64656.01,65026.75,63342.9,63595.51,4752.76382,2.251e-05,-1.2000000000002121e-06,0.00015800000000000002,0.2871427363464487,0,0,20806.362,23974.392999999996,-3168.0309999999954,0.4646273159083629,0.5038525580732396,-1.2524422351436362,-2710.126,-338.33119999999906,1208296,1,0,0,0
2026-02-24 04:00:00+00:00,63595.51,63628.52,62700.8,63192.96,4939.8898,5.706e-05,-1.3600000000000222e-05,0.00017050000000000002,1.1511338938420395,0,0,19934.361,23227.738,-3293.3770000000004,0.46184873909862445,0.5002789126057576,-1.2538306420090723,-5772.980999999996,-934.1435999999994,1108747,1,0,0,0
2026-02-24 08:00:00+00:00,63192.79,63444.66,62908.92,63227.1,2234.59315,-1.193e-05,6.763999999999978e-05,0.00013372000000000001,-0.6250867840406822,0,0,8783.916,9080.434,-296.51800000000003,0.49170084553874055,0.4987305892546218,-0.37603796549064483,-6757.925999999996,-1260.0042,514818,0,1,0,0
2026-02-24 12:00:00+00:00,63227.11,64031.76,62510.28,63973.97,5539.65443,-1.193e-05,6.763999999999978e-05,0.00013372000000000001,-0.6250867840406822,0,0,28275.172,27470.564,804.6080000000002,0.5072167672160611,0.4924652291458836,0.1201378078014549,-2785.2870000000003,-1052.978199999999,1401109,1,0,0,0
2026-02-24 16:00:00+00:00,63973.98,64743.11,63689.54,64435.03,3972.72259,-1.193e-05,6.763999999999978e-05,0.00013372000000000001,-0.6250867840406822,0,0,23033.934,21231.193999999996,1802.7400000000052,0.5203629818940093,0.49740458635274487,0.5958283891867591,2310.8300000000054,-830.115599999998,1076103,1,0,0,0
2026-02-24 20:00:00+00:00,64435.03,64591.99,63820.5,64058.15,1663.21243,-1.82e-06,4.330999999999978e-05,9.955000000000002e-05,-0.39304949234365466,0,0,8417.693,8914.808,-497.1150000000016,0.4856594556088587,0.49533240143780455,-0.5958023445493218,2110.233000000004,-295.93239999999935,449383,1,0,0,0
2026-02-25 00:00:00+00:00,64058.15,66310.0,63913.27,65391.73,5187.17213,-1.82e-06,4.330999999999978e-05,9.955000000000002e-05,-0.39304949234365466,0,0,29955.977,26899.108,3056.868999999999,0.5268829868076004,0.49853216752321056,0.8510615689575404,4362.494000000002,974.1168000000005,1351969,1,0,0,0
2026-02-25 04:00:00+00:00,65391.74,65650.0,64755.26,65028.3,2632.47033,2.375e-05,9.999999999999786e-06,0.00011600000000000001,0.2628095432523251,0,0,13572.265,13040.248,532.0169999999998,0.5099956174751329,0.49801953963474477,0.26297358485476946,3091.770999999997,1139.8238000000006,648757,0,1,0,0
2026-02-25 08:00:00+00:00,65028.3,65692.62,64955.79,65430.04,1997.89784,2.375e-05,9.999999999999786e-06,0.00011600000000000001,0.2628095432523251,0,0,9746.288,9315.292999999998,430.9950000000026,0.5113053319134442,0.49935206597611675,0.26386263085687733,4019.881000000001,1065.101200000001,484966,1,0,0,0
2026-02-25 12:00:00+00:00,65430.04,67578.0,65324.62,67412.33,7879.83719,3.3e-07,2.2259999999999783e-05,0.00011591000000000002,-0.3307211363462426,0,0,38324.386,31020.936,7303.449999999997,0.552660004953182,0.5032260046414017,1.6147990428260344,8266.462,2165.2431999999994,1526051,1,0,0,0
2026-02-25 16:00:00+00:00,67412.32,69550.0,67404.0,69038.26,8300.46334,-9.68e-06,1.4399999999999784e-05,5.651000000000001e-05,-0.623143522045174,0,0,40980.863,36184.975000000006,4795.887999999992,0.5310752019565963,0.5098707932462251,0.8504047126960791,12530.332999999991,3223.843799999998,1751723,1,0,0,0
2026-02-25 20:00:00+00:00,69038.26,69988.83,67600.0,67988.04,4752.15176,-9.68e-06,1.4399999999999784e-05,5.651000000000001e-05,-0.623143522045174,0,0,24827.695,25370.784,-543.0889999999999,0.49459058311308596,0.5131449776476711,-0.35832219446989044,11556.248999999989,2503.8521999999984,1233374,1,0,0,0
2026-02-26 00:00:00+00:00,67988.04,68700.0,67727.52,68216.86,2995.4703,-1.998e-05,-2.9330000000000216e-05,-3.2929999999999985e-05,-0.8551365192328544,0,0,12270.379,11908.866999999998,361.51200000000244,0.5074756673553841,0.5147224598293356,0.0203580866020051,4614.310999999994,2469.751199999999,861309,1,0,0,0
2026-02-26 04:00:00+00:00,68216.87,68860.0,67817.87,67825.04,2533.15622,-1.998e-05,-2.9330000000000216e-05,-3.2929999999999985e-05,-0.8551365192328544,0,0,9633.284,10371.889,-738.6049999999996,0.48153964976958713,0.5121547480846881,-0.9357620626904535,-920.1819999999971,2235.8311999999983,632045,1,0,0,0
2026-02-26 08:00:00+00:00,67825.05,68722.64,67792.0,68051.31,3268.6173,-1.998e-05,-2.9330000000000216e-05,-3.2929999999999985e-05,-0.8551365192328544,0,0,11898.772,11135.242999999999,763.5290000000023,0.5165739450981516,0.5117758444051023,0.39950992489149467,386.43600000000515,927.8469999999994,619251,1,0,0,0
2026-02-26 12:00:00+00:00,68051.3,68303.83,66761.16,67382.0,5206.19537,-1.128e-05,-4.0940000000000215e-05,4.896000000000002e-05,-0.6495685888503905,0,0,23598.867,26817.517,-3218.6500000000015,0.4680793251654065,0.5100178313607572,-1.420898644880121,-3193.7259999999987,-675.0605999999992,1441378,1,0,0,0
2026-02-26 16:00:00+00:00,67382.0,67903.12,66500.0,67589.22,5230.45057,-1.128e-05,-4.0940000000000215e-05,4.896000000000002e-05,-0.6495685888503905,0,0,24283.479,23038.246,1245.2330000000002,0.5131570964498864,0.5086452423249856,0.4279168405021522,-1209.887999999999,-317.3961999999992,1329896,1,0,0,0
2026-02-26 20:00:00+00:00,67589.21,67831.11,67150.14,67485.18,1503.88816,4.007e-05,8.809999999999789e-06,6.652000000000002e-05,0.7249372359526991,0,0,6091.788,6788.724000000001,-696.9360000000015,0.4729461064901767,0.5049402912264901,-1.17459439874145,-2670.353000000003,-529.0858000000001,453689,1,0,0,0
2026-02-27 00:00:00+00:00,67485.19,67712.16,66885.0,67600.84,2159.8345,4.007e-05,8.809999999999789e-06,6.652000000000002e-05,0.7249372359526991,0,0,10759.073,11548.793000000001,-789.7200000000012,0.4822995171299666,0.5020397097481424,-0.807043314053973,-241.4230000000025,-539.3088000000004,664330,0,1,0,0
2026-02-27 04:00:00+00:00,67600.84,68216.8,67459.3,67690.6,3025.27268,-9.91e-06,1.8879999999999785e-05,-4.4999999999997875e-07,-0.6567361910337013,0,0,11060.499,11730.662,-670.1630000000005,0.48529774327863334,0.4953034835806875,-0.6960689684478434,-2156.819000000003,-826.0472000000009,588467,0,1,0,0
2026-02-27 08:00:00+00:00,67690.6,68149.93,65960.01,66126.99,4904.69534,-8.123e-05,-5.107000000000022e-05,-6.974999999999999e-05,-2.3693603782188246,0,0,23351.902,26862.211,-3510.309000000001,0.46504658959125694,0.4887006223441535,-1.4057059667719474,-4970.192000000003,-884.3790000000008,1117247,1,0,0,1
2026-02-27 12:00:00+00:00,66126.99,66344.9,65649.34,66095.4,5494.9383,-8.123e-05,-5.107000000000022e-05,-6.974999999999999e-05,-2.3693603782188246,0,0,28164.005,25763.281,2400.724000000002,0.5222588987697249,0.4914674539098174,0.8017406101440102,-1779.7479999999996,-653.2808000000005,1340131,0,1,0,1
2026-02-27 16:00:00+00:00,66095.4,66121.03,65113.72,65392.18,3875.92624,-8.123e-05,-5.107000000000022e-05,-6.974999999999999e-05,-2.3693603782188246,0,0,18408.057,19323.737,-915.6800000000003,0.48786593608562584,0.48950648078284154,-0.5080108274555941,-2025.2649999999994,-697.0296000000002,1140457,1,0,0,1
2026-02-27 20:00:00+00:00,65392.18,65953.2,64914.46,65872.1,1767.91718,-6.56e-06,-9.770000000000022e-05,-7.448999999999999e-05,-0.3633430824528305,0,0,9760.541,9224.603000000001,535.9379999999983,0.5141146677633838,0.4927639825822213,0.6663698407973709,2020.982,-431.8980000000003,551757,1,0,0,0
2026-02-28 00:00:00+00:00,65872.09,66025.52,65721.13,65797.42,1045.74408,4.041e-05,-4.738000000000022e-05,-5.782999999999999e-05,0.8833326474075054,0,0,4854.728,5810.316,-955.5879999999997,0.4551999972995892,0.48662658780236506,-1.8596391143355377,-1335.3300000000017,-488.9830000000002,286032,1,0,0,0
2026-02-28 04:00:00+00:00,65797.42,65818.44,63030.0,63826.0,5914.91449,4.041e-05,-4.738000000000022e-05,-5.782999999999999e-05,0.8833326474075054,0,0,34473.463,42724.814,-8251.350999999995,0.4465574147464457,0.4844743967604689,-1.991044761757804,-8671.000999999997,-1437.191399999999,1665414,1,0,0,0
2026-02-28 08:00:00+00:00,63825.99,64307.44,63372.1,63844.2,4734.32265,-3.727e-05,-3.4200000000002146e-06,-9.542999999999999e-05,-1.129649286171808,0,0,17989.156,17924.557000000004,64.5989999999947,0.500899363983891,0.4832486235138694,0.16266628092496266,-9142.34,-1904.4164000000005,954053,1,0,0,0
2026-02-28 12:00:00+00:00,63844.2,65360.51,63827.2,64841.18,4286.48357,-3.727e-05,-3.4200000000002146e-06,-9.542999999999999e-05,-1.129649286171808,0,0,29586.189,26022.85,3563.339,0.5320392067915434,0.48915793354400605,1.346021267894308,-4623.4130000000005,-1008.6126000000004,1303170,1,0,0,0
2026-02-28 16:00:00+00:00,64841.17,66666.65,64681.81,66362.01,2999.13046,-3.727e-05,-3.4200000000002146e-06,-9.542999999999999e-05,-1.129649286171808,0,0,21009.817,18151.437,2858.3799999999974,0.5364950009006351,0.49457748192107287,1.4157024059980345,6486.317999999992,-544.1242000000005,1072423,1,0,0,0
2026-02-28 20:00:00+00:00,66362.01,67760.0,66190.61,66973.26,3568.12124,-4.305e-05,-3.991000000000022e-05,-0.0001288,-1.1934613588043588,0,0,20598.912,18776.547000000002,1822.364999999998,0.5231408731006792,0.4983617949032775,0.8967323957239444,8244.083999999995,11.466399999998975,1128671,1,0,0,0
2026-03-01 00:00:00+00:00,66973.26,68199.99,66042.72,67502.16,4690.36208,-4.305e-05,-3.991000000000022e-05,-0.0001288,-1.1934613588043588,0,0,28173.561,28386.303,-212.74199999999837,0.4981193200888885,0.5016690679530407,-0.07492018550603087,4468.002999999997,1619.1881999999982,1380095,0,1,0,0
2026-03-01 04:00:00+00:00,67502.16,67612.14,66749.35,67141.39,3167.39554,-6.88e-06,-8.720000000000022e-05,-0.0001157,-0.2996000242644892,0,0,11431.896,13029.713,-1597.816999999999,0.46734031273249443,0.49617720934931764,-1.2704818914387612,11.806000000000495,1286.7049999999995,671324,1,0,0,0
2026-03-01 08:00:00+00:00,67141.4,67292.3,66215.71,66468.03,3250.92047,4.563e-05,-4.30000000000022e-06,-5.878999999999999e-05,1.0465313327763406,0,0,12578.153,12751.889000000001,-173.7360000000008,0.4965705544428233,0.4970476711850374,-0.1489937816805111,-1984.2949999999983,539.2899999999994,746775,1,0,0,0
2026-03-01 12:00:00+00:00,66468.04,67360.57,66132.27,66842.42,3640.03253,4.563e-05,-4.30000000000022e-06,-5.878999999999999e-05,1.0465313327763406,0,0,16131.116,15334.525,796.5910000000003,0.512658108569916,0.4969020152656906,0.4645494578119694,-974.9619999999995,126.93220000000001,996096,1,0,0,0
2026-03-01 16:00:00+00:00,66842.42,67112.37,65699.98,65962.17,3900.17922,4.563e-05,-4.30000000000022e-06,-5.878999999999999e-05,1.0465313327763406,0,0,17972.703,21119.578999999998,-3146.8759999999966,0.4597506740588846,0.4973570829416201,-1.4545673602190359,-2524.020999999997,-866.9159999999989,1038073,1,0,0,0
2026-03-01 20:00:00+00:00,65962.16,66491.43,65056.0,65776.47,4552.96875,2.948e-05,6.822999999999979e-05,-6.937999999999999e-05,0.5824858904655246,0,0,22727.256,19474.742,3252.514000000003,0.5385350712542094,0.5065548485923965,1.3861536507648855,902.2290000000066,-173.86479999999864,1129000,0,1,0,0
2026-03-02 00:00:00+00:00,65776.48,67079.0,65761.04,66820.03,2940.58836,2.948e-05,6.822999999999979e-05,-6.937999999999999e-05,0.5824858904655246,0,0,15476.005,14569.728000000001,906.2769999999982,0.5150816257336773,0.5079730747673751,0.555310718615791,1011.9150000000045,326.9540000000008,1179716,1,0,0,0
2026-03-02 04:00:00+00:00,66820.03,66995.64,65542.6,66007.52,3610.46533,-2.99e-06,7.211999999999979e-05,-6.246e-05,-0.22168344623012928,0,0,11335.523,12574.037000000002,-1238.5140000000029,0.47410002526186173,0.5021791566144069,-0.894452779993098,2920.276999999998,113.9984000000004,817893,1,0,0,0
2026-03-02 08:00:00+00:00,66007.8,66720.84,65654.54,66359.68,4361.76571,-2.99e-06,7.211999999999979e-05,-6.246e-05,-0.22168344623012928,0,0,13060.484,12785.989999999998,274.4940000000024,0.5053100860101847,0.49906066512536196,0.24551509208105532,-57.74300000000221,9.579000000000814,824079,1,0,0,0
2026-03-02 12:00:00+00:00,66359.67,69617.74,65259.21,69130.2,10831.61306,-1.956e-05,6.929999999999783e-06,-7.899999999999874e-07,-0.6325684888125265,0,0,52449.934,48068.376,4381.5580000000045,0.5217948252412918,0.4989260603394232,0.935565649820067,3417.538000000004,1515.265800000001,2331506,1,0,0,0
2026-03-02 16:00:00+00:00,69130.2,70096.0,68576.18,68966.53,6828.10762,-1.083e-05,-3.338000000000021e-05,-5.059999999999987e-06,-0.39593742101455626,0,0,35478.909,33809.701,1669.2079999999987,0.5120453275076524,0.5003186610812995,0.5984988653117576,6325.260000000006,1198.6046000000001,1607171,0,1,0,0
2026-03-02 20:00:00+00:00,68966.52,69539.77,68584.9,68830.06,3437.84423,-1.083e-05,-3.338000000000021e-05,-5.059999999999987e-06,-0.39593742101455626,0,0,14400.352,13368.993,1031.3590000000004,0.5185700995108095,0.505441639759131,0.8149862067680518,7082.125000000004,1223.6210000000005,834035,0,1,0,0
2026-03-03 00:00:00+00:00,68830.06,69258.08,68210.71,68377.94,2362.09713,-1.86e-06,-3.2250000000000215e-05,-4.732999999999999e-05,-0.11870051514080583,0,0,12561.139,12092.869000000002,468.2699999999968,0.509496833131554,0.5067342676280042,0.45759584563003197,3168.836999999996,1564.9778000000006,781711,0,1,0,0
2026-03-03 04:00:00+00:00,68377.94,68617.42,67800.0,68172.8,3337.11294,-1.86e-06,-3.2250000000000215e-05,-4.732999999999999e-05,-0.11870051514080583,0,0,12914.72,12269.606000000002,645.1139999999978,0.5128078472300588,0.5067492414940185,0.547067514203549,2144.742999999995,1639.1017999999997,693806,0,1,0,0
2026-03-03 08:00:00+00:00,68172.79,68311.83,66340.14,67026.61,6082.75912,1.437e-05,1.679999999999784e-06,4.310000000000011e-06,0.3330361742265419,0,0,28653.596,28929.656,-276.0599999999977,0.4976029488574213,0.5105344689738721,-0.022453490197056416,837.3239999999969,707.5781999999992,1290790,1,0,0,0
2026-03-03 12:00:00+00:00,67026.6,67973.2,66158.0,67725.81,5443.2888,1.437e-05,1.679999999999784e-06,4.310000000000011e-06,0.3330361742265419,0,0,33424.902,34508.125,-1083.2229999999981,0.492027272684316,0.5058836891168828,-0.2803800630415099,-714.168999999998,157.0919999999998,1919603,0,1,0,0
2026-03-03 16:00:00+00:00,67725.82,68999.0,67473.09,68435.0,5484.70019,1.437e-05,1.679999999999784e-06,4.310000000000011e-06,0.3330361742265419,0,0,31871.127,29631.095999999998,2240.0310000000027,0.5182109758861887,0.5061966241321338,0.7664769348585452,880.7480000000069,398.82640000000026,1880655,1,0,0,0
2026-03-03 20:00:00+00:00,68435.0,68860.0,67832.3,68338.0,2262.28362,1.481e-05,2.7319999999999786e-05,6.217000000000001e-05,0.36456947454448696,0,0,10257.756,10355.307999999999,-97.55199999999968,0.49763373363610575,0.5085499949695582,-0.09547753188550827,1059.2560000000049,285.662000000001,689519,1,0,0,0
2026-03-04 00:00:00+00:00,68338.01,68909.34,67400.0,67732.2,3814.8635,1.481e-05,2.7319999999999786e-05,6.217000000000001e-05,0.36456947454448696,0,0,16605.127,17087.701,-482.5740000000005,0.4928386242911993,0.5073028487976597,-0.30886981706655037,1659.9050000000025,60.12440000000133,1056944,1,0,0,0
2026-03-04 04:00:00+00:00,67732.19,69668.0,67467.6,69493.13,5088.84069,-5.39e-05,-2.4720000000000217e-05,1.5150000000000016e-05,-1.419006906269435,0,0,22491.62,16839.175,5652.445,0.5718577516676182,0.5123091414402924,2.5140856855307803,5072.3189999999995,1245.8254000000009,1037526,1,0,0,0
2026-03-04 08:00:00+00:00,69493.14,71893.0,69098.91,71111.4,12146.09777,-5.39e-05,-2.4720000000000217e-05,1.5150000000000016e-05,-1.419006906269435,0,0,50191.157,44419.975,5771.182000000001,0.5304994871005243,0.5141545573995796,0.9384693921138745,10941.053,2616.7064000000005,2159666,1,0,0,0
2026-03-04 12:00:00+00:00,71111.4,73479.75,70588.0,73396.88,11378.24344,2.52e-05,-1.3890000000000218e-05,-5.279999999999987e-06,0.6544760349036202,0,0,51133.412,41485.088,9648.323999999993,0.5520863758320421,0.5175061850317029,1.635917530513584,21071.950999999994,4098.364999999999,2277078,1,0,0,0
2026-03-04 16:00:00+00:00,73396.87,74050.0,72541.69,73611.1,8665.00622,4.683e-05,1.812999999999978e-05,1.2070000000000011e-05,1.2310835539802978,0,0,34876.31,32149.698000000004,2726.6119999999937,0.5203399552006737,0.5185904972386148,0.4629094075306679,18146.117999999988,4663.197799999997,1758360,1,0,0,0
2026-03-04 20:00:00+00:00,73611.67,73716.0,72313.04,72666.77,3826.02448,4.683e-05,1.812999999999978e-05,1.2070000000000011e-05,1.2310835539802978,0,0,14990.112,14874.121000000001,115.99099999999817,0.5019419718564344,0.5175039097012524,-0.18368704097983415,12490.926999999985,4782.910799999997,823722,0,1,0,0
2026-03-05 00:00:00+00:00,72666.77,73306.82,72336.76,72497.89,3122.96483,3.567e-05,0.00010769999999999979,5.073000000000001e-05,1.0102788238406004,0,0,11987.792,11603.893000000002,383.8989999999976,0.5081363200636155,0.5185572468218718,-0.026114458260281095,3226.5019999999895,3729.2015999999967,832494,0,1,0,0
2026-03-05 04:00:00+00:00,72497.89,73081.08,71759.95,72055.5,4346.02458,3.567e-05,0.00010769999999999979,5.073000000000001e-05,1.0102788238406004,0,0,15294.761,17334.326,-2039.5650000000005,0.468746214075803,0.5162291409610205,-1.6673373989419353,-1539.6750000000047,2167.0521999999964,838806,1,0,0,0
2026-03-05 08:00:00+00:00,72055.5,73558.15,71757.17,72915.79,6262.38044,4.965e-05,0.00013214999999999977,0.00011994000000000001,1.393335077450752,0,0,19665.873,18736.639000000003,929.2339999999967,0.5120986095909559,0.5156179043314972,0.08882017523690927,-726.4320000000062,423.23419999999714,1105831,1,0,0,0
2026-03-05 12:00:00+00:00,72915.8,73063.38,71168.65,71652.77,5607.55823,4.965e-05,0.00013214999999999977,0.00011994000000000001,1.393335077450752,0,0,31307.485,30884.402000000002,423.0829999999987,0.5034014324086998,0.5161946742087566,-0.23136627910821045,-687.248000000005,-37.47160000000186,1607544,0,1,0,0
2026-03-05 16:00:00+00:00,71652.77,71654.65,70645.47,70918.07,4306.65518,4.965e-05,0.00013214999999999977,0.00011994000000000001,1.393335077450752,0,0,24712.212,26250.073000000004,-1537.8610000000044,0.48491177348111447,0.5154019891277482,-0.9350186024472685,-185.54400000000896,-368.24200000000235,1249295,1,0,0,0
2026-03-05 20:00:00+00:00,70918.08,71572.3,70777.0,70890.72,2944.92927,1.74e-06,8.705999999999978e-05,0.00013251,-0.04499722098378232,0,0,9227.008,9163.816,63.1919999999991,0.5017180306874776,0.5083880170297341,-0.20329293913875343,-1051.5860000000066,-432.3834000000021,574065,0,1,0,0
2026-03-06 00:00:00+00:00,70891.02,71419.98,70344.03,71080.38,3031.93266,1.74e-06,8.705999999999978e-05,0.00013251,-0.04499722098378232,0,0,11656.322,11623.597999999998,32.72400000000198,0.5007028374667954,0.5054083520663613,-0.24999755495795029,-1441.9450000000033,-17.925600000001577,683888,1,0,0,0
2026-03-06 04:00:00+00:00,71080.37,71192.76,70143.19,71056.44,3088.31108,1.689e-05,6.827999999999979e-05,0.00015126,0.48216549989030383,0,0,14688.175,14923.809000000001,-235.63400000000183,0.49602130677903916,0.49980184516106085,-0.5113245939790148,-139.71800000000076,-250.8992000000013,754860,1,0,0,0
2026-03-06 08:00:00+00:00,71056.44,71067.58,70184.01,70212.95,2441.15545,1.689e-05,6.827999999999979e-05,0.00015126,0.48216549989030383,0,0,11807.831,13261.135,-1453.304,0.47101388226383173,0.49486923786737674,-1.5195883485087076,-1656.214,-626.176600000001,667782,1,0,0,0
2026-03-06 12:00:00+00:00,70212.94,70341.76,68176.47,68504.71,8554.35815,-3.061e-05,-1.198000000000022e-05,0.00010628000000000002,-1.00751678575552,0,0,39883.294,44849.31799999999,-4966.02399999999,0.4706959110383615,0.4917446317855694,-1.4211449426803724,-6654.961999999992,-1311.8091999999983,1931759,1,0,0,0
2026-03-06 16:00:00+00:00,68504.71,68795.44,67744.78,68131.79,3324.41432,-3.061e-05,-1.198000000000022e-05,0.00010628000000000002,-1.00751678575552,0,0,16783.171,18117.296,-1334.125,0.48088671707458813,0.4890196714866667,-1.0798434815550506,-7753.45299999999,-1591.272599999998,1049134,1,0,0,0
2026-03-06 20:00:00+00:00,68131.79,68440.92,67777.0,68114.02,2189.71556,-2.176e-05,-3.548000000000022e-05,6.971000000000001e-05,-0.7005126599647273,0,0,8051.259,7737.495000000001,313.7639999999992,0.5099363128971418,0.49313868136880046,0.21579831804261626,-5986.384999999991,-1535.0645999999986,451333,0,1,0,0
2026-03-07 00:00:00+00:00,68114.02,68551.04,68060.6,68095.5,1736.7267,-2.176e-05,-3.548000000000022e-05,6.971000000000001e-05,-0.7005126599647273,0,0,7230.298,6944.361,285.9369999999999,0.5100862038374256,0.4929374407934475,0.23046558973258294,-734.4240000000009,-1430.7503999999983,333559,0,1,0,0
2026-03-07 04:00:00+00:00,68095.5,68147.73,67446.41,67842.67,2373.66763,6.19e-06,-4.618000000000021e-05,0.0001298,0.19587866548438698,0,0,9576.928,10676.832999999999,-1099.9049999999988,0.4728468949544729,0.4898819870480248,-1.4242267348082056,-500.2039999999997,-1360.070599999998,467396,1,0,0,0
2026-03-07 08:00:00+00:00,67842.67,68232.27,67720.98,68010.01,1490.07738,6.19e-06,-4.618000000000021e-05,0.0001298,0.19587866548438698,0,0,7077.551,6761.536999999999,316.01400000000103,0.5114174431147487,0.49253255401138823,0.28145079114111515,-497.9539999999979,-303.6629999999997,350443,1,0,0,0
2026-03-07 12:00:00+00:00,68010.0,68085.41,67609.44,67877.45,1728.39414,3.525e-05,1.9679999999999784e-05,0.00013985,1.0565651019796034,0,0,6517.557,6860.856000000001,-343.2990000000009,0.4871696665366811,0.4910777175963085,-0.7439788527180399,-1127.1899999999987,-105.49779999999991,368090,1,0,0,0
2026-03-07 16:00:00+00:00,67877.45,67935.01,66915.26,67080.34,3059.42816,3.525e-05,1.9679999999999784e-05,0.00013985,1.0565651019796034,0,0,8360.355,11165.135000000002,-2804.7800000000025,0.42817645037333246,0.48382507888696236,-2.7678543613779913,-2832.0650000000023,-729.2066000000002,475990,1,0,0,0
2026-03-07 20:00:00+00:00,67080.33,67483.05,67068.01,67262.91,2331.24914,-4.217e-05,-7.300000000002183e-07,5.0850000000000016e-05,-1.2735901817775754,0,0,7092.378,6306.3730000000005,786.0049999999992,0.5293312787139637,0.4871560760804548,1.0438321766624343,-2362.074000000004,-629.1930000000004,315279,1,0,0,0
2026-03-08 00:00:00+00:00,67262.91,67481.96,66833.58,67000.26,2883.43952,-4.217e-05,-7.300000000002183e-07,5.0850000000000016e-05,-1.2735901817775754,0,0,8308.521,8576.867999999999,-268.34699999999793,0.4920538697687096,0.48926007483094247,-0.3317671527970915,-2287.122000000001,-462.8814000000002,412247,1,0,0,0
2026-03-08 04:00:00+00:00,67000.26,67465.11,66547.15,67319.91,2866.09804,-4.496e-05,-5.1880000000000215e-05,-2.977999999999999e-05,-1.300290912414024,0,0,9686.263,8867.796,818.4670000000006,0.5220562788983263,0.494396111616939,0.7753920234045256,1336.1250000000018,-362.3908000000003,446248,1,0,0,0
2026-03-08 08:00:00+00:00,67319.9,68200.0,67156.93,67515.0,3303.40428,-1.115e-05,-9.828000000000022e-05,-9.057999999999999e-05,-0.30592399839397316,0,0,15422.225,12379.652,3042.5730000000003,0.5547188414652723,0.5017793240560074,1.8052936003100475,3592.693000000003,314.7835999999999,614106,1,0,0,0
2026-03-08 12:00:00+00:00,67515.0,67650.94,66761.68,67218.23,4464.48396,-1.115e-05,-9.828000000000022e-05,-9.057999999999999e-05,-0.30592399839397316,0,0,13221.041,14118.563,-897.5220000000008,0.4835856803192906,0.4991442607982224,-0.6699323277249948,2963.518,696.2352000000003,754773,1,0,0,0
2026-03-08 16:00:00+00:00,67218.23,67485.24,66745.54,67337.42,2550.26884,-1.115e-05,-9.828000000000022e-05,-9.057999999999999e-05,-0.30592399839397316,0,0,9547.028,9307.807999999999,239.22000000000116,0.506343730595164,0.4987700134739961,0.1364355258154535,2384.2710000000006,586.8782000000007,550267,1,0,0,0
2026-03-08 20:00:00+00:00,67337.41,67609.08,65618.49,65971.2,5525.94437,-2.868e-05,-8.479000000000022e-05,-0.00012099999999999999,-0.7661963570520802,0,0,20642.767,25669.441,-5026.673999999999,0.44573057281138484,0.4960583812596873,-1.8078442209242684,-5684.975999999999,-364.7871999999996,1158334,1,0,0,0
2026-03-09 00:00:00+00:00,65971.2,67668.64,65821.97,67205.05,5224.01016,-5.77e-05,-9.753000000000021e-05,-0.00019559,-1.5202152333929257,0,0,21736.223,19699.76,2036.4630000000034,0.524573605506113,0.49737399749882377,0.7432891297928818,-2750.9909999999945,-121.18799999999901,1300538,1,0,0,0
2026-03-09 04:00:00+00:00,67205.06,68069.29,66853.48,67555.13,3826.34806,-5.77e-05,-9.753000000000021e-05,-0.00019559,-1.5202152333929257,0,0,21530.548,21128.138000000003,402.4099999999962,0.5047166244173578,0.4991286932868915,0.18722643664573016,-2587.8009999999995,-649.2205999999999,968227,1,0,0,0
2026-03-09 08:00:00+00:00,67555.13,68460.09,67344.45,67764.98,4105.57826,-5.77e-05,-9.753000000000021e-05,-0.00019559,-1.5202152333929257,0,0,17384.318,16029.499000000003,1354.8189999999959,0.5202733348303188,0.50833838173259,0.7705351983767296,3793.6919999999955,-198.75240000000048,937686,1,0,0,0
2026-03-09 12:00:00+00:00,67764.99,69480.0,67759.57,68863.66,7802.97956,-4.579e-05,-0.00013217000000000022,-0.00021077,-1.2923883363417603,0,0,32734.825,31766.251,968.5740000000005,0.507508200328317,0.5061560738940254,0.3838617191678756,2725.8029999999926,-52.88160000000062,1588207,1,0,0,0
2026-03-09 16:00:00+00:00,68863.67,69516.65,68179.12,68991.93,5039.37719,-4.579e-05,-0.00013217000000000022,-0.00021077,-1.2923883363417603,0,0,20896.269,19038.199,1858.0699999999997,0.5232639883921829,0.5092770857563729,0.9932843562563183,4181.462999999996,1324.067199999999,1122016,1,0,0,0
2026-03-09 20:00:00+00:00,68991.93,69145.28,68384.69,68432.16,2898.42807,-3.431e-05,-0.0001378000000000002,-0.00022331999999999997,-0.9005388781242827,0,0,7691.204,7576.313,114.89099999999962,0.503762596105182,0.5074477174770583,0.23004397734667806,2941.535,939.7527999999984,485462,0,1,0,0
2026-03-10 00:00:00+00:00,68432.16,70578.29,68391.41,69429.85,5314.5727,-3.431e-05,-0.0001378000000000002,-0.00022331999999999997,-0.9005388781242827,0,0,26577.943,24951.499000000003,1626.4439999999959,0.5157816962194156,0.5035540029524727,0.6849313702038435,3599.404999999995,1184.5595999999982,1096710,1,0,0,0
2026-03-10 04:00:00+00:00,69429.85,70546.74,69429.85,70406.01,4907.28195,-2.394e-05,-0.00010404000000000022,-0.00025345,-0.5390336286566033,0,0,15261.243,13057.320999999998,2203.9220000000023,0.5389130253921068,0.5090867374597543,1.4671209536900764,3945.256999999998,1354.3801999999996,742996,1,0,0,0
2026-03-10 08:00:00+00:00,70406.01,71300.0,70369.0,70580.94,6270.5173,-2.394e-05,-0.00010404000000000022,-0.00025345,-0.5390336286566033,0,0,20438.956,18465.177000000003,1973.778999999995,0.5253672148406442,0.5109890858843024,0.9224476068130284,5804.144999999993,1555.4211999999984,878116,1,0,0,0
2026-03-10 12:00:00+00:00,70580.95,71777.0,69266.06,71346.16,7000.10748,1.23e-05,-4.595000000000022e-05,-0.0002764,0.5374368441032958,0,0,40167.706,39656.335,511.3709999999992,0.5032031139591141,0.5167363399990752,0.08712120086788644,4689.0719999999965,1286.0813999999984,1810007,1,0,0,0
2026-03-10 16:00:00+00:00,71346.17,71700.0,69739.0,70043.63,5504.97942,1.23e-05,-4.595000000000022e-05,-0.0002764,0.5374368441032958,0,0,21543.833,21929.845999999998,-386.012999999999,0.49556038263980373,0.5138350177124443,-0.2156179382542863,2099.136999999995,1185.9005999999986,1331126,1,0,0,0
2026-03-10 20:00:00+00:00,70043.63,70417.3,69452.42,69948.63,3605.11841,1.738e-05,5.739999999999782e-06,-0.00021685,0.6453176423977695,0,0,11891.757,11732.868,158.8889999999992,0.5033627835362466,0.5136996336243331,0.07812694179224933,284.2469999999994,892.3895999999993,588940,0,1,0,0
2026-03-11 00:00:00+00:00,69948.64,70173.25,69488.7,69551.91,4402.46797,-0.00011052,-8.084000000000022e-05,-0.00028241,-2.8152154033198893,0,0,9544.064,10390.347,-846.2829999999994,0.47877331314178284,0.5095496314554796,-0.8165072315631708,-1073.4069999999992,282.348599999999,596858,1,0,0,1
2026-03-11 04:00:00+00:00,69551.91,70281.87,69420.0,69648.29,3080.54464,-0.00011052,-8.084000000000022e-05,-0.00028241,-2.8152154033198893,0,0,11847.764,10580.981,1266.7829999999994,0.5282401668038047,0.5116228281030283,0.9795232098915512,579.3889999999992,140.94939999999988,598100,1,0,0,1
2026-03-11 08:00:00+00:00,69648.28,69786.32,69150.28,69173.0,3538.73168,-0.00011052,-8.084000000000022e-05,-0.00028241,-2.8152154033198893,0,0,9256.914,10334.657,-1077.7429999999986,0.4724947274519231,0.5065459020090024,-1.0776829312559464,-657.2429999999986,-176.87339999999966,532736,1,0,0,1
2026-03-11 12:00:00+00:00,69172.99,71091.18,68977.91,70227.91,7789.43505,-5.252e-05,-0.00014566000000000023,-0.00032377999999999997,-1.173069244817397,0,0,41893.304,39369.21600000001,2524.087999999989,0.5155304561069481,0.507722688009179,0.4647180845392955,2713.1279999999897,405.1467999999979,1889102,1,0,0,0
2026-03-11 16:00:00+00:00,70227.92,71321.0,70161.78,70641.82,5738.49617,-5.252e-05,-0.00014566000000000023,-0.00032377999999999997,-1.173069244817397,0,0,19334.1,17970.734000000004,1363.3659999999945,0.5182733154636205,0.5079718499335995,0.5251515497746361,2809.710999999985,646.0421999999969,1096461,1,0,0,0
2026-03-11 20:00:00+00:00,70641.81,70950.0,70125.83,70191.86,2699.59991,-5.824e-05,-0.0002212800000000002,-0.00035333999999999995,-1.2401547626087195,0,0,7976.841,7129.034,847.8070000000007,0.5280621612452109,0.5068867635189098,0.8626973007517161,4735.260999999984,984.860199999997,440712,0,1,0,0
2026-03-12 00:00:00+00:00,70191.86,70353.87,69226.52,69446.61,2576.17397,-7.802e-05,-0.0001887800000000002,-0.00037365999999999994,-1.6278818578177552,0,0,12657.244,12020.337999999998,636.9060000000027,0.5129045463206242,0.5056404966669079,0.29094783090211707,2848.078999999998,858.8847999999977,632894,0,1,0,0
2026-03-12 04:00:00+00:00,69446.61,69865.98,69205.91,69826.19,2721.97342,-7.802e-05,-0.0001887800000000002,-0.00037365999999999994,-1.6278818578177552,0,0,9346.682,8275.148000000001,1071.5339999999997,0.5304035959942867,0.5083605448704251,0.8853299979565,2556.247000000003,1288.7401999999972,431609,1,0,0,0
2026-03-12 08:00:00+00:00,69826.19,70800.0,69580.0,70427.91,4649.38407,-5.392e-05,-0.00019018000000000024,-0.00038179,-0.9597551286916735,0,0,18042.334,16998.361,1043.9729999999981,0.5148965795341673,0.5102941645598615,0.29271615747703283,2752.4130000000005,992.7171999999991,797247,1,0,0,0
2026-03-12 12:00:00+00:00,70427.9,70660.69,69355.34,70334.88,6097.47646,-5.392e-05,-0.00019018000000000024,-0.00038179,-0.9597551286916735,0,0,28760.277,31602.003,-2841.7260000000024,0.47646107801096976,0.5076039940073338,-1.134412869034961,-726.2190000000046,151.69879999999975,1615404,1,0,0,0
2026-03-12 16:00:00+00:00,70334.89,70569.15,69770.85,70432.32,3616.058,-7.381e-05,-0.0002057500000000002,-0.00042128999999999995,-1.3646118146523127,0,0,16538.948,16499.997,38.95100000000093,0.500589471001571,0.5097856097933126,-0.38700636465512295,-1758.8020000000033,-10.072400000000197,1073603,1,0,0,0
2026-03-12 20:00:00+00:00,70432.33,70734.25,70013.17,70541.34,2336.09458,-7.381e-05,-0.0002057500000000002,-0.00042128999999999995,-1.3646118146523127,0,0,8128.209,7621.052000000001,507.15699999999924,0.5161009776903183,0.5085716908819641,0.3321533881559849,-2295.618000000002,-36.022200000000886,476895,1,0,0,0
2026-03-13 00:00:00+00:00,70541.34,72000.0,70386.01,71405.75,5755.69452,-7.381e-05,-0.0002057500000000002,-0.00042128999999999995,-1.3646118146523127,0,0,26163.287,22911.308,3251.9789999999994,0.5331330192332713,0.5146355200600988,1.0337294132191115,3798.0869999999995,400.06679999999903,1204985,1,0,0,0
2026-03-13 04:00:00+00:00,71405.76,71672.76,71180.19,71612.22,4181.63698,-2.789e-05,-0.00015562000000000022,-0.00042523999999999996,-0.2158485114650037,0,0,12560.464,10210.114000000001,2350.3499999999985,0.5516093618703926,0.5182434106364433,1.7295433755772263,6109.485999999997,661.3421999999991,576239,1,0,0,0
2026-03-13 08:00:00+00:00,71612.23,72575.98,71385.28,72228.82,5105.1507,-2.789e-05,-0.00015562000000000022,-0.00042523999999999996,-0.2158485114650037,0,0,23338.109,20455.425,2882.684000000001,0.5329122102820019,0.5197073001182815,1.0084303234560539,8485.012999999999,1806.2241999999999,878806,1,0,0,0
2026-03-13 12:00:00+00:00,72228.81,73913.74,71736.34,71831.46,12303.83944,4.263e-05,-5.907000000000023e-05,-0.00039491,1.4566835183827793,0,0,49812.255,45702.34900000001,4109.905999999988,0.5215145424253655,0.5190525382362969,0.4511417355414707,9342.939999999988,2620.415199999997,1943274,0,1,0,0
2026-03-13 16:00:00+00:00,71831.46,72249.99,70841.23,71189.95,5469.31306,-6.38e-06,8.359999999999767e-06,-0.00041867,0.30245202837663854,0,0,34725.044,33064.526999999995,1660.517000000007,0.5122475845141431,0.5189868420556487,0.01723290490445726,8653.106999999996,2851.087199999999,1314653,0,1,0,0
2026-03-13 20:00:00+00:00,71189.96,71491.03,70559.02,70930.0,3180.98208,-6.38e-06,8.359999999999767e-06,-0.00041867,0.30245202837663854,0,0,10263.851,11025.388,-761.5370000000003,0.48211450864918187,0.5141579333211383,-1.6488363887355117,5008.885999999995,2048.383999999999,494832,1,0,0,0
2026-03-14 00:00:00+00:00,70930.01,71185.23,70481.7,71081.3,3513.45361,-6.38e-06,8.359999999999767e-06,-0.00041867,0.30245202837663854,0,0,9476.23,8435.068,1041.1620000000003,0.5290643927648349,0.515574714644205,0.837753830367598,1940.142000000007,1786.5463999999993,419726,1,0,0,0
2026-03-14 04:00:00+00:00,71081.31,71307.92,70317.0,70596.68,2929.58232,-3.79e-06,3.245999999999977e-05,-0.00031193999999999997,0.3282985724460092,0,0,9460.137,11309.602,-1849.4650000000001,0.4554769320885544,0.5134763000519634,-2.597359230749807,-1569.8400000000001,840.116599999999,461524,1,0,0,0
2026-03-14 08:00:00+00:00,70596.68,70784.38,70389.08,70751.42,2494.95824,-3.988e-05,-5.0050000000000234e-05,-0.0002993,-0.5087872135705747,0,0,5840.038,5964.080000000001,-124.04200000000128,0.494745816671775,0.512891934618984,-0.7353494830627657,-932.3450000000012,-6.672999999998865,295274,0,1,0,0
2026-03-14 12:00:00+00:00,70751.42,70941.17,70501.0,70580.09,2537.57782,-3.988e-05,-5.0050000000000234e-05,-0.0002993,-0.5087872135705747,0,0,6283.758,6441.8330000000005,-158.07500000000073,0.4937890900312606,0.5106607458530781,-0.7509379972693175,-2131.582000000002,-370.39140000000043,309252,1,0,0,0
2026-03-14 16:00:00+00:00,70580.09,70740.34,70500.0,70700.0,686.93095,-3.988e-05,-5.0050000000000234e-05,-0.0002993,-0.5087872135705747,0,0,2896.537,2814.3080000000004,82.22899999999936,0.5071993724221197,0.5080673811719629,-0.11679382627997713,-199.88800000000265,-201.6382000000005,161971,1,0,0,0
2026-03-14 20:00:00+00:00,70699.99,71253.17,70650.09,71211.95,854.74443,-4.851e-05,-9.218000000000025e-05,-0.00028957,-0.6721193694132354,0,0,5767.254,4594.169000000001,1173.0849999999991,0.5566082959840555,0.5085672745833293,1.9263685302788505,1097.2389999999978,-175.25360000000074,238716,1,0,0,0
2026-03-15 00:00:00+00:00,71211.95,71634.08,70858.82,71363.14,2591.56425,-1.883e-05,-0.00010722000000000024,-0.00023037999999999997,0.14986646593951233,0,0,8568.594,8551.076,17.51800000000003,0.5005116336938737,0.5053272169245164,-0.4467782133954174,1272.8319999999985,198.1429999999993,432872,1,0,0,0
2026-03-15 04:00:00+00:00,71363.13,71800.68,71330.66,71453.59,2377.69395,-1.883e-05,-0.00010722000000000024,-0.00023037999999999997,0.14986646593951233,0,0,8160.754,7870.667,290.08699999999953,0.5090474512521379,0.5040805078071936,-0.041918008644759495,1480.6899999999987,280.9687999999995,387626,1,0,0,0
2026-03-15 08:00:00+00:00,71453.59,71940.49,71453.59,71839.42,2170.1455,-6.461e-05,-0.00013195000000000025,-0.00024106999999999997,-1.0417412407267652,0,0,7698.675,6404.465999999999,1294.2090000000007,0.5458837148405451,0.5074441208398339,1.488070969144369,1601.8140000000003,571.4255999999998,353881,1,0,0,0
2026-03-15 12:00:00+00:00,71839.41,71839.42,71263.99,71481.24,2095.3494,-6.461e-05,-0.00013195000000000025,-0.00024106999999999997,-1.0417412407267652,0,0,9656.801,9813.165,-156.3640000000014,0.4959844819451662,0.5088311181694323,-0.6086720391986851,1427.9319999999989,523.7069999999997,449194,1,0,0,0
2026-03-15 16:00:00+00:00,71481.24,71989.93,71320.08,71549.94,1241.1248,2.659e-05,-5.6850000000000243e-05,-0.00014066999999999997,1.4995436045774229,0,0,9316.616,7798.883,1517.7330000000002,0.5443379710985932,0.5103584760028081,1.323712683991658,2655.5779999999995,592.6365999999998,415048,1,0,0,0
2026-03-15 20:00:00+00:00,71549.94,73199.0,71433.75,72815.24,3561.42914,2.659e-05,-5.6850000000000243e-05,-0.00014066999999999997,1.4995436045774229,0,0,23527.92,19106.625,4421.294999999998,0.5518510869530799,0.5199958914892606,1.5045493575946103,5782.663999999997,1473.3919999999994,1006956,1,0,0,0
2026-03-16 00:00:00+00:00,72815.25,74330.34,72270.41,73573.32,5313.15699,2.513e-05,-1.289000000000024e-05,-8.764999999999998e-05,1.4362003306890212,0,0,27716.592,23164.329,4552.262999999999,0.5447344791577181,0.524994757737855,1.1496766703010066,10491.290999999997,2325.8271999999993,1065259,1,0,0,0
2026-03-16 04:00:00+00:00,73573.31,74451.03,73385.18,73456.68,5517.22506,2.513e-05,-1.289000000000024e-05,-8.764999999999998e-05,1.4362003306890212,0,0,29690.458,26254.699,3435.758999999998,0.5307064917165216,0.5286864979063811,0.5861891052349365,12409.316999999995,2754.1371999999988,994773,0,1,0,0
2026-03-16 08:00:00+00:00,73456.69,73838.76,72888.8,73552.77,3812.93394,2.513e-05,-1.289000000000024e-05,-8.764999999999998e-05,1.4362003306890212,0,0,16217.522,14765.715,1451.8070000000007,0.5234289109301266,0.5303094517571818,0.2421415608206016,9439.828999999998,3075.771399999999,752206,1,0,0,0
2026-03-16 12:00:00+00:00,73552.78,74509.52,72990.52,73274.76,5744.41989,7.139e-05,0.0001231099999999998,-5.888999999999997e-05,2.3450193528348273,0,0,32976.536,32273.870000000003,702.6659999999974,0.5053843802902928,0.5251870601878055,-0.5002718947017347,5590.231999999996,2912.757999999999,1619787,0,1,1,0
2026-03-16 16:00:00+00:00,73274.75,74418.6,73160.66,73963.0,4131.80846,2.015e-05,0.00011666999999999978,-3.235999999999997e-05,1.0268832347264323,0,0,17279.904,14665.473000000002,2614.430999999997,0.5409203341065594,0.5292279302290741,0.940824776370629,4768.903999999995,2551.3851999999983,1027301,1,0,0,0
2026-03-16 20:00:00+00:00,73963.0,74909.08,73863.2,74884.67,3889.98585,2.015e-05,0.00011666999999999978,-3.235999999999997e-05,1.0268832347264323,0,0,18314.11,15757.782,2556.3280000000013,0.5375137371297138,0.5320745588168316,0.7812130373287269,5873.424999999996,2152.198199999999,809197,1,0,0,0
2026-03-17 00:00:00+00:00,74884.67,76000.0,74268.73,74463.98,6925.21053,2.41e-06,9.394999999999978e-05,-2.6159999999999977e-05,0.601888159927015,0,0,30613.178,27862.65,2750.5279999999984,0.5235185040902712,0.5298380377418044,0.19470816251251893,7921.286999999997,2015.151999999999,1466906,0,1,0,0
2026-03-17 04:00:00+00:00,74463.98,74712.89,73784.0,74249.32,4918.92532,2.41e-06,9.394999999999978e-05,-2.6159999999999977e-05,0.601888159927015,0,0,17065.084,17849.944,-784.8600000000006,0.48876042717193297,0.529115632264481,-1.1465631680750377,4521.995999999999,1567.8185999999987,803656,1,0,0,0
2026-03-17 08:00:00+00:00,74249.32,74452.97,73560.98,74033.11,3022.84272,2.41e-06,9.394999999999978e-05,-2.6159999999999977e-05,0.601888159927015,0,0,14894.626,14589.289,305.33699999999953,0.5051780267308463,0.5251996378277063,-0.4737589589382516,2271.0049999999974,1488.3527999999992,670302,0,1,0,0
2026-03-17 12:00:00+00:00,74033.1,74893.94,73399.19,73914.39,4507.55719,-2.505e-05,-2.490000000000232e-06,-1.1329999999999978e-05,-0.01576244369463767,0,0,27050.6,24643.524000000005,2407.0759999999937,0.5232819111123732,0.5223427202436356,0.19600175145639126,1927.5529999999926,1446.8817999999985,1340762,0,1,0,0
2026-03-17 16:00:00+00:00,73914.4,74800.0,73855.24,74512.17,3050.04683,-2.505e-05,-2.490000000000232e-06,-1.1329999999999978e-05,-0.01576244369463767,0,0,14381.666,12930.551000000001,1451.114999999998,0.5265653095828874,0.5205258032861525,0.2999035524221938,4163.527999999991,1225.8391999999978,755154,1,0,0,0
2026-03-17 20:00:00+00:00,74511.21,74799.0,73871.74,73909.36,2096.68377,-1.26e-05,-3.524000000000023e-05,2.458000000000002e-05,0.27305333781223445,0,0,8052.912,8344.949,-292.03700000000026,0.491095271511327,0.516564681265633,-1.137504388110217,3566.1539999999914,617.326199999998,443098,1,0,0,0
2026-03-18 00:00:00+00:00,73909.37,74672.34,73535.36,74446.14,2220.38681,-1.26e-05,-3.524000000000023e-05,2.458000000000002e-05,0.27305333781223445,0,0,9138.813,8714.274,424.53900000000067,0.511889792504792,0.5154107694230996,-0.25075986966571073,1583.6169999999984,859.2059999999983,575380,1,0,0,0
2026-03-18 04:00:00+00:00,74446.14,74486.3,73700.01,73883.8,2292.66886,-6.569e-05,-0.00010334000000000024,-2.2279999999999976e-05,-1.0324976656435172,0,0,7450.428,8606.889,-1156.4609999999993,0.4639895942765532,0.5112712908217256,-2.0287080544721894,-1023.9589999999989,566.8463999999985,402704,1,0,0,0
2026-03-18 08:00:00+00:00,73883.8,74281.33,72800.0,72952.85,3439.26859,-6.569e-05,-0.00010334000000000024,-2.2279999999999976e-05,-1.0324976656435172,0,0,16293.782,18027.964,-1734.1820000000007,0.47473639598638134,0.5046528970097078,-1.4771559270279233,-2466.1039999999994,-261.4052000000003,726129,1,0,0,0
2026-03-18 12:00:00+00:00,72952.85,72981.79,70857.21,71467.82,8373.20589,-4.813e-05,-0.00012642000000000024,-5.7999999999999716e-06,-0.5634733322566426,0,0,44805.307,49487.338,-4682.031000000003,0.4751728727092129,0.4984188105676578,-1.3566132513949691,-7572.674000000003,-1488.0344000000005,1882982,1,0,0,0
2026-03-18 16:00:00+00:00,71467.82,72000.5,70933.85,71072.38,4336.24884,-4.813e-05,-0.00012642000000000024,-5.7999999999999716e-06,-0.5634733322566426,0,0,20807.104,19983.393000000004,823.7109999999957,0.5100968492734962,0.4970766450859802,-0.05060617333731891,-5592.502000000008,-1264.8848000000012,1155262,0,1,0,0
2026-03-18 20:00:00+00:00,71072.38,71451.22,70500.0,71246.54,2731.10194,2.418e-05,-8.964000000000025e-05,-8.209999999999974e-06,1.1541121464336994,0,0,11094.741,12345.436,-1250.6949999999997,0.47332155384321545,0.49553275775310845,-1.392432608159357,-5109.015000000007,-1599.9316000000013,613667,0,1,0,0
2026-03-19 00:00:00+00:00,71246.55,71613.79,70902.37,71215.39,2427.94963,-9.74e-06,-3.369000000000025e-05,-4.3079999999999974e-05,0.29932193929501577,0,0,8841.736,7964.5639999999985,877.1720000000023,0.5260965233275617,0.49762460741278003,0.5545715579179055,450.1879999999983,-1193.205000000001,559494,0,1,0,0
2026-03-19 04:00:00+00:00,71215.39,71215.39,69478.51,70191.17,4492.82933,-9.74e-06,-3.369000000000025e-05,-4.3079999999999974e-05,0.29932193929501577,0,0,19215.705,26736.706,-7521.000999999997,0.41816532760381175,0.4871129490619238,-3.0143056696812662,-7894.523999999994,-2350.5688,971676,1,0,0,0
2026-03-19 08:00:00+00:00,70191.16,70560.91,69900.0,69952.75,3434.1741,-9.74e-06,-3.369000000000025e-05,-4.3079999999999974e-05,0.29932193929501577,0,0,13475.037,15223.389,-1748.351999999999,0.4695392353573677,0.4814103416393719,-1.2650431836011307,-8392.180999999993,-1763.8329999999994,679538,1,0,0,0
2026-03-19 12:00:00+00:00,69952.75,70179.53,68793.35,69412.51,6707.39933,-3.012e-05,-1.5680000000000243e-05,-0.00014459,-0.21209508001951768,0,0,35905.935,36959.99800000001,-1054.0630000000092,0.4927671069551802,0.48157752518375724,-0.5185757758278313,-10323.416000000005,-2139.3878000000004,1739796,1,0,0,0
2026-03-19 16:00:00+00:00,69412.52,70596.42,69122.03,70271.99,3251.17683,-3.012e-05,-1.5680000000000243e-05,-0.00014459,-0.21209508001951768,0,0,19028.597,17866.424,1162.1730000000025,0.5157497267720759,0.4819635186104856,0.2089299938943938,-1640.2420000000056,-1656.8142,1129158,1,0,0,0
2026-03-19 20:00:00+00:00,70272.0,70695.6,69718.23,69930.0,2051.28897,1.205e-05,-2.7810000000000244e-05,-0.00015268999999999998,0.7777916216061196,0,0,8388.155,9039.930999999999,-651.775999999998,0.4813009873832388,0.4836946579211542,-0.839168154579336,-543.6660000000047,-1962.6038,491501,1,0,0,0
2026-03-20 00:00:00+00:00,69930.01,70809.43,69837.1,70729.92,2423.03588,1.205e-05,-2.7810000000000244e-05,-0.00015268999999999998,0.7777916216061196,0,0,9896.09,8224.082999999999,1672.0070000000014,0.5461366180113182,0.4908346801236479,1.2185824860333558,2182.404000000006,-124.00220000000044,576462,1,0,0,0
2026-03-20 04:00:00+00:00,70729.93,70969.71,70160.06,70854.66,2609.94577,6.25e-06,-1.182000000000024e-05,-0.00014884999999999999,0.6083158722436443,0,0,11568.458,10430.17,1138.2880000000005,0.5258717952774146,0.495904572380468,0.5460310691541639,2158.519000000004,453.32579999999945,591415,1,0,0,0
2026-03-20 08:00:00+00:00,70854.66,71367.0,70218.68,70478.71,3112.13588,7.53e-06,2.5829999999999758e-05,-0.00011626999999999997,0.6448787380611717,0,0,17410.361,18057.503999999997,-647.1429999999964,0.490877051663527,0.4939825926194711,-0.525379347420469,2163.1520000000055,534.709800000002,827714,1,0,0,0
2026-03-20 12:00:00+00:00,70478.71,70685.63,69480.0,69860.09,4715.91571,7.53e-06,2.5829999999999758e-05,-0.00011626999999999997,0.6448787380611717,0,0,31446.988,30238.783999999996,1208.2040000000052,0.5097932145519716,0.49762975869034676,0.07746976755078364,1699.3490000000093,543.9160000000026,1424588,0,1,0,0
2026-03-20 16:00:00+00:00,69860.09,70190.18,69388.0,70177.86,3079.98123,-2.23e-06,1.1549999999999756e-05,-0.00010589999999999997,0.42885538177955335,0,0,14475.254,13557.241999999998,918.0120000000024,0.5163740681529038,0.496657513172881,0.3314538506740014,1479.0730000000112,857.8736000000026,937971,1,0,0,0
2026-03-20 20:00:00+00:00,70177.85,70923.75,69754.71,70510.73,2180.15298,-2.23e-06,1.1549999999999756e-05,-0.00010589999999999997,0.42885538177955335,0,0,10861.275,10075.307999999999,785.9670000000006,0.5187701832720267,0.5067179987397025,0.4667736637789238,2912.183000000008,680.6656000000024,530574,1,0,0,0
2026-03-21 00:00:00+00:00,70510.73,70826.0,70431.67,70657.35,1194.32406,-1.493e-05,-9.630000000000242e-06,-5.513999999999998e-05,0.043792213667136884,0,0,4258.455,4508.415000000001,-249.96000000000095,0.4857440568868934,0.508338480892655,-0.6340993317737971,1454.019000000002,403.0160000000022,298164,0,1,0,0
2026-03-21 04:00:00+00:00,70657.35,70879.76,70617.05,70727.33,2717.2463,-1.493e-05,-9.630000000000242e-06,-5.513999999999998e-05,0.043792213667136884,0,0,4141.403,4174.996999999999,-33.59399999999914,0.4979802558799481,0.5088597957851319,-0.15880616392850666,502.41300000000047,525.7258000000016,242193,0,1,0,0
2026-03-21 08:00:00+00:00,70727.33,70753.79,70492.02,70652.72,2045.34328,-7.38e-06,-2.4540000000000243e-05,-1.4389999999999972e-05,0.21034425188993577,0,0,4044.363,4795.183000000001,-750.8200000000011,0.4575306243103435,0.5030378855389586,-1.5059152885560445,-1034.3740000000012,133.92100000000036,214978,1,0,0,0
2026-03-21 12:00:00+00:00,70652.73,71100.94,70453.09,70630.02,1644.14012,-7.38e-06,-2.4540000000000243e-05,-1.4389999999999972e-05,0.21034425188993577,0,0,7633.179,7212.254000000001,420.9249999999993,0.5141769189217991,0.5063254786928145,0.4841230499996579,-363.48900000000094,34.503599999999736,358106,0,1,0,0
2026-03-21 16:00:00+00:00,70630.02,70652.64,70210.0,70396.0,1221.39503,-7.38e-06,-2.4540000000000243e-05,-1.4389999999999972e-05,0.21034425188993577,0,0,5300.939,4976.665999999999,324.27300000000105,0.5157757084456934,0.5032893877362521,0.5881524448804029,-5.622000000000753,-57.83520000000017,270436,0,1,0,0
2026-03-21 20:00:00+00:00,70396.01,70516.82,68571.42,68918.12,4574.71871,1.093e-05,-1.138000000000024e-05,-2.763999999999997e-05,0.6610489496438642,0,0,9321.962,13717.07,-4395.108,0.4046160446324307,0.4911638126717538,-2.8658024341151185,-3649.91,-886.8648000000001,494720,1,0,0,0
2026-03-22 00:00:00+00:00,68918.12,69588.79,68228.5,69339.99,4148.48971,1.093e-05,-1.138000000000024e-05,-2.763999999999997e-05,0.6610489496438642,0,0,18450.976,17273.372,1177.6039999999994,0.5164818123482617,0.4937242887402272,0.6863615681366098,-2893.2309999999998,-644.6252000000004,940355,1,0,0,0
2026-03-22 04:00:00+00:00,69340.0,69526.85,68892.93,68919.38,1759.92655,8.06e-06,1.160999999999976e-05,-9.839999999999967e-06,0.5307010131171667,0,0,6048.0,7111.053,-1063.0529999999999,0.4596075416673221,0.48870572145176217,-1.0718790460818466,-4280.557000000001,-707.0718000000002,350600,1,0,0,0
2026-03-22 08:00:00+00:00,68919.37,68990.67,68110.55,68217.95,2582.06971,8.06e-06,1.160999999999976e-05,-9.839999999999967e-06,0.5307010131171667,0,0,10074.947,12326.883999999998,-2251.936999999998,0.4497376576048628,0.4820420803969581,-1.2854635697795382,-2137.3859999999986,-1241.6441999999995,573848,1,0,0,0
2026-03-22 12:00:00+00:00,68217.94,69005.71,68199.04,68847.96,1809.03421,-4.425e-05,-2.526000000000024e-05,-2.396999999999997e-05,-1.0388909158909685,0,0,10836.614,9674.088000000002,1162.525999999998,0.5283394980825131,0.4829990118780068,1.0882432040490342,-2152.464,-1073.9936000000002,534271,1,0,0,0
2026-03-22 16:00:00+00:00,68847.97,68885.53,68145.01,68199.93,1323.42339,-4.425e-05,-2.526000000000024e-05,-2.396999999999997e-05,-1.0388909158909685,0,0,5238.657,6097.328,-858.6710000000003,0.4621263172101939,0.48063723791033686,-0.8504338306353466,-1948.0820000000003,-366.70620000000025,376562,1,0,0,0
2026-03-22 20:00:00+00:00,68199.93,68498.4,67360.66,67859.0,3220.84325,-6.837e-05,-0.00010456000000000023,-0.00010438999999999997,-1.785063597976104,0,0,15460.085,16288.560000000001,-828.4750000000022,0.4869525927799438,0.4795344716003364,-0.09225181842405326,-524.6200000000044,-767.9220000000006,880768,1,0,0,0
2026-03-23 00:00:00+00:00,67859.0,68585.12,67445.18,68074.6,2495.61558,-2.079e-05,-0.00013341000000000023,-0.00013142999999999998,-0.3538910394844995,0,0,13057.416,12441.316,616.0999999999985,0.5120809928901562,0.4849895084583177,0.6705120752764392,-1071.046000000004,-432.0914000000009,883304,1,0,0,0
2026-03-23 04:00:00+00:00,68074.6,68915.4,67502.48,68333.16,4814.40128,-2.079e-05,-0.00013341000000000023,-0.00013142999999999998,-0.3538910394844995,0,0,19174.491,18843.316999999995,331.17400000000634,0.504355511501347,0.4840073677162725,0.39843487298474367,118.7990000000027,84.5308,1001715,1,0,0,0
2026-03-23 08:00:00+00:00,68333.16,71499.0,67916.14,70122.15,9165.95784,-2.079e-05,-0.00013341000000000023,-0.00013142999999999998,-0.3538910394844995,0,0,50314.939,48505.490000000005,1809.4489999999932,0.5091552375268478,0.48334532062438795,0.510248882137795,2756.722999999998,213.91539999999904,1801211,1,0,0,0
2026-03-23 12:00:00+00:00,70122.15,71817.09,69671.95,70131.48,7343.07463,-2.863e-05,-0.00011779000000000024,-0.00016758999999999996,-0.5414578765595395,0,0,41977.515,40253.193,1724.3220000000001,0.5104846598183248,0.4939321821429773,0.5150605389891111,3864.9449999999997,730.5139999999991,2212289,1,0,0,0
2026-03-23 16:00:00+00:00,70131.48,71246.01,70131.47,70679.05,3251.32187,-2.863e-05,-0.00011779000000000024,-0.00016758999999999996,-0.5414578765595395,0,0,18008.858,15559.142,2449.7160000000003,0.5364888584366063,0.4959328867518118,1.2536669564033809,5983.486999999994,1386.1521999999998,1100238,1,0,0,0
2026-03-23 20:00:00+00:00,70679.04,70998.0,70404.39,70906.45,1264.71999,1.6e-06,-4.7820000000000243e-05,-0.00016375999999999996,0.40510880352248,0,0,6874.219,6089.782,784.4369999999999,0.5302544330257303,0.5029975758876526,0.9996208464816986,4958.475,1419.8196,421207,1,0,0,0
2026-03-24 00:00:00+00:00,70906.45,71099.96,70278.46,70542.9,2279.09671,4.229e-05,1.525999999999976e-05,-0.00010653999999999997,1.5681953092431669,0,0,8503.119,8401.484999999999,101.63400000000183,0.5030061041358911,0.5083244205407554,0.21960421970187646,3335.787000000002,1373.911599999999,603002,0,1,0,0
2026-03-24 04:00:00+00:00,70542.9,71400.0,70119.06,71291.7,3689.3445,4.229e-05,1.525999999999976e-05,-0.00010653999999999997,1.5681953092431669,0,0,13162.447,12102.072,1060.375,0.5209854579064023,0.5075890165231443,0.7225295024748066,1946.4460000000017,1224.0968000000005,632919,1,0,0,0
2026-03-24 08:00:00+00:00,71291.7,71368.61,70850.11,71157.77,2477.92852,3.675e-05,8.063999999999976e-05,-6.240999999999997e-05,1.3027525608918098,0,0,10461.497,10439.169000000002,22.3279999999977,0.5005341456583249,0.5114297993679575,0.013402631150074059,1184.3369999999995,883.698,578301,0,1,0,0
2026-03-24 12:00:00+00:00,71157.77,71177.66,69507.34,69873.04,5583.13531,3.675e-05,8.063999999999976e-05,-6.240999999999997e-05,1.3027525608918098,0,0,29480.217,31083.047000000002,-1602.8300000000017,0.4867673083141622,0.5114112709213793,-0.4412894711833184,-520.127000000004,73.18879999999945,1391629,1,0,0,0
2026-03-24 16:00:00+00:00,69873.04,70001.92,68923.07,69377.33,3539.49609,3.675e-05,8.063999999999976e-05,-6.240999999999997e-05,1.3027525608918098,0,0,19595.797,20859.159,-1263.362000000001,0.48438557194327436,0.5086417288266911,-0.4864584579426601,-2843.864000000005,-336.3710000000007,950215,1,0,0,0
2026-03-24 20:00:00+00:00,69377.33,70832.54,69296.15,70556.74,3133.42131,3.056e-05,0.00010959999999999976,-4.277999999999997e-05,1.0487965493735567,0,0,16866.461,15237.48,1628.9809999999998,0.5253704210333554,0.510743219779892,0.833603694412012,-1237.211000000003,-30.901600000001146,764719,1,0,0,0
2026-03-25 00:00:00+00:00,70556.74,71100.28,70408.0,70716.7,2504.53992,2.31e-05,9.040999999999975e-05,-2.7739999999999968e-05,0.7779830839109906,0,0,10215.801,9951.940000000002,263.86099999999715,0.5065416597724057,0.5104818620044477,0.2608169542731878,629.4799999999959,-190.20440000000173,562978,1,0,0,0
2026-03-25 04:00:00+00:00,70716.7,71345.0,70703.83,70926.88,2879.13545,2.31e-05,9.040999999999975e-05,-2.7739999999999968e-05,0.7779830839109906,0,0,9847.121,10329.07,-481.9490000000005,0.4880564919315048,0.5082390452157657,-0.3426074283353636,1410.8929999999964,-291.05980000000136,473899,0,1,0,0
2026-03-25 08:00:00+00:00,70926.88,72026.09,70800.0,71678.97,3287.51237,1.074e-05,6.439999999999975e-05,2.7250000000000032e-05,0.3578437056301368,0,0,17441.388,14168.497,3272.8909999999996,0.5517700554747352,0.5097671649195786,1.732239669158117,3054.8029999999962,684.0843999999989,721505,1,0,0,0
2026-03-25 12:00:00+00:00,71678.97,71963.71,70530.47,70832.99,4210.48461,1.074e-05,6.439999999999975e-05,2.7250000000000032e-05,0.3578437056301368,0,0,24791.403,25272.504,-481.1010000000024,0.49519513129488674,0.5062612347464943,-0.1377858554941693,2309.8409999999967,840.5365999999988,1313403,1,0,0,0
2026-03-25 16:00:00+00:00,70832.99,71752.88,70681.07,70883.31,2995.16787,1.074e-05,6.439999999999975e-05,2.7250000000000032e-05,0.3578437056301368,0,0,16001.091,14521.953000000001,1479.137999999999,0.524229857284221,0.5083836100613273,0.8178481460979808,4270.927999999996,810.5679999999985,828418,1,0,0,0
2026-03-25 20:00:00+00:00,70883.32,71594.11,70646.34,71336.53,1842.66044,4.721e-05,8.104999999999975e-05,0.00014283000000000004,1.448746042282697,0,0,7269.679,6705.402,564.277,0.520188684416212,0.5083039327123082,0.6814512893977189,1562.3139999999967,870.6511999999991,375948,1,0,0,0
2026-03-26 00:00:00+00:00,71336.53,71436.82,70672.37,70921.47,2157.03878,4.721e-05,8.104999999999975e-05,0.00014283000000000004,1.448746042282697,0,0,7106.62,8262.754,-1156.134000000001,0.46238838354769685,0.5044893565012454,-1.182629762748377,887.2809999999981,735.814199999999,429736,1,0,0,0
2026-03-26 04:00:00+00:00,70921.47,70921.47,69805.0,70087.44,3434.08444,2.448e-05,8.242999999999975e-05,0.00018810000000000002,0.7510901179152233,0,0,13060.052,15110.687000000002,-2050.635000000002,0.46360345747408327,0.5021729714172375,-1.082699585813009,-2642.492000000003,-328.8910000000013,613035,1,0,0,0
2026-03-26 08:00:00+00:00,70087.44,70144.44,69192.96,69276.01,3321.72857,2.448e-05,8.242999999999975e-05,0.00018810000000000002,0.7510901179152233,0,0,14230.404,17069.044,-2838.6400000000012,0.4546535133782551,0.49919976556073553,-1.3581652018086403,-6045.409000000004,-800.3988000000011,681477,1,0,0,0
2026-03-26 12:00:00+00:00,69276.01,69877.45,68632.4,69082.64,4699.85538,1.379e-05,8.547999999999976e-05,0.00023052000000000004,0.5262809709926299,0,0,24597.849,24516.651,81.19799999999668,0.5008266194301072,0.49674538540041074,0.11630168507123032,-4808.077000000007,-1079.9868000000017,1092910,0,1,0,0
2026-03-26 16:00:00+00:00,69082.64,69162.0,68153.0,68534.36,4026.59411,-2.103e-05,1.7239999999999754e-05,0.00020789000000000002,-0.6004551369389395,0,0,15399.554,17021.312,-1621.7580000000016,0.47498897777745974,0.49359011720091617,-0.6602161444869213,-4379.200000000006,-1517.193800000002,785752,1,0,0,0
2026-03-26 20:00:00+00:00,68534.37,69478.42,68436.74,68820.31,3181.1564,-2.103e-05,1.7239999999999754e-05,0.00020789000000000002,-0.6004551369389395,0,0,14981.498,15117.189000000002,-135.69100000000253,0.4977458983509812,0.49455905784286386,-0.04407893281241091,-1676.2510000000075,-1313.1052000000022,692964,0,1,0,0
2026-03-27 00:00:00+00:00,68820.31,69179.05,68531.37,68767.51,2714.9612,-2.103e-05,1.7239999999999754e-05,0.00020789000000000002,-0.6004551369389395,0,0,7890.55,7891.897,-1.3469999999997526,0.49995732600907833,0.4893777848962982,0.06098477714620422,-1758.796000000004,-903.2476000000017,436790,1,0,0,0
2026-03-27 04:00:00+00:00,68767.5,68955.53,68304.14,68540.48,3934.07819,2.925e-05,2.2009999999999754e-05,0.00019485000000000002,1.045514900471219,0,0,11270.128,11347.433,-77.30500000000029,0.4982910403115526,0.48968737579796473,-0.05395692888676686,-214.34300000000258,-350.9806000000016,513982,1,0,0,0
2026-03-27 08:00:00+00:00,68540.49,68635.07,66231.96,66702.78,7325.96218,-6.298e-05,-5.476000000000024e-05,9.512000000000005e-05,-1.8589365646884708,0,0,28696.453,37559.335,-8862.881999999998,0.4331161679037007,0.48057600685991264,-2.4945168723162454,-8941.533999999998,-2139.7966000000006,1313151,1,0,0,0
2026-03-27 12:00:00+00:00,66702.78,66773.25,65730.17,66112.82,8273.04177,-6.298e-05,-5.476000000000024e-05,9.512000000000005e-05,-1.8589365646884708,0,0,27673.926,32130.201,-4456.2750000000015,0.4627427468341775,0.4748314131017093,-1.281570568499155,-13396.462,-2706.7000000000003,1353869,1,0,0,0
2026-03-27 16:00:00+00:00,66112.82,66290.0,65548.25,66040.66,3963.05735,-5.841e-05,-9.214000000000024e-05,6.150000000000048e-06,-1.593019279756718,0,0,16977.73,17782.276,-804.5460000000021,0.4884271308813928,0.4774352878350789,-0.36133811951314143,-14123.703000000001,-2840.4710000000005,932260,1,0,0,0
2026-03-27 20:00:00+00:00,66040.65,66420.75,65817.44,66407.28,2392.59488,-5.841e-05,-9.214000000000024e-05,6.150000000000048e-06,-1.593019279756718,0,0,6787.901,6343.218000000001,444.6829999999991,0.5169324107107703,0.48276818315874753,0.6968599938598873,-4816.1380000000045,-2751.2650000000003,332288,1,0,0,0
2026-03-28 00:00:00+00:00,66407.28,66520.46,65932.09,66240.0,2309.42704,-5.841e-05,-9.214000000000024e-05,6.150000000000048e-06,-1.593019279756718,0,0,6288.203,7159.624999999999,-871.4219999999987,0.4675998979166004,0.4840628216125821,-1.119899699523409,-1231.2850000000017,-2910.0884,351585,1,0,0,0
2026-03-28 04:00:00+00:00,66240.0,66573.61,66110.0,66561.48,2351.82142,-8.088e-05,-0.00020227000000000024,-9.782999999999995e-05,-2.1814256594863646,0,0,4873.431,4487.753,385.6779999999999,0.5205998514717797,0.4860401448167494,0.8480453455223408,-41.060999999999694,-1060.3764000000006,219217,1,0,0,1
2026-03-28 08:00:00+00:00,66561.49,66570.09,66124.4,66319.47,1871.98665,-8.088e-05,-0.00020227000000000024,-9.782999999999995e-05,-2.1814256594863646,0,0,5107.804,5586.923999999999,-479.119999999999,0.47760017833085616,0.48630126487208897,-0.7109365590188524,-964.8639999999978,-264.9454000000002,221985,1,0,0,1
2026-03-28 12:00:00+00:00,66319.46,67288.94,66240.87,67014.91,2726.87142,-7.604e-05,-0.00021533000000000023,-0.00018460999999999993,-1.9286846139605132,0,0,17562.369,14346.736,3215.632999999998,0.5503873894300702,0.49156541397999787,1.825855936370835,3122.190999999999,539.0903999999998,600890,1,0,0,0
2026-03-28 16:00:00+00:00,67014.92,67096.77,66704.0,66916.52,1090.61096,-1.73e-06,-0.00015865000000000025,-0.00023354999999999996,0.16028401808578005,0,0,5826.056,5436.896,389.15999999999985,0.5172761102062763,0.4932972923997177,0.7083830646680476,3125.672999999999,527.9858,256392,0,1,0,0
2026-03-28 20:00:00+00:00,66916.52,67010.0,66283.38,66377.03,1111.68098,-1.73e-06,-0.00015865000000000025,-0.00023354999999999996,0.16028401808578005,0,0,6206.679,6491.016,-284.33699999999953,0.4888035978183442,0.49234854815039686,-0.2673791500219447,3320.4559999999983,645.4027999999998,286242,1,0,0,0
2026-03-29 00:00:00+00:00,66377.04,67130.5,66281.4,66912.0,1535.14396,-1.73e-06,-0.00015865000000000025,-0.00023354999999999996,0.16028401808578005,0,0,8004.19,7032.914,971.2759999999998,0.5322959793321905,0.5022665292932459,1.2554603385546996,1076.0990000000002,762.5223999999998,327847,1,0,0,0
2026-03-29 04:00:00+00:00,66912.0,66936.6,66556.78,66671.0,1351.87148,-3.68e-05,-0.00011457000000000024,-0.00029482999999999994,-0.7914739259048298,0,0,4377.109,6180.511,-1803.402,0.4145923986656084,0.49745149447638887,-2.5101629998818016,-1116.4629999999997,497.6659999999996,243734,1,0,0,0
2026-03-29 08:00:00+00:00,66671.0,66988.01,66418.0,66816.28,1084.63055,-3.68e-05,-0.00011457000000000024,-0.00029482999999999994,-0.7914739259048298,0,0,5863.718,5929.709,-65.99099999999999,0.49720221272408777,0.4983290026606584,0.12041628330676346,-898.1170000000002,-158.65879999999999,297622,0,1,0,0
2026-03-29 12:00:00+00:00,66816.29,66875.24,66334.37,66523.0,1436.58796,-1.2e-07,-3.865000000000024e-05,-0.00030873999999999995,0.20171181922377604,0,0,7931.112,8657.253,-726.1410000000005,0.4781129424147587,0.4944470558310573,-0.4762629313163014,-2595.5340000000006,-381.71900000000005,417031,1,0,0,0
2026-03-29 16:00:00+00:00,66523.01,66665.05,66158.26,66348.62,994.8232,2.677e-05,-1.0150000000000243e-05,-0.00026094,0.9302695092988961,0,0,5625.916,6512.038,-886.1219999999994,0.463497884404571,0.49403685447985424,-0.9054367672899948,-1678.254,-502.076,323096,1,0,0,0
2026-03-29 20:00:00+00:00,66348.61,66793.83,65000.0,66010.93,3649.79869,2.677e-05,-1.0150000000000243e-05,-0.00026094,0.9302695092988961,0,0,20364.165,23799.761,-3435.5959999999977,0.4611040467733779,0.4880872740100141,-0.9170497191646784,-5047.858999999998,-1383.4503999999995,959917,1,0,0,0
2026-03-30 00:00:00+00:00,66010.93,67450.0,65800.59,67173.8,3701.61439,3e-06,2.964999999999976e-05,-0.00028718999999999994,0.27566524785178126,0,0,23226.978,20225.249,3001.7289999999994,0.5345405656653686,0.4937813127434653,1.3239313292597794,-1319.9889999999978,-422.42419999999964,1221741,1,0,0,0
2026-03-30 04:00:00+00:00,67173.8,67800.0,67167.92,67624.39,2742.98319,3e-06,2.964999999999976e-05,-0.00028718999999999994,0.27566524785178126,0,0,12691.227,12297.376999999999,393.8500000000022,0.5078805922891891,0.48953063302937727,0.4869020195440446,-40.01699999999619,-330.4559999999992,702418,1,0,0,0
2026-03-30 08:00:00+00:00,67624.39,68042.3,67360.41,67680.45,3383.09323,3e-06,2.964999999999976e-05,-0.00028718999999999994,0.27566524785178126,0,0,13095.252,12145.546999999999,949.7050000000017,0.5188128949483731,0.48968431150358693,0.8955792548965406,4345.284000000003,4.713200000001234,588545,1,0,0,0
2026-03-30 12:00:00+00:00,67680.44,68169.65,67088.73,67629.4,4177.92296,4.92e-06,3.468999999999976e-05,-0.00021928999999999994,0.33157032084099114,0,0,21146.184,21622.941,-476.7569999999978,0.494426388194755,0.490246590541228,0.1171447494434835,866.7980000000061,86.58620000000155,1037837,1,0,0,0
2026-03-30 16:00:00+00:00,67629.4,67641.65,66233.13,66550.05,2673.9969,7.58e-06,1.5499999999999757e-05,-0.00015329999999999993,0.39528257557149377,0,0,16881.199,17288.870000000003,-407.6710000000021,0.4940346769566078,0.4864204603036698,0.13962375230069776,65.27700000000186,692.1712000000007,812733,1,0,0,0
2026-03-30 20:00:00+00:00,66550.06,66994.17,66419.79,66797.37,1673.77908,7.58e-06,1.5499999999999757e-05,-0.00015329999999999993,0.39528257557149377,0,0,8696.276,7741.965000000002,954.3109999999979,0.529027162942799,0.4978639367313888,1.2573861651989575,69.88299999999799,282.6876000000004,393905,1,0,0,0
2026-03-31 00:00:00+00:00,66797.38,68408.37,66544.51,67704.74,2940.06225,1.16e-06,1.3659999999999757e-05,-7.125999999999994e-05,0.202902722634473,0,0,20349.631,18434.155999999995,1915.4750000000058,0.5246942749556665,0.5006131429545466,1.0448988620117263,2462.1150000000016,587.0126000000012,945711,1,0,0,0
2026-03-31 04:00:00+00:00,67704.74,67979.38,67103.32,67367.69,3894.57803,1.16e-06,1.3659999999999757e-05,-7.125999999999994e-05,0.202902722634473,0,0,10689.684,11085.516000000001,-395.83200000000215,0.4909109445607847,0.5018929431691492,-0.06921620775871731,2473.9540000000015,317.9052000000003,567705,1,0,0,0
2026-03-31 08:00:00+00:00,67367.7,67496.0,65998.05,66685.69,4187.99082,-1.921e-05,-1.0470000000000244e-05,-1.4429999999999945e-05,-0.3489911723972195,0,0,21596.124,24310.505,-2714.381000000001,0.470435849253928,0.502586739654085,-0.7669771208348312,-1194.7379999999976,-129.61960000000036,969593,1,0,0,0
2026-03-31 12:00:00+00:00,66685.69,67767.87,66427.53,66736.8,4137.18923,-1.921e-05,-1.0470000000000244e-05,-1.4429999999999945e-05,-0.3489911723972195,0,0,30531.705,29860.500999999997,671.2040000000052,0.505557041582485,0.5070320391349956,0.3919072911551729,-2439.008999999998,86.1554000000011,1455157,1,0,0,0
2026-03-31 16:00:00+00:00,66736.79,68589.49,66729.28,67838.8,4391.49464,-2.763e-05,-4.568000000000024e-05,-4.032999999999995e-05,-0.5453247287716567,0,0,33211.174,26960.888,6250.286,0.5519367775696302,0.5087716603254219,1.7509162514333814,4207.109000000004,1145.3504000000016,1432082,1,0,0,0
2026-03-31 20:00:00+00:00,67838.79,68410.3,67831.7,68284.48,2554.09165,-2.763e-05,-4.568000000000024e-05,-4.032999999999995e-05,-0.5453247287716567,0,0,8237.273,8065.928,171.34499999999935,0.50525494962615,0.5085090960591179,0.2739870620043332,7092.835000000005,796.5244000000002,492115,1,0,0,0
2026-04-01 00:00:00+00:00,68284.49,68378.64,67578.75,68170.67,3175.60054,-3.449e-05,-8.133000000000025e-05,-3.801999999999994e-05,-0.6917953516153552,0,0,10320.947,10731.05,-410.10299999999916,0.4902597601548205,0.5056537825797627,-0.18694018756743344,6011.528,793.6702000000008,617651,1,0,0,0
2026-04-01 04:00:00+00:00,68170.67,69310.0,68005.33,68692.0,4308.24633,-3.449e-05,-8.133000000000025e-05,-3.801999999999994e-05,-0.6917953516153552,0,0,20704.56,18785.967999999997,1918.5920000000042,0.5242917997956371,0.5086403237398509,0.843848631188415,1679.8340000000044,1720.264800000002,764824,1,0,0,0
2026-04-01 08:00:00+00:00,68692.0,68851.35,68389.21,68712.52,3486.85039,-4.61e-06,-6.673000000000025e-05,-4.250999999999994e-05,0.09317180906973203,0,0,9857.252,9848.8,8.452000000001135,0.5002144518851367,0.5092583012327038,0.030077415411397804,1516.9410000000062,1587.7144000000012,525260,1,0,0,0
2026-04-01 12:00:00+00:00,68712.52,68965.0,67918.83,68918.52,4091.84986,-4.61e-06,-6.673000000000025e-05,-4.250999999999994e-05,0.09317180906973203,0,0,19719.166,18751.685999999998,967.4800000000032,0.5125741951335001,0.5076130044517739,0.3975349280559458,2894.5240000000085,531.1532000000018,1028791,1,0,0,0
2026-04-01 16:00:00+00:00,68918.52,69171.77,67939.28,68176.84,2610.209,5.77e-06,-3.333000000000024e-05,-6.350999999999994e-05,0.3303105311016898,0,0,13888.69,13352.610999999999,536.0790000000015,0.5098394529688579,0.506127522253093,0.279869109199356,1512.0110000000059,604.1000000000022,780571,0,1,0,0
2026-04-01 20:00:00+00:00,68176.84,68534.0,67964.48,68113.92,1347.43378,5.77e-06,-3.333000000000024e-05,-6.350999999999994e-05,0.3303105311016898,0,0,5618.751,5696.739,-77.98799999999937,0.4965539274039392,0.5066918205374085,-0.1537381640785939,1425.5710000000054,670.5230000000022,389670,1,0,0,0
2026-04-02 00:00:00+00:00,68113.92,68653.38,66500.0,66576.25,4290.09553,5.77e-06,-3.333000000000024e-05,-6.350999999999994e-05,0.3303105311016898,0,0,23849.191,27201.376000000004,-3352.185000000005,0.46716799443187373,0.5063650350552031,-1.1662477024356332,-2894.094000000003,-383.6323999999997,1388584,1,0,0,0
2026-04-02 04:00:00+00:00,66576.25,66961.26,66217.07,66930.79,2994.81146,3.521e-05,3.636999999999975e-05,-3.129999999999994e-05,1.1182605391195823,0,0,12435.675,12606.122,-170.44700000000012,0.4965967498259011,0.5054690058795447,-0.12507849796952736,-3600.6200000000044,-419.4121999999999,519604,0,1,0,0
2026-04-02 08:00:00+00:00,66930.79,66930.79,66167.1,66220.28,2840.44212,3.521e-05,3.636999999999975e-05,-3.129999999999994e-05,1.1182605391195823,0,0,9122.859,10687.235,-1564.3760000000002,0.4605156845797905,0.4963268965805606,-1.330230250756654,-5087.008000000005,-925.7834000000006,460702,1,0,0,0
2026-04-02 12:00:00+00:00,66220.28,67104.86,65712.12,66852.91,4983.19383,8.45e-06,4.942999999999975e-05,-2.776999999999994e-05,0.3142289991575304,0,0,25282.471,28808.49,-3526.0190000000002,0.46740657833755256,0.4925420594517009,-1.0390936348431317,-5260.842000000001,-1738.2030000000009,1235929,0,1,0,0
2026-04-02 16:00:00+00:00,66852.91,67430.99,66596.8,66975.99,3741.79932,8.45e-06,4.942999999999975e-05,-2.776999999999994e-05,0.3142289991575304,0,0,15410.908,14103.555,1307.3529999999992,0.522147667060722,0.49573085014229107,0.8821716268075701,-3783.0420000000013,-1461.1348000000012,768790,1,0,0,0
2026-04-02 20:00:00+00:00,66976.0,67100.0,66731.08,66901.99,1353.1369,-7.398e-05,-3.032000000000026e-05,-0.00010932999999999994,-1.8755037166784976,0,0,4454.822,4396.217000000001,58.60499999999956,0.5033106282776519,0.4936327329904926,0.2039433140366094,-2160.0610000000015,-778.9768000000004,265029,0,1,0,0
2026-04-03 00:00:00+00:00,66901.99,67000.0,66282.0,66579.97,2208.57089,-8.31e-06,-7.384000000000026e-05,-0.00011879999999999993,-0.04832779575823096,0,0,8120.691,10092.144,-1971.4530000000004,0.4458773716447769,0.4881990249664566,-1.6705608975818647,-605.4950000000017,-1139.1780000000003,444021,1,0,0,0
2026-04-03 04:00:00+00:00,66579.98,67247.38,66416.68,67042.08,2873.22499,-8.31e-06,-7.384000000000026e-05,-0.00011879999999999993,-0.04832779575823096,0,0,7462.886,6010.085999999999,1452.800000000001,0.5539153499317003,0.49233314044627663,2.023128205525114,-460.0479999999998,-535.7428000000002,389600,1,0,0,0
2026-04-03 08:00:00+00:00,67042.08,67288.0,66674.72,67017.44,1439.81595,-8.31e-06,-7.384000000000026e-05,-0.00011879999999999993,-0.04832779575823096,0,0,6111.226,6375.126000000001,-263.90000000000146,0.48943246193924367,0.49029244134331523,-0.35387060370006534,-782.5530000000008,116.68099999999959,334377,1,0,0,0
2026-04-03 12:00:00+00:00,67017.43,67370.42,66508.1,66827.15,2358.77199,-5.99e-06,-8.828000000000025e-05,-0.00010557999999999993,0.05797854816334319,0,0,10958.555,11399.967,-441.41200000000026,0.49012877505946056,0.48964992610886726,-0.3459077456071051,747.4879999999994,-233.0720000000003,478169,1,0,0,0
2026-04-03 16:00:00+00:00,66827.15,67069.0,66751.86,66885.74,1215.72021,-5.99e-06,-8.828000000000025e-05,-0.00010557999999999993,0.05797854816334319,0,0,4075.505,3846.371,229.13400000000001,0.5144621046832846,0.49437933713400833,0.5118191942142788,-476.1780000000017,-198.9662000000002,217757,1,0,0,0
2026-04-03 20:00:00+00:00,66885.73,66970.18,66826.13,66964.3,1333.02728,3.51e-06,-1.0790000000000244e-05,-7.443999999999994e-05,0.3641485126014414,0,0,2819.867,1995.4089999999997,824.4580000000005,0.5856085923216032,0.5032805213835786,2.7499057204847253,612.1800000000003,360.216,128827,1,0,0,0
2026-04-04 00:00:00+00:00,66964.29,66968.28,66814.0,66832.18,803.20366,3.761e-05,3.5129999999999753e-05,-2.339999999999947e-06,1.3277384571842892,0,0,1839.746,2062.986,-223.23999999999978,0.4713995221808723,0.5043689051436868,-1.0834408155544175,830.3520000000008,25.00799999999981,103881,1,0,0,0
2026-04-04 04:00:00+00:00,66832.18,67052.99,66775.91,67014.96,1728.28038,3.761e-05,3.5129999999999753e-05,-2.339999999999947e-06,1.3277384571842892,0,0,3205.681,2801.6739999999995,404.0070000000005,0.5336260300914463,0.5109908503190762,0.9928236498674223,1005.2250000000013,158.5894000000002,125324,1,0,0,0
2026-04-04 08:00:00+00:00,67014.95,67232.72,66918.0,67156.93,1347.31961,3.761e-05,3.5129999999999753e-05,-2.339999999999947e-06,1.3277384571842892,0,0,4139.131,3853.7999999999993,285.33100000000104,0.5178489592866498,0.510560979541669,0.4651809880747745,466.0980000000018,303.93800000000044,161654,1,0,0,0
2026-04-04 12:00:00+00:00,67156.93,67562.93,67029.07,67383.66,1507.29551,4.115e-05,8.226999999999975e-05,4.342000000000005e-05,1.3609773670221343,0,0,8315.289,8064.067999999999,251.22100000000137,0.5076688297348914,0.510996799687393,0.10905094420391734,940.5590000000029,308.3554000000007,246173,1,0,0,0
2026-04-04 16:00:00+00:00,67383.66,67543.6,67265.0,67288.42,858.41299,1.651e-05,9.526999999999976e-05,5.416000000000005e-05,0.7234429774713991,0,0,5353.027,5823.860000000001,-470.83300000000054,0.4789372031765195,0.5143027828405671,-0.8308363648878156,65.71900000000187,49.29720000000052,205694,1,0,0,0
2026-04-04 20:00:00+00:00,67288.42,67504.54,67186.62,67300.42,1129.00398,1.651e-05,9.526999999999976e-05,5.416000000000005e-05,0.7234429774713991,0,0,2786.271,2524.8039999999996,261.46700000000055,0.5246152615054391,0.5113727739979411,0.6958322898335328,41.85500000000138,146.2386000000006,131999,1,0,0,0
2026-04-05 00:00:00+00:00,67300.42,67307.28,66955.72,67145.98,1216.87122,1.651e-05,9.526999999999976e-05,5.416000000000005e-05,0.7234429774713991,0,0,3466.146,3437.506,28.640000000000327,0.5020742644617661,0.5126369542501933,-0.03181714827949036,-180.72599999999966,71.16520000000055,151313,0,1,0,0
2026-04-05 04:00:00+00:00,67145.98,67188.51,66611.66,66820.64,1903.42714,2.407e-05,8.172999999999975e-05,4.302000000000005e-05,0.9434579604642842,0,0,6666.71,7249.62,-582.9099999999999,0.47905661909425834,0.511529738653673,-0.7872437242915777,-292.802999999999,-102.48299999999963,251836,1,0,0,0
2026-04-05 08:00:00+00:00,66820.64,67150.0,66819.42,66999.0,1062.42874,3.812e-05,7.869999999999976e-05,7.269000000000005e-05,1.2967885729853488,0,0,3622.372,3281.842,340.52999999999975,0.5246610258604383,0.5125496307713884,0.6843478547436327,-213.73999999999978,-84.62119999999996,150335,1,0,0,0
2026-04-05 12:00:00+00:00,66998.99,67856.16,66680.57,67306.64,2736.41551,3.812e-05,7.869999999999976e-05,7.269000000000005e-05,1.2967885729853488,0,0,14902.229,12662.568,2239.661,0.5406253853420361,0.5080513100734316,1.1562898950680287,1997.281,457.47760000000017,467444,1,0,0,0
2026-04-05 16:00:00+00:00,67306.65,67560.45,67173.4,67361.01,965.55771,3.812e-05,7.869999999999976e-05,7.269000000000005e-05,1.2967885729853488,0,0,5329.302,5303.7080000000005,25.59399999999914,0.5012035162197721,0.5110317094773217,-0.09328665357243983,2605.784999999999,410.3029999999999,253987,1,0,0,0
2026-04-05 20:00:00+00:00,67361.01,69136.2,67332.66,69034.18,3848.7672,1.889e-05,8.107999999999976e-05,0.00016556000000000006,0.7094771188535587,0,0,22734.959,16261.206999999999,6473.752,0.5830049805409075,0.5159696045222678,2.3610471483309388,8739.007,1699.3254000000002,819836,1,0,0,0
2026-04-06 00:00:00+00:00,69034.18,69588.0,68776.61,69123.69,4502.91561,1.889e-05,8.107999999999976e-05,0.00016556000000000006,0.7094771188535587,0,0,15594.202,15878.33,-284.1280000000006,0.4954860956214136,0.5137333181557442,-0.34612581737323705,6215.217999999999,1759.0818,823037,0,1,0,0
2026-04-06 04:00:00+00:00,69123.69,69354.26,68806.53,69115.91,2814.82721,7.073e-05,0.00012773999999999975,0.0002446000000000001,2.007390233154004,0,0,8029.727,8745.022,-715.295000000001,0.47867941272921577,0.5108343764551766,-0.8135945521219409,5474.328999999999,1547.9167999999997,409214,1,0,1,0
2026-04-06 08:00:00+00:00,69115.91,70283.32,69081.88,69614.91,3999.04132,7.073e-05,0.00012773999999999975,0.0002446000000000001,2.007390233154004,0,0,17221.768,14316.876,2904.892,0.5460528994207867,0.5175459460796034,1.179925693471502,1905.4689999999982,1680.9629999999997,652685,1,0,1,0
2026-04-06 12:00:00+00:00,69614.91,69973.25,69163.86,69968.87,3409.36539,5.544e-05,0.00014505999999999975,0.00030603000000000005,1.5004909789051535,0,0,15873.691,15662.506,211.1850000000013,0.5033482952938174,0.5154192494584412,-0.09074892662464693,2400.782,1718.0811999999999,902579,1,0,0,0
2026-04-06 16:00:00+00:00,69968.87,70351.46,69282.02,69739.53,3175.25769,5.544e-05,0.00014505999999999975,0.00030603000000000005,1.5004909789051535,0,0,14233.348,14464.045,-230.69700000000012,0.4959805233876122,0.5148098753510257,-0.29738739551452015,2885.380000000001,377.1913999999999,758509,1,0,0,0
2026-04-06 20:00:00+00:00,69739.52,69974.08,68300.0,68853.66,2380.20322,4.23e-06,0.00013039999999999975,0.00030675000000000006,0.08662658320641868,0,0,12051.631,14686.090000000002,-2634.4590000000026,0.45073516175892475,0.5119777296174924,-1.5391235638395664,-2653.9710000000014,-92.8748000000005,567854,1,0,0,0
2026-04-07 00:00:00+00:00,68853.66,69128.2,68273.34,68779.21,2422.31591,-3.15e-06,5.651999999999976e-05,0.00026599,-0.21063267716302744,0,0,11218.197,11113.159,105.03800000000047,0.5023518052374428,0.509746807555193,-0.09391074058317915,-2760.118000000002,71.19179999999979,584752,0,1,0,0
2026-04-07 04:00:00+00:00,68779.2,68981.83,68443.0,68624.61,1823.63549,-3.15e-06,5.651999999999976e-05,0.00026599,-0.21063267716302744,0,0,6306.917,6044.081999999999,262.83500000000095,0.5106402324216851,0.5067482922631579,0.13522921788941117,-2266.586000000001,-457.2196,328689,0,1,0,0
2026-04-07 08:00:00+00:00,68624.6,69247.9,68071.96,68345.75,2273.58534,3.703e-05,3.810999999999976e-05,0.0002618700000000001,1.0064477729611505,0,0,16373.619,15980.005,393.6140000000014,0.5060829970701273,0.5072362403481934,-0.044299186424989215,761.4870000000028,-420.7338,732874,0,1,0,0
2026-04-07 12:00:00+00:00,68345.75,68633.87,67732.01,68168.1,4041.29436,3.703e-05,3.810999999999976e-05,0.0002618700000000001,1.0064477729611505,0,0,18763.287,19775.834,-1012.5469999999987,0.4868633874654277,0.49762208104064526,-0.6586359927660914,-356.0979999999963,-577.1037999999996,1038207,1,0,0,0
2026-04-07 16:00:00+00:00,68168.11,69098.44,68085.01,69011.29,3817.42066,7.393e-05,0.00010780999999999977,0.00031929000000000007,2.0164484510278395,0,0,14919.487,13447.306000000002,1472.1809999999969,0.5259490207440791,0.5006683735529119,0.5432370550819399,853.2479999999996,244.2242000000002,782209,1,0,1,0
2026-04-07 20:00:00+00:00,69011.29,72761.0,69011.29,71924.22,9372.24485,7.393e-05,0.00010780999999999977,0.00031929000000000007,2.0164484510278395,0,0,56033.98,42852.374,13181.606,0.5666502781566808,0.5094654600956583,1.6471742363253905,13641.239999999998,2859.5378,1906817,1,0,1,0
2026-04-08 00:00:00+00:00,71924.22,72110.65,71240.99,71287.39,3370.06511,6.02e-05,0.00017115999999999976,0.00035542000000000006,1.4810129297531984,0,0,13335.207,13422.49,-87.28299999999945,0.4983690113540041,0.5046970712889801,-0.43186321563506574,14566.503999999997,2789.5142,622599,1,0,0,0
2026-04-08 04:00:00+00:00,71287.39,71941.42,71287.38,71627.59,3297.9557,6.02e-05,0.00017115999999999976,0.00035542000000000006,1.4810129297531984,0,0,8688.478,8321.383000000002,367.0949999999975,0.5107906525514817,0.5054413070147465,0.0014907091450850967,13461.417999999998,2784.210399999999,392654,1,0,0,0
2026-04-08 08:00:00+00:00,71627.59,71955.0,71407.77,71675.12,2214.64952,1.563e-05,0.00014975999999999979,0.00033293000000000005,0.059415899614141295,0,0,7334.764,7126.326,208.4380000000001,0.5072068564679426,0.5065639403227796,-0.13433084606167958,488.2499999999982,3028.407399999999,372727,1,0,0,0
2026-04-08 12:00:00+00:00,71675.12,72857.0,70707.23,71310.0,6816.03917,1.563e-05,0.00014975999999999979,0.00033293000000000005,0.059415899614141295,0,0,40955.672,38264.706,2690.9660000000003,0.5169840517549664,0.5131888293223837,0.155818842240783,3266.498999999998,3272.1643999999997,1506883,0,1,0,0
2026-04-08 16:00:00+00:00,71309.99,71963.94,71019.0,71318.48,2617.29334,1.563e-05,0.00014975999999999979,0.00033293000000000005,0.059415899614141295,0,0,15965.553,16199.112000000001,-233.5590000000011,0.49636932329312305,0.5125905811279517,-0.49819993138604507,2665.8449999999993,589.1313999999995,799086,0,1,0,0
2026-04-08 20:00:00+00:00,71318.47,71748.0,70901.89,71069.93,1486.68343,4.048e-05,0.00011630999999999976,0.0003545200000000001,0.8232715761825442,0,0,7151.653,6613.147999999999,538.505000000001,0.5195609438886912,0.5134826522746524,0.3708639754498482,2995.9120000000003,714.2889999999995,389806,0,1,0,0
2026-04-09 00:00:00+00:00,71069.93,71198.8,70466.0,70992.39,2645.29554,-1.47e-06,5.463999999999976e-05,0.0002823200000000001,-0.48565879995871414,0,0,10023.703,11170.15,-1146.4470000000001,0.4729533133970496,0.5101696839073446,-1.3403551396101505,-841.5010000000002,411.58060000000006,568038,1,0,0,0
2026-04-09 04:00:00+00:00,70992.37,71116.0,70689.38,70982.01,2261.38499,-1.47e-06,5.463999999999976e-05,0.0002823200000000001,-0.48565879995871414,0,0,5961.888,6040.553999999999,-78.66599999999926,0.4967229168864136,0.5111556368494432,-0.42761449118986283,-686.6079999999984,354.1598000000002,298505,1,0,0,0
2026-04-09 08:00:00+00:00,70982.01,71575.0,70865.42,71150.17,1825.96774,-1.47e-06,5.463999999999976e-05,0.0002823200000000001,-0.48565879995871414,0,0,8860.514,8449.678,410.83599999999933,0.5118668816613935,0.5097474229411747,0.14188537967954543,-814.277,-101.86620000000002,430645,1,0,0,0
2026-04-09 12:00:00+00:00,71150.17,72358.0,70522.77,72141.99,4001.11726,5.239e-05,9.139999999999976e-05,0.0002792700000000001,1.1246673465409966,0,0,25674.279,23477.523000000005,2196.755999999994,0.5223466476366421,0.5053170598891709,0.5108422810538381,2528.925999999994,384.196799999999,1145078,1,0,0,0
2026-04-09 16:00:00+00:00,72142.0,72550.0,71729.66,72096.32,4013.80807,5.239e-05,9.139999999999976e-05,0.0002792700000000001,1.1246673465409966,0,0,20892.388,20984.806000000004,-92.41800000000512,0.4988965593062419,0.5053698146843946,-0.38873188947935305,2515.173999999988,258.01219999999773,1044701,1,0,0,0
2026-04-09 20:00:00+00:00,72096.33,73145.0,71585.25,71787.97,3410.84799,-1.986e-05,3.105999999999976e-05,0.0002551800000000001,-1.0390656164395764,0,0,19007.979,15262.995000000003,3744.9839999999967,0.5546378401734365,0.50975453344659,1.606402023260557,5849.321999999986,1236.2983999999972,753812,0,1,0,0
2026-04-10 00:00:00+00:00,71787.98,72387.0,71573.35,71868.67,2706.87605,4.11e-06,3.663999999999976e-05,0.00026244000000000007,-0.3222703870141553,0,0,11482.119,10233.836000000001,1248.2829999999994,0.5287411490767963,0.5119079627074754,0.6343912699917414,4900.848999999991,1501.6881999999969,575305,1,0,0,0
2026-04-10 04:00:00+00:00,71868.67,72267.89,71428.0,71481.85,2293.26674,4.11e-06,3.663999999999976e-05,0.00026244000000000007,-0.3222703870141553,0,0,7392.154,9093.426999999998,-1701.2729999999974,0.448401181614406,0.5050496756934194,-2.0873935426834618,3291.993999999999,1079.2663999999975,398737,1,0,0,0
2026-04-10 08:00:00+00:00,71481.85,72261.93,71426.15,72127.59,1565.72366,4.11e-06,3.663999999999976e-05,0.00026244000000000007,-0.3222703870141553,0,0,9884.948,9233.284,651.6640000000007,0.5170429985366848,0.5071170432177755,0.24534850675756936,198.6740000000027,770.2479999999989,434729,1,0,0,0
2026-04-10 12:00:00+00:00,72127.59,73289.96,71899.51,72460.51,5093.36163,2.458e-05,8.829999999999755e-06,0.00024999000000000006,0.25398201435582485,0,0,29665.177,28278.287999999997,1386.8890000000029,0.5119676049749528,0.5063577093264018,0.10753136540959521,337.2800000000061,1066.1094000000005,1165256,1,0,0,0
2026-04-10 16:00:00+00:00,72460.52,73264.76,72387.41,73236.11,2498.15366,-2.187e-05,6.819999999999755e-06,0.0001541900000000001,-1.18323208332001,0,0,12351.57,11006.435000000001,1345.1349999999984,0.5287938760180931,0.5119417655885061,0.6542286958219753,3383.688000000002,586.1396000000008,552872,1,0,0,0
2026-04-10 20:00:00+00:00,73236.11,73434.0,72700.6,72962.7,3215.25114,-2.187e-05,6.819999999999755e-06,0.0001541900000000001,-1.18323208332001,0,0,9406.243,8542.185,864.0580000000009,0.524070575985819,0.5146765314984466,0.6313850573652927,3596.082000000002,509.2946000000011,404007,0,1,0,0
2026-04-11 00:00:00+00:00,72962.71,73094.89,72670.0,72866.63,1637.40665,-7.225e-05,-6.954000000000023e-05,2.1740000000000087e-05,-2.493426870444549,0,0,5117.962,5006.036999999999,111.92500000000109,0.5055277069861426,0.5140426140309216,-0.1023819854348255,2321.1180000000004,871.9342000000008,238376,0,1,0,1
2026-04-11 04:00:00+00:00,72866.62,72954.28,72612.16,72745.38,1432.18692,-7.225e-05,-6.954000000000023e-05,2.1740000000000087e-05,-2.493426870444549,0,0,6403.952,5502.3910000000005,901.5609999999997,0.5378605336668026,0.5155940026339375,1.0846304139208007,1877.5440000000017,921.9136000000005,211773,0,1,0,1
2026-04-11 08:00:00+00:00,72745.38,72915.95,72617.75,72907.05,905.10314,-6.083e-05,-0.00015495000000000022,-5.471999999999991e-05,-1.9733833767054338,0,0,4264.742,3849.2389999999996,415.5030000000006,0.5256041393244574,0.5182647606357591,0.6505111525522227,1428.9890000000014,727.6364000000001,184872,1,0,0,0
2026-04-11 12:00:00+00:00,72907.05,72982.4,72513.09,72858.17,1133.77392,-6.083e-05,-0.00015495000000000022,-5.471999999999991e-05,-1.9733833767054338,0,0,5778.143,6639.201999999999,-861.0589999999993,0.4653283773624716,0.5093338143546626,-1.6415701216105585,456.005000000001,286.3976000000006,272945,1,0,0,0
2026-04-11 16:00:00+00:00,72858.18,73790.0,72812.94,73687.15,2377.30473,-6.083e-05,-0.00015495000000000022,-5.471999999999991e-05,-1.9733833767054338,0,0,13533.326,10101.463000000002,3431.8629999999976,0.5726019386083793,0.513719893307821,2.1705105906445246,2986.306999999999,799.9585999999999,505694,1,0,0,0
2026-04-11 20:00:00+00:00,73687.16,73689.97,72907.4,73043.16,1585.16838,-6.755e-05,-0.00020063000000000023,-0.00016274999999999992,-1.9429433801982054,0,0,6742.134,7231.079,-488.9449999999997,0.48250420286300655,0.5171301954326809,-1.095399054776328,2081.8589999999986,679.7845999999997,343666,1,0,0,0
2026-04-12 00:00:00+00:00,73043.16,73137.24,71310.0,71593.19,4092.12587,-8.108e-05,-0.00020946000000000023,-0.0002423599999999999,-2.028666583239097,0,0,21381.843,21787.339,-405.4959999999992,0.4953034088067733,0.5149562364596898,-0.605227771179652,2537.4219999999987,418.3732,855332,1,0,0,1
2026-04-12 04:00:00+00:00,71593.18,71781.0,71417.22,71665.0,1969.72049,-8.108e-05,-0.00020946000000000023,-0.0002423599999999999,-2.028666583239097,0,0,5966.68,6056.909,-90.22899999999936,0.49624783415334645,0.5133842593775292,-0.5492212429295701,-984.6699999999983,317.2268,267095,0,1,0,1
2026-04-12 08:00:00+00:00,71664.99,71805.85,71357.76,71468.55,1780.81611,-3.69e-05,-0.00018553000000000024,-0.0003316499999999999,-0.9603968292216439,0,0,4019.301,4800.792000000001,-781.4910000000013,0.4556982562428763,0.5060746974000075,-1.8629833068013997,-1277.216,333.1403999999996,201997,1,0,0,0
2026-04-12 12:00:00+00:00,71468.54,71500.0,70604.07,70892.03,2361.32179,-3.69e-05,-0.00018553000000000024,-0.0003316499999999999,-0.9603968292216439,0,0,15353.639,19587.823,-4234.184000000001,0.4394103200375531,0.49760867180518087,-2.185537035528065,-5105.904000000002,-1200.0690000000002,567520,1,0,0,0
2026-04-12 16:00:00+00:00,70892.04,71222.58,70821.05,71084.18,991.98626,-3.35e-06,-0.00012133000000000024,-0.00031513999999999994,-0.2697301700405525,0,0,6217.185,5300.6269999999995,916.5580000000009,0.5397887202881937,0.501034773135386,0.9949283991525337,-4099.117000000002,-918.9684000000001,252276,1,0,0,0
2026-04-12 20:00:00+00:00,71084.18,71452.0,70505.88,70740.98,2276.49749,-3.35e-06,-0.00012133000000000024,-0.00031513999999999994,-0.2697301700405525,0,0,12011.678,12339.172999999999,-327.494999999999,0.4932754916861017,0.49657626893731593,-0.421430264341357,-3645.1209999999996,-903.3682000000001,556149,1,0,0,0
2026-04-13 00:00:00+00:00,70741.56,71271.78,70615.3,70976.0,1886.6472,-3.35e-06,-0.00012133000000000024,-0.00031513999999999994,-0.2697301700405525,0,0,7543.331,7589.27,-45.939000000000306,0.4984821181765117,0.49386406682252143,-0.24677622356032736,543.1240000000012,-894.5102000000003,406292,0,1,0,0
2026-04-13 04:00:00+00:00,70975.99,71144.0,70672.72,70813.88,2674.10149,-2.34e-06,-4.2590000000000234e-05,-0.0003215899999999999,-0.2506246993174439,0,0,5790.01,5602.387000000001,187.6229999999996,0.5082345708282462,0.49815468616909886,0.08351964533445265,-185.81100000000015,-700.6874,304925,0,1,0,0
2026-04-13 08:00:00+00:00,70813.88,70997.12,70566.99,70929.68,1023.04479,-2.34e-06,-4.2590000000000234e-05,-0.0003215899999999999,-0.2506246993174439,0,0,5369.975,5903.6630000000005,-533.6880000000001,0.4763302671240641,0.4885275190206674,-0.9383358463154602,-392.00400000000127,39.41180000000013,300155,0,1,0,0
2026-04-13 12:00:00+00:00,70929.68,72464.28,70758.5,71866.59,5445.44909,-1.83e-06,-7.52000000000023e-06,-0.00034799999999999995,-0.24192359460752372,0,0,28922.679,28527.586,395.09300000000076,0.5034385655140146,0.4906209552857681,-0.027461201171956447,49.02799999999979,-64.8811999999999,1164440,1,0,0,0
2026-04-13 16:00:00+00:00,71866.59,73480.0,71679.8,73322.82,6766.75131,-5.409e-05,-5.826000000000023e-05,-0.0003802199999999999,-1.4038245670989251,0,0,31641.277,24673.093000000004,6968.183999999994,0.561868613641598,0.49727747576925063,1.7375359758005484,6829.5889999999945,1394.2545999999988,1025896,1,0,0,0
2026-04-13 20:00:00+00:00,73322.0,74900.0,73007.08,74417.99,6434.22237,-5.409e-05,-5.826000000000023e-05,-0.0003802199999999999,-1.4038245670989251,0,0,32806.053,28660.195,4145.858,0.5337246711398425,0.5010251594679002,0.832396739932228,11509.134999999995,2232.6139999999987,1155394,1,0,0,0
2026-04-14 00:00:00+00:00,74418.0,74579.32,73954.86,74444.43,3586.04231,-5.409e-05,-5.826000000000023e-05,-0.0003802199999999999,-1.4038245670989251,0,0,9958.136,9692.946999999998,265.1890000000021,0.5067474398230368,0.5061300778259162,-0.04124348048113856,11379.230999999996,2248.1271999999994,511630,1,0,0,0
2026-04-14 04:00:00+00:00,74444.44,74924.64,74150.6,74546.0,3393.84035,-5.854e-05,-0.00011446000000000023,-0.0003665099999999999,-1.3953871882200108,0,0,8661.335,7553.290000000001,1108.0449999999983,0.5341680735755528,0.5156058531797163,0.7813670789632934,5519.092000000001,2576.473799999999,380446,1,0,0,0
2026-04-14 08:00:00+00:00,74545.99,74910.0,74307.35,74376.52,2697.70497,-5.854e-05,-0.00011446000000000023,-0.0003665099999999999,-1.3953871882200108,0,0,8641.431,7583.981,1057.4500000000007,0.5325862295515208,0.5148856041060489,0.7037551684836283,2430.684000000001,2708.945199999999,429582,0,1,0,0
2026-04-14 12:00:00+00:00,74376.52,76038.0,74277.19,75317.07,9779.47075,2.732e-05,-8.531000000000023e-05,-0.0002783599999999999,0.5637198998311798,0,0,40707.201,34390.842000000004,6316.358999999997,0.5420540852176401,0.5197634634592028,0.9643324855937726,8481.853999999996,2578.5801999999994,1490914,1,0,0,0
2026-04-14 16:00:00+00:00,75317.06,75688.0,73795.47,74223.18,4920.10933,2.732e-05,-8.531000000000023e-05,-0.0002783599999999999,0.5637198998311798,0,0,20156.949,21790.074999999997,-1633.1259999999966,0.4805334700263838,0.51796859864419,-0.8947296577735419,5740.683000000001,1422.7834000000003,955697,1,0,0,0
2026-04-14 20:00:00+00:00,74223.3,74434.33,73806.09,74131.55,2155.77685,-5.234e-05,-8.356000000000024e-05,-0.0002631499999999999,-1.1740248781755123,0,0,7517.547,6607.756,909.7909999999993,0.5322043003254514,0.5203655715939105,0.7125012186988561,5593.023999999999,1551.7037999999998,449736,0,1,0,0
2026-04-15 00:00:00+00:00,74131.55,74786.72,74126.32,74345.97,2142.74367,-9.313e-05,-0.00011815000000000024,-0.0002751999999999999,-1.8761381184010055,0,0,8638.22,7565.584000000001,1072.6359999999986,0.5330982774168337,0.5260423726231874,0.7334844457361696,349.3010000000013,1544.6219999999998,469953,1,0,0,0
2026-04-15 04:00:00+00:00,74345.98,74434.51,73514.0,73730.43,3073.4123,-9.313e-05,-0.00011815000000000024,-0.0002751999999999999,-1.8761381184010055,0,0,9034.093,10266.889,-1232.7959999999985,0.4680639047277491,0.5225049065445609,-1.3482705484971818,749.6309999999994,1086.5728,437800,1,0,0,0
2026-04-15 08:00:00+00:00,73730.43,74256.44,73675.96,74201.78,1889.67298,-5.085e-05,-0.00019632000000000026,-0.00028914999999999995,-0.9265536814004502,0,0,9199.927,8259.436000000002,940.4909999999982,0.5269337145919928,0.5190114166396004,0.5278355116458554,780.3309999999983,11.399200000000201,404528,1,0,0,0
2026-04-15 12:00:00+00:00,74201.78,74506.84,73580.85,73844.08,2744.86135,-5.085e-05,-0.00019632000000000026,-0.00028914999999999995,-0.9265536814004502,0,0,15465.448,16826.081,-1360.632999999998,0.4789320443760963,0.5135321539632258,-0.9549379146642457,-1652.9379999999983,65.89779999999992,834150,1,0,0,0
2026-04-15 16:00:00+00:00,73844.07,75281.0,73762.89,75002.6,2728.37363,-7.151e-05,-0.00021549000000000026,-0.0003573099999999999,-1.264539014390821,0,0,13516.057,11058.505999999998,2457.551000000003,0.550001926789095,0.5178576026598316,1.230503461800672,2037.4090000000033,375.44980000000066,733559,1,0,0,0
2026-04-15 20:00:00+00:00,75002.6,75425.0,74512.06,74809.99,1845.97774,-7.151e-05,-0.00021549000000000026,-0.0003573099999999999,-1.264539014390821,0,0,10839.901,10359.628999999999,480.27200000000084,0.5113274209381057,0.5155735373960868,0.05346335909986821,1577.190000000006,256.9770000000011,556956,0,1,0,0
2026-04-16 00:00:00+00:00,74809.99,75267.85,74451.49,74888.21,1937.97594,-7.151e-05,-0.00021549000000000026,-0.0003573099999999999,-1.264539014390821,0,0,7845.128,7806.122,39.0059999999994,0.5012460985544286,0.5124395242963777,-0.25320891187940053,2976.8290000000034,511.3374000000007,524075,1,0,0,0
2026-04-16 04:00:00+00:00,74888.21,75174.38,74636.0,74707.03,2185.42777,-3.418e-05,-0.00015654000000000026,-0.0003891499999999999,-0.4517545903265224,0,0,8827.353,8217.921000000002,609.4319999999971,0.5178768613517154,0.5100218019097852,0.28394880720467996,1128.7099999999973,445.1256000000005,379810,0,1,0,0
2026-04-16 08:00:00+00:00,74707.02,74901.5,74277.34,74574.79,2687.27336,-2.841e-05,-0.00013410000000000025,-0.0004157299999999999,-0.2790807234892386,0,0,9596.827,10980.842999999999,-1384.0159999999996,0.46637092537687697,0.5086055474448345,-1.2346109381049517,-735.5780000000032,440.4490000000002,480847,1,0,0,0
2026-04-16 12:00:00+00:00,74574.8,75030.39,73309.85,74697.19,5210.02393,-2.841e-05,-0.00013410000000000025,-0.0004157299999999999,-0.2790807234892386,0,0,28529.695,28186.114999999998,343.58000000000175,0.5030289614130522,0.5056880135535946,-0.15840489334037855,-431.0040000000008,17.654799999999888,1252908,1,0,0,0
2026-04-16 16:00:00+00:00,74697.2,75410.71,73912.23,75342.99,3497.56,-2.225e-05,-8.484000000000025e-05,-0.0003838899999999999,-0.12294480916373368,0,0,17135.922,15776.442000000003,1359.479999999996,0.5206530287523558,0.5044434886871467,0.4849762362485366,319.04399999999805,193.4963999999989,948807,1,0,0,0
2026-04-16 20:00:00+00:00,75343.0,75534.76,74789.5,75154.29,1570.42677,-2.225e-05,-8.484000000000025e-05,-0.0003838899999999999,-0.12294480916373368,0,0,7962.677,7532.68,429.9969999999994,0.5138750272097635,0.5090246009353482,0.2223290609888281,2133.056999999997,271.6945999999989,494637,0,1,0,0
2026-04-17 00:00:00+00:00,75154.28,75154.77,74529.4,74615.82,2160.86835,-2.225e-05,-8.484000000000025e-05,-0.0003838899999999999,-0.12294480916373368,0,0,6034.651,7072.799000000001,-1038.148000000001,0.46039855196853696,0.5023710846730027,-1.5088785820997337,751.3289999999943,-57.82140000000072,354825,1,0,0,0
2026-04-17 04:00:00+00:00,74615.82,75089.51,74555.12,75074.77,1339.49148,3.297e-05,-1.7690000000000246e-05,-0.0002923799999999999,1.0614408091360858,0,0,6327.91,5363.955,963.9549999999999,0.5412233206592789,0.5086002123013209,1.0820727048094814,355.80399999999827,411.77279999999917,295962,1,0,0,0
2026-04-17 08:00:00+00:00,75074.76,76370.25,74993.24,75589.7,4979.26567,3.297e-05,-1.7690000000000246e-05,-0.0002923799999999999,1.0614408091360858,0,0,28457.107,25017.145999999997,3439.961000000003,0.5321646475360768,0.506816484376019,0.7384393768060443,3365.768000000002,1031.0489999999995,1035768,1,0,0,0
2026-04-17 12:00:00+00:00,75589.7,78052.49,75531.97,77785.02,11844.17586,2.781e-05,3.8529999999999755e-05,-0.0002918899999999999,0.9623197046660471,0,0,55775.446,52059.18499999999,3716.261000000013,0.5172312965025123,0.5074068719324598,0.1650402260995461,8120.177000000016,1502.4052000000029,2360161,1,0,0,0
2026-04-17 16:00:00+00:00,77785.03,78333.0,77000.0,77393.58,3865.48754,2.781e-05,3.8529999999999755e-05,-0.0002918899999999999,0.9623197046660471,0,0,20986.051,19566.307,1419.7439999999988,0.517505073317808,0.5090327694087977,0.20714169103812563,8575.966000000015,1700.3546000000028,1107495,0,1,0,0
2026-04-17 20:00:00+00:00,77393.58,77611.68,76911.0,77072.0,1752.07804,-0.00010789,-4.7110000000000245e-05,-0.0003474399999999999,-1.9067394678629552,0,0,6622.654,6112.704,509.9500000000007,0.5200210312109012,0.5092471863947162,0.2718221684296231,5645.955000000013,2009.974200000003,389098,0,1,0,0
2026-04-18 00:00:00+00:00,77072.01,77420.08,76962.67,77005.47,1127.42699,-0.00010789,-4.7110000000000245e-05,-0.0003474399999999999,-1.9067394678629552,0,0,4968.826,4918.208,50.61800000000039,0.5025598172313355,0.5128660755801622,-0.4116038434662615,1980.312,1827.3068000000032,314928,0,1,0,0
2026-04-18 04:00:00+00:00,77005.47,77278.58,76884.1,76997.8,1126.90915,-8.098e-05,-0.00016106000000000025,-0.0003352899999999999,-1.2478002207839753,0,0,5388.62,5306.389,82.23099999999977,0.5038443632913259,0.5129476157679895,-0.35540151953979743,642.7990000000009,1155.7608000000025,255545,0,1,0,0
2026-04-18 08:00:00+00:00,76997.79,77048.0,75763.76,76039.05,2670.18059,-8.098e-05,-0.00016106000000000025,-0.0003352899999999999,-1.2478002207839753,0,0,16253.234,21437.787999999997,-5184.553999999996,0.4312229580826968,0.5040046087010237,-2.76051728564992,-5051.704999999996,-624.4021999999993,725060,1,0,0,0
2026-04-18 12:00:00+00:00,76039.06,76363.75,75797.53,76167.34,1672.54902,-7.082e-05,-0.00025969000000000025,-0.00035525999999999993,-0.9491834409058133,0,0,9450.419,7981.905000000001,1468.5139999999992,0.5421204309878591,0.5068291490788331,0.9922537061669303,-3633.8089999999975,-614.6481999999993,465259,1,0,0,0
2026-04-18 16:00:00+00:00,76167.33,76211.57,75445.16,75649.85,1564.20833,-4.586e-05,-0.00019766000000000025,-0.00032960999999999993,-0.3246041236833768,0,0,10171.015,12838.331000000002,-2667.3160000000025,0.44203842212638284,0.5049931360946177,-2.169193603031988,-6383.356,-1250.1014,472976,1,0,0,0
2026-04-18 20:00:00+00:00,75649.86,75891.64,75599.64,75691.76,980.57048,-4.586e-05,-0.00019766000000000025,-0.00032960999999999993,-0.3246041236833768,0,0,3934.167,3245.489,688.6779999999999,0.5479603758174486,0.5056668416104346,1.2371478808219187,-510.12400000000343,-1122.4894,214527,1,0,0,0
2026-04-19 00:00:00+00:00,75691.76,75847.42,75357.0,75515.77,1006.37687,-4.586e-05,-0.00019766000000000025,-0.00032960999999999993,-0.3246041236833768,0,0,5087.239,5775.274000000001,-688.0350000000017,0.4683298422749873,0.4992833610843258,-1.2331785955612204,-2666.6730000000043,-1276.5426000000002,305212,1,0,0,0
2026-04-19 04:00:00+00:00,75515.76,75782.63,74867.72,75252.34,1626.173,-8.395e-05,-0.00020063000000000025,-0.00037937999999999996,-1.1578139777948655,0,0,8732.757,9398.284000000001,-665.5270000000019,0.4816467515571775,0.4957249065897923,-0.7656914926072369,-664.8840000000037,-372.7372000000014,429202,1,0,0,0
2026-04-19 08:00:00+00:00,75252.33,75641.99,74921.74,75604.11,1388.70023,-8.395e-05,-0.00020063000000000025,-0.00037937999999999996,-1.1578139777948655,0,0,7804.941,6559.527999999999,1245.4130000000005,0.5433504712217347,0.498309446380185,1.1318316907648018,-108.14900000000307,-417.3574000000011,399240,1,0,0,0
2026-04-19 12:00:00+00:00,75604.11,76240.66,75401.44,75846.63,2918.88485,-7.219e-05,-0.00020200000000000025,-0.0004231599999999999,-0.8376971206959619,0,0,15106.663,13862.948,1243.7150000000001,0.5214658560655164,0.4984539288656465,0.4875233900081875,1823.6009999999987,364.8487999999994,781600,1,0,0,0
2026-04-19 16:00:00+00:00,75846.63,75853.26,74608.0,74965.47,2037.3962,-7.219e-05,-0.00020200000000000025,-0.0004231599999999999,-0.8376971206959619,0,0,11909.462,13323.114000000001,-1413.6520000000019,0.47198756084198457,0.49539670322671137,-1.0450893277139701,1075.4759999999987,-55.617200000000956,769569,1,0,0,0
2026-04-19 20:00:00+00:00,74965.46,74965.47,73762.9,73801.79,2392.29117,-0.00012276,-0.0002789000000000002,-0.00052367,-1.9085565566862626,0,0,14417.227,17000.773999999998,-2583.546999999997,0.4588842873867119,0.49090069563624994,-1.3474660902834092,-2753.4839999999986,-434.7196,854801,1,0,0,0
2026-04-20 00:00:00+00:00,73801.8,74746.93,73724.31,74634.0,2498.4367,-4.615e-05,-0.00024110000000000022,-0.00060279,-0.043308815101846636,0,0,11577.456,9656.537999999999,1920.9180000000015,0.5452321405007462,0.5023016138780549,1.249787402677049,-2076.280999999997,82.56940000000068,547914,1,0,0,0
2026-04-20 04:00:00+00:00,74634.01,75572.0,74095.18,74837.17,2480.55303,-4.615e-05,-0.00024110000000000022,-0.00060279,-0.043308815101846636,0,0,12740.001,12704.886999999999,35.1140000000014,0.500690001072121,0.49815857088648113,-0.12191801230552678,-627.514999999994,-159.49039999999914,638733,1,0,0,0
2026-04-20 08:00:00+00:00,74837.18,75404.63,74619.41,75192.71,1646.53372,-4.778e-05,-0.00021669000000000023,-0.0006783799999999999,-0.025562340232251717,0,0,9203.763,8816.424999999997,387.3380000000034,0.510747335155438,0.5050294621893867,0.20417909679384477,2343.3700000000063,-330.7657999999985,587445,1,0,0,0
2026-04-20 12:00:00+00:00,75192.72,75772.72,74702.0,75716.77,3717.10765,-4.778e-05,-0.00021669000000000023,-0.0006783799999999999,-0.025562340232251717,0,0,21511.334,20998.685999999998,512.648000000001,0.5060297313433397,0.5008363977419757,0.031050469825573645,935.1000000000058,54.494200000002095,1343749,1,0,0,0
2026-04-20 16:00:00+00:00,75716.78,76486.67,75289.92,76296.96,4186.21296,-4.778e-05,-0.00021669000000000023,-0.0006783799999999999,-0.025562340232251717,0,0,21092.9,17599.936,3492.964,0.5451370894601781,0.5085171224604949,1.2650438211234092,4392.950000000004,1269.7964000000015,864075,1,0,0,0
2026-04-20 20:00:00+00:00,76296.97,76558.62,75617.6,75840.97,2464.56628,-2.745e-05,-0.00012138000000000021,-0.0005979399999999999,0.5034657746940647,0,0,10473.676,9774.065000000002,699.6109999999971,0.5172762729432384,0.5120800745991009,0.3827564559340429,4705.222999999998,1025.5350000000005,430589,0,1,0,0
2026-04-21 00:00:00+00:00,75840.97,76263.4,75474.77,75710.3,1612.43915,-7.937e-05,-0.0001546000000000002,-0.0005963299999999998,-0.8255501324265992,0,0,6909.399,6928.997,-19.597999999999956,0.499291897702595,0.5076742172471869,-0.17911523652938569,4172.976999999997,1014.5926000000003,463247,1,0,0,0
2026-04-21 04:00:00+00:00,75710.31,76300.0,75600.0,76084.34,2226.77918,-7.937e-05,-0.0001546000000000002,-0.0005963299999999998,-0.8255501324265992,0,0,7671.593,6600.927000000001,1070.6659999999993,0.5375079523447857,0.5092784268751138,0.983879353902535,1750.6789999999964,1151.2581999999995,426574,1,0,0,0
2026-04-21 08:00:00+00:00,76084.34,76927.57,76063.98,76452.94,2659.19547,-7.937e-05,-0.0001546000000000002,-0.0005963299999999998,-0.8255501324265992,0,0,14878.844,12942.267000000002,1936.5769999999975,0.5348040917560768,0.5155600799665231,0.8417406255329525,2987.644999999997,1436.0439999999987,733142,1,0,0,0
2026-04-21 12:00:00+00:00,76452.94,76595.3,75430.62,75834.65,3598.9457,-5.824e-05,-0.00016506000000000018,-0.0005837499999999999,-0.28557643329912247,0,0,22700.626,25576.534000000003,-2875.908000000003,0.4702146108014639,0.5166931123079983,-1.1222518952619247,131.33499999999367,162.26959999999818,1239476,1,0,0,0
2026-04-21 16:00:00+00:00,75834.66,76190.72,74821.57,75023.43,2902.15339,-5.824e-05,-0.00016506000000000018,-0.0005837499999999999,-0.28557643329912247,0,0,18777.12,19791.552,-1014.4320000000007,0.48684901569854416,0.5108547998277781,-0.5765351716318008,-1953.7630000000063,-180.5390000000014,1095758,1,0,0,0
2026-04-21 20:00:00+00:00,75023.43,76425.37,74967.58,76336.15,1913.05843,-4.242e-05,-0.0001800300000000002,-0.0005803099999999999,0.09976724656672123,0,0,11818.32,10164.808,1653.5119999999988,0.5376086606055335,0.5145466657811194,0.9361160089428167,-2236.828000000005,154.08299999999835,578647,1,0,0,0
2026-04-22 00:00:00+00:00,76336.14,77733.11,76132.95,77521.48,3427.92326,-4.242e-05,-0.0001800300000000002,-0.0005803099999999999,0.09976724656672123,0,0,20545.898,18515.826,2030.0720000000001,0.5259854378163135,0.5160704760472068,0.5364996018123864,2669.151999999998,345.9641999999985,878662,1,0,0,0
2026-04-22 04:00:00+00:00,77521.47,78452.18,77364.25,78012.79,4391.05885,-2.237e-05,-0.0001230300000000002,-0.0005187299999999999,0.5717322346462768,0,0,22210.76,19017.125000000004,3193.6349999999948,0.5387314920471908,0.519340652117592,0.9370641379863154,6877.218999999994,597.375799999998,804511,1,0,0,0
2026-04-22 08:00:00+00:00,78012.78,78280.0,77941.59,78224.2,2013.91905,3.56e-05,-2.9190000000000213e-05,-0.0004109399999999999,1.8869269119151793,0,0,8387.229,7294.459000000001,1092.7699999999986,0.534842231270001,0.5183111662985742,0.8114755522657027,6316.4769999999935,1391.1113999999984,464902,1,0,0,0
